<?xml version='1.0' encoding='UTF-8' ?>
<itpanim>
	<skeleton count>
		25
			0 -1
			1 -0 0 0 0 1 0 0 -0 -0 1 -0 0 0 0 1 
			1 0
			1 -0 0 0 0 1 0 0 -0 -0 1 -0 0 0 0 1 
			2 1
			1 -0 0 0 0 1 0 0 -0 -0 1 -0 0 0 0 1 
			3 2
			1 -0 0 0 0 1 0 0 -0 -0 1 -0 0 0 0 1 
			4 3
			1 -0 0 0 0 1 0 0 -0 -0 1 -0 0 0 0 1 
			5 4
			1 -0 0 0 0 1 0 0 -0 -0 1 -0 0 0 0 1 
			6 5
			1 -0 0 0 0 1 0 0 -0 -0 1 -0 0 0 0 1 
			7 6
			1 -0 0 0 0 1 0 0 -0 -0 1 -0 0 0 0 1 
			8 7
			1 -0 0 0 0 1 0 0 -0 -0 1 -0 0 0 0 1 
			9 4
			1 -0 0 0 0 1 0 0 -0 -0 1 -0 0 0 0 1 
			10 9
			1 -0 0 0 0 1 0 0 -0 -0 1 -0 0 0 0 1 
			11 10
			1 -0 0 0 0 1 0 0 -0 -0 1 -0 0 0 0 1 
			12 11
			-0.994845 -0.0912216 0.0442967 3.13235 0.0434925 0.0107861 0.998995 -5.84401e-06 -0.0916078 0.995772 -0.00676301 9.03034 0 0 0 1 
			13 4
			1 -0 0 0 0 1 0 0 -0 -0 1 -0 0 0 0 1 
			14 13
			1 -0 0 0 0 1 0 0 -0 -0 1 -0 0 0 0 1 
			15 2
			1 -0 0 0 0 1 0 0 -0 -0 1 -0 0 0 0 1 
			16 15
			1 -0 0 0 0 1 0 0 -0 -0 1 -0 0 0 0 1 
			17 16
			1 -0 0 0 0 1 0 0 -0 -0 1 -0 0 0 0 1 
			18 17
			1 -0 0 0 0 1 0 0 -0 -0 1 -0 0 0 0 1 
			19 18
			1 -0 0 0 0 1 0 0 -0 -0 1 -0 0 0 0 1 
			20 2
			1 -0 0 0 0 1 0 0 -0 -0 1 -0 0 0 0 1 
			21 20
			1 -0 0 0 0 1 0 0 -0 -0 1 -0 0 0 0 1 
			22 21
			1 -0 0 0 0 1 0 0 -0 -0 1 -0 0 0 0 1 
			23 22
			1 -0 0 0 0 1 0 0 -0 -0 1 -0 0 0 0 1 
			24 23
			1 -0 0 0 0 1 0 0 -0 -0 1 -0 0 0 0 1 
	</skeleton>
		<animations>
			49
			0
		</Joint>
			1
		</Joint>
			2
		</Joint>
			3
		</Joint>
			4
		</Joint>
			5
		</Joint>
			6
		</Joint>
			7
		</Joint>
			8
		</Joint>
			9
		</Joint>
			10
		</Joint>
			11
		</Joint>
			12
				-1
				-0.535497 0.820984 0.198063 30.0273 -0.697574 -0.562175 0.444241 -11.0386 0.476061 0.0997256 0.87374 21.8011 0 0 0 1 
				0
				-0.56772 0.818278 0.0900887 27.9665 -0.773286 -0.567615 0.282564 -20.0547 0.282351 0.0907529 0.955009 22.1987 0 0 0 1 
				1
				-0.55429 0.825333 -0.107643 25.396 -0.830121 -0.538778 0.143586 -28.7463 0.0605112 0.168945 0.983766 23.2322 0 0 0 1 
				2
				-0.555848 0.814803 -0.164708 24.7315 -0.820205 -0.569808 -0.0508297 -35.7064 -0.135268 0.106841 0.985032 24.6452 0 0 0 1 
				3
				-0.496435 0.820602 -0.283135 23.2455 -0.788358 -0.562725 -0.24866 -39.1457 -0.363379 0.0997684 0.926284 23.1187 0 0 0 1 
				4
				-0.408257 0.825742 -0.3892 21.6816 -0.675752 -0.560017 -0.479313 -38.7758 -0.613747 0.0673197 0.786628 17.4106 0 0 0 1 
				5
				-0.266167 0.830316 -0.489623 20.6065 -0.452337 -0.556136 -0.697212 -34.726 -0.851203 0.0359002 0.523608 8.42687 0 0 0 1 
				6
				-0.0857968 0.839489 -0.536561 20.7447 -0.1409 -0.543358 -0.827593 -26.8418 -0.986299 0.00459682 0.164903 -1.86415 0 0 0 1 
				7
				0.0917331 0.856675 -0.507635 22.266 0.188885 -0.515499 -0.835813 -16.0015 -0.977705 -0.0192131 -0.209102 -11.129 0 0 0 1 
				8
				0.22405 0.881413 -0.415828 24.7156 0.463293 -0.471708 -0.750234 -4.22272 -0.857415 -0.0245603 -0.514039 -17.7591 0 0 0 1 
				9
				0.290834 0.909445 -0.297196 27.315 0.642892 -0.415806 -0.64327 5.87915 -0.708594 -0.00398009 -0.705605 -21.5786 0 0 0 1 
				10
				0.299691 0.934855 -0.190343 29.3734 0.723331 -0.352744 -0.593603 11.7129 -0.622076 0.0402164 -0.781924 -23.6992 0 0 0 1 
				11
				0.274018 0.953771 -0.12343 30.5153 0.699296 -0.285705 -0.655254 10.8369 -0.660227 0.0932372 -0.745257 -25.5132 0 0 0 1 
				12
				0.154482 0.982695 -0.102211 29.6155 0.243802 -0.138169 -0.959932 -12.5963 -0.957443 0.123373 -0.260927 -25.5519 0 0 0 1 
				13
				0.022296 0.999312 0.0296335 28.9448 -0.764223 0.0361461 -0.643939 -56.3197 -0.644567 -0.00828932 0.764503 -1.97818 0 0 0 1 
				14
				0.118775 0.972196 0.201809 33.152 -0.86459 0.00132469 0.502477 -75.7255 0.488239 -0.234164 0.840708 42.6908 0 0 0 1 
				15
				0.298999 0.930809 0.210224 38.6822 -0.199457 -0.154475 0.967654 -69.6994 0.933176 -0.331258 0.139468 67.3011 0 0 0 1 
				16
				0.374574 0.908622 0.184662 41.1687 0.148894 -0.255523 0.955269 -64.4018 0.915164 -0.330324 -0.231001 73.4068 0 0 0 1 
				17
				0.379332 0.902379 0.2045 41.5795 0.256672 -0.31497 0.913736 -62.1351 0.888947 -0.294119 -0.351094 74.7874 0 0 0 1 
				18
				0.34577 0.903595 0.252901 40.9345 0.250842 -0.348731 0.903031 -61.3189 0.904169 -0.248802 -0.347241 74.6039 0 0 0 1 
				19
				0.307169 0.903801 0.297979 40.2651 0.241752 -0.376952 0.894127 -60.3309 0.920437 -0.202611 -0.334283 73.9231 0 0 0 1 
				20
				0.264418 0.903 0.338636 39.567 0.235022 -0.400882 0.885472 -59.2612 0.935333 -0.154548 -0.318225 73.0726 0 0 0 1 
				21
				0.196158 0.903728 0.380523 38.3035 0.180661 -0.414727 0.891831 -58.5857 0.963786 -0.106194 -0.244621 71.614 0 0 0 1 
				22
				0.113202 0.903659 0.41302 36.8265 0.0958578 -0.423686 0.900723 -57.5798 0.988937 -0.0623728 -0.134585 69.0604 0 0 0 1 
				23
				0.0301048 0.90107 0.432626 35.5415 -0.000499596 -0.432809 0.901486 -55.5049 0.999547 -0.0273552 -0.0125794 65.0221 0 0 0 1 
				24
				-0.0490679 0.896146 0.441038 34.5096 -0.0995564 -0.44376 0.890599 -52.2791 0.993821 -0.000208342 0.110991 59.8682 0 0 0 1 
				25
				-0.129306 0.889768 0.437713 33.5326 -0.203186 -0.455828 0.866566 -48.2784 0.970564 0.0231146 0.23973 54.237 0 0 0 1 
				26
				-0.208538 0.881774 0.423068 32.6433 -0.30705 -0.469736 0.827689 -43.4985 0.928564 0.0427017 0.368707 48.3317 0 0 0 1 
				27
				-0.284685 0.871964 0.398288 31.8806 -0.407113 -0.486123 0.773268 -37.9954 0.867878 0.0579894 0.49338 42.3705 0 0 0 1 
				28
				-0.357259 0.860872 0.362307 31.2143 -0.500389 -0.503953 0.704019 -31.8837 0.788655 0.070223 0.610812 36.5613 0 0 0 1 
				29
				-0.424102 0.848816 0.315671 30.6691 -0.580038 -0.522288 0.625116 -25.185 0.69548 0.0820119 0.71385 31.0923 0 0 0 1 
				30
				-0.483746 0.835365 0.261067 30.2819 -0.646478 -0.542128 0.536808 -18.1798 0.589962 0.0909045 0.802297 26.1331 0 0 0 1 
				31
				-0.535497 0.820984 0.198063 30.0273 -0.697574 -0.562175 0.444241 -11.0386 0.476061 0.0997256 0.87374 21.8011 0 0 0 1 
				32
				-0.535497 0.820984 0.198063 30.0273 -0.697574 -0.562175 0.444241 -11.0386 0.476061 0.0997256 0.87374 21.8011 0 0 0 1 
				33
				-0.535497 0.820984 0.198063 30.0273 -0.697574 -0.562175 0.444241 -11.0386 0.476061 0.0997256 0.87374 21.8011 0 0 0 1 
				34
				-0.535497 0.820984 0.198063 30.0273 -0.697574 -0.562175 0.444241 -11.0386 0.476061 0.0997256 0.87374 21.8011 0 0 0 1 
				35
				-0.535497 0.820984 0.198063 30.0273 -0.697574 -0.562175 0.444241 -11.0386 0.476061 0.0997256 0.87374 21.8011 0 0 0 1 
				36
				-0.535497 0.820984 0.198063 30.0273 -0.697574 -0.562175 0.444241 -11.0386 0.476061 0.0997256 0.87374 21.8011 0 0 0 1 
				37
				-0.535497 0.820984 0.198063 30.0273 -0.697574 -0.562175 0.444241 -11.0386 0.476061 0.0997256 0.87374 21.8011 0 0 0 1 
				38
				-0.535497 0.820984 0.198063 30.0273 -0.697574 -0.562175 0.444241 -11.0386 0.476061 0.0997256 0.87374 21.8011 0 0 0 1 
				39
				-0.535497 0.820984 0.198063 30.0273 -0.697574 -0.562175 0.444241 -11.0386 0.476061 0.0997256 0.87374 21.8011 0 0 0 1 
				40
				-0.535497 0.820984 0.198063 30.0273 -0.697574 -0.562175 0.444241 -11.0386 0.476061 0.0997256 0.87374 21.8011 0 0 0 1 
				41
				-0.535497 0.820984 0.198063 30.0273 -0.697574 -0.562175 0.444241 -11.0386 0.476061 0.0997256 0.87374 21.8011 0 0 0 1 
				42
				-0.535497 0.820984 0.198063 30.0273 -0.697574 -0.562175 0.444241 -11.0386 0.476061 0.0997256 0.87374 21.8011 0 0 0 1 
				43
				-0.535497 0.820984 0.198063 30.0273 -0.697574 -0.562175 0.444241 -11.0386 0.476061 0.0997256 0.87374 21.8011 0 0 0 1 
				44
				-0.535497 0.820984 0.198063 30.0273 -0.697574 -0.562175 0.444241 -11.0386 0.476061 0.0997256 0.87374 21.8011 0 0 0 1 
				45
				-0.535497 0.820984 0.198063 30.0273 -0.697574 -0.562175 0.444241 -11.0386 0.476061 0.0997256 0.87374 21.8011 0 0 0 1 
				46
				-0.535497 0.820984 0.198063 30.0273 -0.697574 -0.562175 0.444241 -11.0386 0.476061 0.0997256 0.87374 21.8011 0 0 0 1 
				47
				-0.535497 0.820984 0.198063 30.0273 -0.697574 -0.562175 0.444241 -11.0386 0.476061 0.0997256 0.87374 21.8011 0 0 0 1 
		</Joint>
			13
		</Joint>
			14
		</Joint>
			15
		</Joint>
			16
		</Joint>
			17
		</Joint>
			18
		</Joint>
			19
		</Joint>
			20
		</Joint>
			21
		</Joint>
			22
		</Joint>
			23
		</Joint>
			24
		</Joint>
		</animation>
</animations>
</itpanim>