<?xml version='1.0' encoding='UTF-8' ?>
<itpanim>
	<skeleton count>
		25
			0 -1
			1 -0 0 0 0 1 0 0 -0 -0 1 -0 0 0 0 1 
			1 0
			1 -0 0 0 0 1 0 0 -0 -0 1 -0 0 0 0 1 
			2 1
			1 -0 0 0 0 1 0 0 -0 -0 1 -0 0 0 0 1 
			3 2
			1 -0 0 0 0 1 0 0 -0 -0 1 -0 0 0 0 1 
			4 3
			1 -0 0 0 0 1 0 0 -0 -0 1 -0 0 0 0 1 
			5 4
			1 -0 0 0 0 1 0 0 -0 -0 1 -0 0 0 0 1 
			6 5
			1 -0 0 0 0 1 0 0 -0 -0 1 -0 0 0 0 1 
			7 6
			1 -0 0 0 0 1 0 0 -0 -0 1 -0 0 0 0 1 
			8 7
			0.994845 -0.0912189 0.0442967 -36.0513 -0.0434925 0.0107859 0.998995 79.7539 -0.091605 -0.995772 0.00676301 4.15114 0 0 0 1 
			9 4
			1 -0 0 0 0 1 0 0 -0 -0 1 -0 0 0 0 1 
			10 9
			1 -0 0 0 0 1 0 0 -0 -0 1 -0 0 0 0 1 
			11 10
			1 -0 0 0 0 1 0 0 -0 -0 1 -0 0 0 0 1 
			12 11
			1 -0 0 0 0 1 0 0 -0 -0 1 -0 0 0 0 1 
			13 4
			1 -0 0 0 0 1 0 0 -0 -0 1 -0 0 0 0 1 
			14 13
			1 -0 0 0 0 1 0 0 -0 -0 1 -0 0 0 0 1 
			15 2
			1 -0 0 0 0 1 0 0 -0 -0 1 -0 0 0 0 1 
			16 15
			1 -0 0 0 0 1 0 0 -0 -0 1 -0 0 0 0 1 
			17 16
			1 -0 0 0 0 1 0 0 -0 -0 1 -0 0 0 0 1 
			18 17
			1 -0 0 0 0 1 0 0 -0 -0 1 -0 0 0 0 1 
			19 18
			1 -0 0 0 0 1 0 0 -0 -0 1 -0 0 0 0 1 
			20 2
			1 -0 0 0 0 1 0 0 -0 -0 1 -0 0 0 0 1 
			21 20
			1 -0 0 0 0 1 0 0 -0 -0 1 -0 0 0 0 1 
			22 21
			1 -0 0 0 0 1 0 0 -0 -0 1 -0 0 0 0 1 
			23 22
			1 -0 0 0 0 1 0 0 -0 -0 1 -0 0 0 0 1 
			24 23
			1 -0 0 0 0 1 0 0 -0 -0 1 -0 0 0 0 1 
	</skeleton>
		<animations>
			49
			0
		</Joint>
			1
		</Joint>
			2
		</Joint>
			3
		</Joint>
			4
		</Joint>
			5
		</Joint>
			6
		</Joint>
			7
		</Joint>
			8
				-1
				0.095691 -0.0182578 -0.995244 -6.34174 -0.575317 0.814907 -0.0702653 -30.5081 0.812314 0.579304 0.0674752 -44.869 0 0 0 1 
				0
				0.102559 -0.0379764 -0.994002 -6.23395 -0.587283 0.804214 -0.0913198 -30.7911 0.802857 0.593126 0.0601761 -44.408 0 0 0 1 
				1
				0.110985 -0.0592498 -0.992054 -6.11346 -0.599992 0.791783 -0.114412 -31.0958 0.79227 0.607923 0.0523264 -43.8983 0 0 0 1 
				2
				0.120993 -0.0815121 -0.989301 -5.98233 -0.613039 0.777719 -0.139054 -31.4143 0.780733 0.623305 0.0441281 -43.3496 0 0 0 1 
				3
				0.132529 -0.104206 -0.985686 -5.84278 -0.626041 0.762188 -0.164751 -31.7395 0.768446 0.638914 0.0357747 -42.7716 0 0 0 1 
				4
				0.145466 -0.126812 -0.981203 -5.69721 -0.638649 0.745411 -0.191019 -32.0647 0.755623 0.654431 0.0274434 -42.1741 0 0 0 1 
				5
				0.159592 -0.148847 -0.975897 -5.5482 -0.650561 0.72768 -0.217377 -32.3837 0.742497 0.669572 0.0192975 -41.5674 0 0 0 1 
				6
				0.174604 -0.169867 -0.969875 -5.39859 -0.661516 0.709356 -0.24333 -32.6909 0.729321 0.684075 0.0114867 -40.9625 0 0 0 1 
				7
				0.190127 -0.189487 -0.9633 -5.25142 -0.671323 0.690862 -0.268396 -32.9811 0.716364 0.697714 0.00414435 -40.3705 0 0 0 1 
				8
				0.205727 -0.207397 -0.95638 -5.10971 -0.679861 0.672651 -0.292113 -33.2498 0.703893 0.710301 -0.0026189 -39.803 0 0 0 1 
				9
				0.220926 -0.223357 -0.94937 -4.97659 -0.687077 0.655213 -0.314039 -33.4933 0.692183 0.72167 -0.00870999 -39.2715 0 0 0 1 
				10
				0.235203 -0.237174 -0.942565 -4.8553 -0.692976 0.639069 -0.333729 -33.7078 0.681516 0.731668 -0.014045 -38.7882 0 0 0 1 
				11
				0.248022 -0.24871 -0.936284 -4.74909 -0.697613 0.624748 -0.350753 -33.8903 0.672178 0.740158 -0.0185522 -38.3656 0 0 0 1 
				12
				0.258852 -0.257871 -0.930859 -4.66111 -0.701079 0.612762 -0.364705 -34.0377 0.664442 0.747011 -0.0221729 -38.0157 0 0 0 1 
				13
				0.267178 -0.264572 -0.926616 -4.59447 -0.703481 0.603614 -0.375186 -34.1471 0.658582 0.752098 -0.0248494 -37.7508 0 0 0 1 
				14
				0.272501 -0.268709 -0.923872 -4.55228 -0.704901 0.597793 -0.381783 -34.2154 0.654873 0.755274 -0.0265142 -37.583 0 0 0 1 
				15
				0.274363 -0.27013 -0.922906 -4.53759 -0.705377 0.595762 -0.384072 -34.2391 0.653581 0.756371 -0.0270882 -37.5247 0 0 0 1 
				16
				0.272501 -0.268709 -0.923872 -4.55227 -0.704901 0.597793 -0.381783 -34.2154 0.654873 0.755274 -0.0265142 -37.5831 0 0 0 1 
				17
				0.267178 -0.264572 -0.926616 -4.59446 -0.703481 0.603613 -0.375187 -34.1471 0.658582 0.752098 -0.0248496 -37.7508 0 0 0 1 
				18
				0.258852 -0.257871 -0.930859 -4.66111 -0.701079 0.612763 -0.364706 -34.0377 0.664442 0.747011 -0.0221729 -38.0157 0 0 0 1 
				19
				0.248022 -0.24871 -0.936284 -4.74909 -0.697613 0.624748 -0.350753 -33.8903 0.672178 0.740158 -0.0185522 -38.3656 0 0 0 1 
				20
				0.235203 -0.237174 -0.942565 -4.8553 -0.692976 0.63907 -0.333729 -33.7078 0.681516 0.731668 -0.0140449 -38.7882 0 0 0 1 
				21
				0.220926 -0.223357 -0.94937 -4.97659 -0.687077 0.655213 -0.314039 -33.4933 0.692183 0.72167 -0.00870995 -39.2715 0 0 0 1 
				22
				0.205727 -0.207397 -0.95638 -5.10972 -0.679861 0.672651 -0.292113 -33.2498 0.703893 0.710301 -0.00261887 -39.803 0 0 0 1 
				23
				0.190127 -0.189487 -0.9633 -5.25142 -0.671323 0.690862 -0.268396 -32.9811 0.716364 0.697714 0.00414435 -40.3705 0 0 0 1 
				24
				0.174604 -0.169868 -0.969876 -5.3986 -0.661516 0.709357 -0.24333 -32.6909 0.729321 0.684075 0.0114866 -40.9625 0 0 0 1 
				25
				0.159592 -0.148847 -0.975897 -5.5482 -0.650561 0.72768 -0.217377 -32.3837 0.742497 0.669572 0.0192975 -41.5674 0 0 0 1 
				26
				0.145466 -0.126812 -0.981203 -5.69722 -0.638649 0.745412 -0.191019 -32.0647 0.755623 0.654431 0.0274436 -42.1741 0 0 0 1 
				27
				0.132529 -0.104205 -0.985686 -5.84279 -0.626041 0.762188 -0.164751 -31.7395 0.768446 0.638914 0.0357748 -42.7716 0 0 0 1 
				28
				0.120992 -0.0815121 -0.989301 -5.98233 -0.613039 0.777719 -0.139054 -31.4143 0.780733 0.623305 0.044128 -43.3496 0 0 0 1 
				29
				0.110985 -0.05925 -0.992054 -6.11346 -0.599992 0.791783 -0.114412 -31.0957 0.79227 0.607922 0.0523263 -43.8983 0 0 0 1 
				30
				0.102558 -0.0379761 -0.994002 -6.23395 -0.587283 0.804214 -0.0913195 -30.7911 0.802858 0.593126 0.0601761 -44.4079 0 0 0 1 
				31
				0.095691 -0.0182578 -0.995244 -6.34174 -0.575317 0.814907 -0.0702653 -30.5081 0.812314 0.579304 0.0674752 -44.869 0 0 0 1 
				32
				0.095691 -0.0182578 -0.995244 -6.34174 -0.575317 0.814907 -0.0702653 -30.5081 0.812314 0.579304 0.0674752 -44.869 0 0 0 1 
				33
				0.095691 -0.0182578 -0.995244 -6.34174 -0.575317 0.814907 -0.0702653 -30.5081 0.812314 0.579304 0.0674752 -44.869 0 0 0 1 
				34
				0.095691 -0.0182578 -0.995244 -6.34174 -0.575317 0.814907 -0.0702653 -30.5081 0.812314 0.579304 0.0674752 -44.869 0 0 0 1 
				35
				0.095691 -0.0182578 -0.995244 -6.34174 -0.575317 0.814907 -0.0702653 -30.5081 0.812314 0.579304 0.0674752 -44.869 0 0 0 1 
				36
				0.095691 -0.0182578 -0.995244 -6.34174 -0.575317 0.814907 -0.0702653 -30.5081 0.812314 0.579304 0.0674752 -44.869 0 0 0 1 
				37
				0.095691 -0.0182578 -0.995244 -6.34174 -0.575317 0.814907 -0.0702653 -30.5081 0.812314 0.579304 0.0674752 -44.869 0 0 0 1 
				38
				0.095691 -0.0182578 -0.995244 -6.34174 -0.575317 0.814907 -0.0702653 -30.5081 0.812314 0.579304 0.0674752 -44.869 0 0 0 1 
				39
				0.095691 -0.0182578 -0.995244 -6.34174 -0.575317 0.814907 -0.0702653 -30.5081 0.812314 0.579304 0.0674752 -44.869 0 0 0 1 
				40
				0.095691 -0.0182578 -0.995244 -6.34174 -0.575317 0.814907 -0.0702653 -30.5081 0.812314 0.579304 0.0674752 -44.869 0 0 0 1 
				41
				0.095691 -0.0182578 -0.995244 -6.34174 -0.575317 0.814907 -0.0702653 -30.5081 0.812314 0.579304 0.0674752 -44.869 0 0 0 1 
				42
				0.095691 -0.0182578 -0.995244 -6.34174 -0.575317 0.814907 -0.0702653 -30.5081 0.812314 0.579304 0.0674752 -44.869 0 0 0 1 
				43
				0.095691 -0.0182578 -0.995244 -6.34174 -0.575317 0.814907 -0.0702653 -30.5081 0.812314 0.579304 0.0674752 -44.869 0 0 0 1 
				44
				0.095691 -0.0182578 -0.995244 -6.34174 -0.575317 0.814907 -0.0702653 -30.5081 0.812314 0.579304 0.0674752 -44.869 0 0 0 1 
				45
				0.095691 -0.0182578 -0.995244 -6.34174 -0.575317 0.814907 -0.0702653 -30.5081 0.812314 0.579304 0.0674752 -44.869 0 0 0 1 
				46
				0.095691 -0.0182578 -0.995244 -6.34174 -0.575317 0.814907 -0.0702653 -30.5081 0.812314 0.579304 0.0674752 -44.869 0 0 0 1 
				47
				0.095691 -0.0182578 -0.995244 -6.34174 -0.575317 0.814907 -0.0702653 -30.5081 0.812314 0.579304 0.0674752 -44.869 0 0 0 1 
		</Joint>
			9
		</Joint>
			10
		</Joint>
			11
		</Joint>
			12
		</Joint>
			13
		</Joint>
			14
		</Joint>
			15
		</Joint>
			16
		</Joint>
			17
		</Joint>
			18
		</Joint>
			19
		</Joint>
			20
		</Joint>
			21
		</Joint>
			22
		</Joint>
			23
		</Joint>
			24
		</Joint>
		</animation>
</animations>
</itpanim>