<?xml version='1.0' encoding='UTF-8' ?>
<itpanim>
	<skeleton count>
		25
			0 -1
			1 -0 0 0 0 1 0 0 -0 -0 1 -0 0 0 0 1 
			1 0
			1 -0 0 0 0 1 0 0 -0 -0 1 -0 0 0 0 1 
			2 1
			1 -0 0 0 0 1 0 0 -0 -0 1 -0 0 0 0 1 
			3 2
			1 -0 0 0 0 1 0 0 -0 -0 1 -0 0 0 0 1 
			4 3
			1 -0 0 0 0 1 0 0 -0 -0 1 -0 0 0 0 1 
			5 4
			1 -0 0 0 0 1 0 0 -0 -0 1 -0 0 0 0 1 
			6 5
			1 -0 0 0 0 1 0 0 -0 -0 1 -0 0 0 0 1 
			7 6
			1 -0 0 0 0 1 0 0 -0 -0 1 -0 0 0 0 1 
			8 7
			0.994845 -0.0912188 0.0442968 -36.0513 -0.0434926 0.010786 0.998995 79.7539 -0.0916049 -0.995772 0.00676309 4.15114 0 0 0 1 
			9 4
			1 -0 0 0 0 1 0 0 -0 -0 1 -0 0 0 0 1 
			10 9
			1 -0 0 0 0 1 0 0 -0 -0 1 -0 0 0 0 1 
			11 10
			1 -0 0 0 0 1 0 0 -0 -0 1 -0 0 0 0 1 
			12 11
			1 -0 0 0 0 1 0 0 -0 -0 1 -0 0 0 0 1 
			13 4
			1 -0 0 0 0 1 0 0 -0 -0 1 -0 0 0 0 1 
			14 13
			1 -0 0 0 0 1 0 0 -0 -0 1 -0 0 0 0 1 
			15 2
			1 -0 0 0 0 1 0 0 -0 -0 1 -0 0 0 0 1 
			16 15
			1 -0 0 0 0 1 0 0 -0 -0 1 -0 0 0 0 1 
			17 16
			1 -0 0 0 0 1 0 0 -0 -0 1 -0 0 0 0 1 
			18 17
			1 -0 0 0 0 1 0 0 -0 -0 1 -0 0 0 0 1 
			19 18
			1 -0 0 0 0 1 0 0 -0 -0 1 -0 0 0 0 1 
			20 2
			1 -0 0 0 0 1 0 0 -0 -0 1 -0 0 0 0 1 
			21 20
			1 -0 0 0 0 1 0 0 -0 -0 1 -0 0 0 0 1 
			22 21
			1 -0 0 0 0 1 0 0 -0 -0 1 -0 0 0 0 1 
			23 22
			1 -0 0 0 0 1 0 0 -0 -0 1 -0 0 0 0 1 
			24 23
			1 -0 0 0 0 1 0 0 -0 -0 1 -0 0 0 0 1 
	</skeleton>
		<animations>
			25
			0
		</Joint>
			1
		</Joint>
			2
		</Joint>
			3
		</Joint>
			4
		</Joint>
			5
		</Joint>
			6
		</Joint>
			7
		</Joint>
			8
				-1
				-0.0189882 -0.99297 -0.116835 10.4878 -0.956361 -0.0160396 0.291749 -13.2352 -0.291572 0.117276 -0.949333 -65.1859 0 0 0 1 
				0
				-0.166275 -0.985636 -0.0295603 7.94317 -0.915448 0.143154 0.376112 -14.4072 -0.366478 0.089599 -0.926102 -66.455 0 0 0 1 
				1
				-0.321963 -0.941406 0.100474 4.83756 -0.817065 0.329903 0.47283 -15.1373 -0.478271 0.0701401 -0.875407 -68.4412 0 0 0 1 
				2
				-0.449459 -0.853936 0.26226 1.63031 -0.671382 0.516579 0.531406 -14.9749 -0.589265 0.0627687 -0.805498 -70.5979 0 0 0 1 
				3
				-0.525299 -0.733426 0.431448 -1.22744 -0.500354 0.676352 0.540549 -14.0859 -0.688263 0.0680735 -0.72226 -72.6943 0 0 0 1 
				4
				-0.559256 -0.60337 0.568487 -3.37826 -0.344808 0.792925 0.502372 -12.8747 -0.753884 0.0849354 -0.651495 -74.2393 0 0 0 1 
				5
				-0.576691 -0.49328 0.651231 -4.78106 -0.239364 0.864176 0.442611 -11.9148 -0.78111 0.0993684 -0.616436 -74.9396 0 0 0 1 
				6
				-0.607785 -0.4326 0.665924 -5.48511 -0.210853 0.896401 0.38988 -11.7332 -0.765597 0.0965513 -0.636034 -74.5404 0 0 0 1 
				7
				-0.662609 -0.449193 0.599312 -5.38016 -0.283577 0.891079 0.354349 -12.683 -0.693205 0.0648434 -0.717818 -72.7734 0 0 0 1 
				8
				-0.655952 -0.712174 0.250069 -1.25384 -0.691096 0.699886 0.180408 -15.7798 -0.303501 -0.0544824 -0.951272 -65.3586 0 0 0 1 
				9
				-0.105952 -0.989846 0.094759 6.42227 -0.859093 0.0431335 -0.509998 -11.3383 0.500732 -0.135442 -0.85494 -54.9952 0 0 0 1 
				10
				0.179656 -0.780623 0.598625 3.29636 -0.184169 -0.624456 -0.759037 -1.22052 0.966336 0.0261176 -0.255954 -53.0145 0 0 0 1 
				11
				0.0463916 -0.540126 0.840305 -2.21237 0.200618 -0.819033 -0.537529 1.07135 0.97857 0.193517 0.0703629 -55.2264 0 0 0 1 
				12
				0.0766791 -0.508542 0.857616 -2.24792 0.243018 -0.824675 -0.510738 1.67135 0.966986 0.247579 0.0603497 -55.2844 0 0 0 1 
				13
				0.154006 -0.504925 0.849313 -1.21885 0.241284 -0.814327 -0.527877 2.30657 0.958156 0.286222 -0.00358081 -54.8738 0 0 0 1 
				14
				0.266768 -0.525811 0.807687 0.780347 0.190762 -0.792668 -0.57904 2.8003 0.944693 0.308545 -0.111154 -54.1932 0 0 0 1 
				15
				0.394326 -0.567835 0.722544 3.54678 0.0847982 -0.760416 -0.643876 2.83208 0.91505 0.315168 -0.251701 -53.5006 0 0 0 1 
				16
				0.50891 -0.627336 0.589457 6.72163 -0.0774886 -0.715368 -0.694438 2.08229 0.857325 0.307731 -0.412669 -53.0672 0 0 0 1 
				17
				0.580886 -0.699273 0.416641 9.80232 -0.28436 -0.653934 -0.701078 0.385941 0.7627 0.28877 -0.578706 -53.1342 0 0 0 1 
				18
				0.587855 -0.776482 0.226942 12.2515 -0.509436 -0.573249 -0.641764 -2.15492 0.628413 0.261652 -0.732555 -53.8652 0 0 0 1 
				19
				0.523634 -0.850344 0.0521823 13.67 -0.717592 -0.473243 -0.510982 -5.17259 0.459205 0.230122 -0.858006 -55.3067 0 0 0 1 
				20
				0.401412 -0.912594 -0.0777263 13.9308 -0.876244 -0.357947 -0.322599 -8.15869 0.26658 0.197602 -0.943339 -57.378 0 0 0 1 
				21
				0.249322 -0.957431 -0.145476 13.2086 -0.96614 -0.23561 -0.105173 -10.6419 0.0664204 0.166772 -0.983756 -59.8895 0 0 0 1 
				22
				0.100353 -0.983206 -0.152431 11.9033 -0.987146 -0.117544 0.108287 -12.3417 -0.124386 0.139604 -0.982364 -62.583 0 0 0 1 
				23
				-0.0189883 -0.99297 -0.116835 10.4878 -0.956361 -0.0160396 0.291749 -13.2352 -0.291572 0.117276 -0.949333 -65.1859 0 0 0 1 
		</Joint>
			9
		</Joint>
			10
		</Joint>
			11
		</Joint>
			12
		</Joint>
			13
		</Joint>
			14
		</Joint>
			15
		</Joint>
			16
		</Joint>
			17
		</Joint>
			18
		</Joint>
			19
		</Joint>
			20
		</Joint>
			21
		</Joint>
			22
		</Joint>
			23
		</Joint>
			24
		</Joint>
		</animation>
</animations>
</itpanim>