<?xml version='1.0' encoding='UTF-8' ?>
<itpanim>
	<skeleton count>
		25
			0 -1
			1.37091e-06 -1 -6.12323e-17 1.44664e-05 1 1.37091e-06 -6.12323e-17 -3.33788e-06 6.12323e-17 -6.12323e-17 1 44.5 0 0 0 1 
			1 0
			1.3868e-06 4.78456e-08 -1 -44.5 2.75771e-06 -1 -4.78418e-08 1.44666e-05 -1 -2.75771e-06 -1.3868e-06 -5.83747e-05 0 0 0 1 
			2 1
			1.40269e-06 -0.000796318 -1 -49.6773 0 -1 0.000796318 0.0514213 -1 -1.11699e-09 -1.40269e-06 3.19526e-06 0 0 0 1 
			3 2
			1.40269e-06 -0.000796318 -1 -64.5592 0 -1 0.000796318 0.0632714 -1 -1.11699e-09 -1.40269e-06 3.16239e-06 0 0 0 1 
			4 3
			1.40269e-06 -0.000796318 -1 -79.4411 0 -1 0.000796318 0.06596 -1 -1.11699e-09 -1.40269e-06 3.15493e-06 0 0 0 1 
			5 4
			1 1.37091e-06 4.37113e-08 -1.60435 -1.37091e-06 1 3.58059e-15 -1.09939e-05 -4.37113e-08 -6.35048e-14 1 79.4411 0 0 0 1 
			6 5
			0.995014 0.0902305 0.042489 -5.65533 -0.0897157 0.995871 -0.0138741 -0.287945 -0.0435655 0.00999304 0.999001 79.7571 0 0 0 1 
			7 6
			0.994845 -0.0912189 0.0442967 -20.654 0.0915704 0.995781 -0.00596753 -4.08763 -0.0435655 0.00999304 0.999001 79.7571 0 0 0 1 
			8 7
			0.994845 -0.0912189 0.0442967 -36.0513 -0.0434925 0.0107859 0.998995 79.7539 -0.091605 -0.995772 0.00676301 4.15114 0 0 0 1 
			9 4
			-1 -1.37091e-06 4.37114e-08 -1.60434 -1.37091e-06 1 3.84662e-15 -1.09939e-05 -4.37115e-08 -5.60777e-14 -1 -79.4411 0 0 0 1 
			10 9
			-0.995014 0.0902277 0.042489 -5.65533 0.089713 0.995871 -0.0138741 -0.287946 -0.0435654 -0.00999315 -0.999001 -79.7571 0 0 0 1 
			11 10
			-0.994845 -0.0912216 0.0442967 -20.654 -0.0915731 0.995781 -0.00596753 -4.08763 -0.0435654 -0.00999315 -0.999001 -79.7571 0 0 0 1 
			12 11
			-0.994845 -0.0912216 0.0442967 -36.0513 0.0434925 0.0107861 0.998995 79.7539 -0.0916078 0.995772 -0.00676301 -4.15114 0 0 0 1 
			13 4
			1.34309e-06 -5.95475e-08 -1 -82.8177 -1.40269e-06 -1 5.95456e-08 1.08462e-05 -1 1.40269e-06 -1.34309e-06 -0.000107894 0 0 0 1 
			14 13
			1 -0 0 0 0 1 0 0 -0 -0 1 -0 0 0 0 1 
			15 2
			1.37369e-06 -0.0998334 0.995004 44.2777 0 -0.995004 -0.0998334 -4.44257 1 1.3714e-07 -1.36683e-06 -4.58386 0 0 0 1 
			16 15
			1.37369e-06 0.0998334 0.995004 24.6789 0 -0.995004 0.0998334 0.469723 1 -1.3714e-07 -1.36683e-06 -4.58386 0 0 0 1 
			17 16
			1.3716e-06 -6.00745e-14 1 4.70494 0 -1 -6.00745e-14 1.29981e-05 1 8.23984e-20 -1.3716e-06 -4.58386 0 0 0 1 
			18 17
			1.3723e-06 -1 -6.00133e-14 -6.78409 0 6.00133e-14 -1 -0.105526 1 1.3723e-06 8.23562e-20 -4.58386 0 0 0 1 
			19 18
			1 -0 0 0 0 1 0 0 -0 -0 1 -0 0 0 0 1 
			20 2
			1.37369e-06 -0.0998334 0.995004 44.2777 0 -0.995004 -0.0998334 -4.44257 1 1.3714e-07 -1.36683e-06 4.58386 0 0 0 1 
			21 20
			1.37369e-06 0.0998334 0.995004 24.6789 0 -0.995004 0.0998334 0.469723 1 -1.3714e-07 -1.36683e-06 4.58386 0 0 0 1 
			22 21
			1.3716e-06 -6.00745e-14 1 4.70494 0 -1 -6.00745e-14 1.29981e-05 1 8.23984e-20 -1.3716e-06 4.58386 0 0 0 1 
			23 22
			1.3723e-06 -1 5.98908e-14 -6.78409 0 -5.98908e-14 -1 -0.105526 1 1.3723e-06 -8.21882e-20 4.58386 0 0 0 1 
			24 23
			1 -0 0 0 0 1 0 0 -0 -0 1 -0 0 0 0 1 
	</skeleton>
		<animations>
			33
			0
				-1
				-0.573575 0.819153 0 3.33786e-06 -0.819153 -0.573575 -0 8.68908e-07 -0 -0 1 -42.41 0 0 0 1 
				0
				-0.573575 0.819153 0 0.605163 -0.819153 -0.573575 -0 -1.91594 -0 -0 1 -39.7115 0 0 0 1 
				1
				-0.573575 0.819153 0 1.23813 -0.819153 -0.573575 -0 -3.91991 -0 -0 1 -36.889 0 0 0 1 
				2
				-0.573575 0.819153 0 1.81803 -0.819153 -0.573575 -0 -5.75588 -0 -0 1 -34.3032 0 0 0 1 
				3
				-0.573575 0.819153 0 2.264 -0.819153 -0.573575 -0 -7.16784 -0 -0 1 -32.3145 0 0 0 1 
				4
				-0.579851 0.814723 -3.57361e-33 2.38732 -0.814723 -0.579851 -5.02112e-33 -7.55827 -6.16298e-33 -0 1 -31.7646 0 0 0 1 
				5
				-0.579839 0.814731 -8.5947e-33 2.29152 -0.814731 -0.579839 -1.44763e-33 -7.25037 -6.16298e-33 6.16298e-33 1 -32.1918 0 0 0 1 
				6
				-0.558991 0.829174 8.55522e-33 2.26253 -0.829174 -0.558991 1.66513e-33 -7.20945 6.16298e-33 -6.16298e-33 1 -32.3211 0 0 0 1 
				7
				-0.5358 0.844345 0 2.264 -0.844345 -0.5358 -0 -7.41164 -0 -0 1 -32.3145 0 0 0 1 
				8
				-0.510055 0.860142 0 2.264 -0.860142 -0.510055 -0 -7.64954 -0 -0 1 -32.3145 0 0 0 1 
				9
				-0.47452 0.880245 -2.92446e-33 2.264 -0.880245 -0.47452 -5.42493e-33 -7.78496 -6.16298e-33 -0 1 -32.3145 0 0 0 1 
				10
				-0.421418 0.906866 -2.7945e-33 2.264 -0.906866 -0.421418 1.29859e-33 -7.67278 -0 3.08149e-33 1 -32.3145 0 0 0 1 
				11
				-0.342019 0.939693 0 2.264 -0.939693 -0.342019 -0 -7.16784 -0 -0 1 -32.3145 0 0 0 1 
				12
				-0.190796 0.98163 -5.08358e-10 2.264 -0.98163 -0.190796 5.29575e-11 -5.74659 -4.50083e-11 5.09124e-10 1 -32.3684 0 0 0 1 
				13
				0.0292509 0.999572 -1.37136e-09 2.264 -0.999572 0.0292509 -1.52783e-11 -3.50925 2.48418e-11 1.37122e-09 1 -32.4605 0 0 0 1 
				14
				0.23765 0.971351 -1.51621e-09 2.264 -0.971351 0.23765 -1.80476e-10 -1.30925 1.85022e-10 1.51566e-09 1 -32.4797 0 0 0 1 
				15
				0.357341 0.933974 0 2.264 -0.933974 0.357341 0 8.33777e-07 -0 -0 1 -32.3145 0 0 0 1 
				16
				0.40564 0.914033 3.29577e-09 2.27937 -0.914033 0.40564 6.9806e-10 0.457771 -6.98845e-10 -3.2956e-09 1 -31.8722 0 0 0 1 
				17
				0.439719 0.898136 7.6701e-09 2.31706 -0.898136 0.439719 1.77625e-09 0.671985 -1.77737e-09 -7.66984e-09 1 -31.2017 0 0 0 1 
				18
				0.460093 0.887871 1.26543e-08 2.3636 -0.887871 0.460093 3.08287e-09 0.699537 -3.08495e-09 -1.26538e-08 1 -30.4187 0 0 0 1 
				19
				0.467076 0.884217 1.78008e-08 2.4055 -0.884217 0.467076 4.4126e-09 0.597321 -4.41262e-09 -1.78008e-08 1 -29.639 0 0 0 1 
				20
				0.460708 0.887552 2.26854e-08 2.42972 -0.887552 0.460708 5.53799e-09 0.420439 -5.53609e-09 -2.26859e-08 1 -28.9747 0 0 0 1 
				21
				0.440717 0.897646 2.68753e-08 2.42319 -0.897646 0.440717 6.24247e-09 0.223996 -6.24088e-09 -2.68757e-08 1 -28.5379 0 0 0 1 
				22
				0.406532 0.913636 2.9897e-08 2.37244 -0.913636 0.406532 6.35255e-09 0.0648845 -6.35018e-09 -2.98975e-08 1 -28.4443 0 0 0 1 
				23
				0.357347 0.933972 3.12401e-08 2.264 -0.933972 0.357347 5.77232e-09 8.33777e-07 -5.77237e-09 -3.12401e-08 1 -28.8096 0 0 0 1 
				24
				0.286098 0.9582 3.07116e-08 2.08944 -0.9582 0.286098 4.48507e-09 8.36486e-07 -4.48894e-09 -3.0711e-08 1 -29.6904 0 0 0 1 
				25
				0.188858 0.982004 2.85692e-08 1.85719 -0.982004 0.188858 2.72197e-09 8.4009e-07 -2.72252e-09 -2.85691e-08 1 -31.007 0 0 0 1 
				26
				0.0707182 0.997496 2.50388e-08 1.58072 -0.997496 0.0707182 8.88142e-10 8.4438e-07 -8.84777e-10 -2.50389e-08 1 -32.6577 0 0 0 1 
				27
				-0.0616615 0.998097 2.04349e-08 1.2735 -0.998097 -0.0616615 -6.3064e-10 8.49147e-07 6.30606e-10 -2.04349e-08 1 -34.5407 0 0 0 1 
				28
				-0.200439 0.979706 1.51533e-08 0.948602 -0.979706 -0.200439 -1.53575e-09 8.54189e-07 1.53272e-09 -1.51536e-08 1 -36.5574 0 0 0 1 
				29
				-0.337171 0.941444 9.65791e-09 0.619066 -0.941444 -0.337171 -1.6791e-09 8.59302e-07 1.67559e-09 -9.65852e-09 1 -38.609 0 0 0 1 
				30
				-0.46373 0.885977 4.44994e-09 0.298373 -0.885977 -0.46373 -1.09667e-09 8.64279e-07 1.09194e-09 -4.4511e-09 1 -40.5938 0 0 0 1 
				31
				-0.573575 0.819153 0 3.33786e-06 -0.819153 -0.573575 -0 8.68908e-07 -0 -0 1 -42.41 0 0 0 1 
		</Joint>
			1
				-1
				1.33158e-06 -0.573574 -0.819154 3.33786e-06 0 -0.819154 0.573574 8.68908e-07 -1 -7.6376e-07 -1.09077e-06 -42.41 0 0 0 1 
				0
				1.33158e-06 -0.573574 -0.819154 0.605163 0 -0.819154 0.573574 -1.91594 -1 -7.6376e-07 -1.09077e-06 -39.7115 0 0 0 1 
				1
				1.33158e-06 -0.573574 -0.819154 1.23813 0 -0.819154 0.573574 -3.91991 -1 -7.6376e-07 -1.09077e-06 -36.889 0 0 0 1 
				2
				1.33158e-06 -0.573574 -0.819154 1.81803 0 -0.819154 0.573574 -5.75588 -1 -7.6376e-07 -1.09077e-06 -34.3032 0 0 0 1 
				3
				1.33158e-06 -0.573574 -0.819154 2.264 0 -0.819154 0.573574 -7.16784 -1 -7.6376e-07 -1.09077e-06 -32.3145 0 0 0 1 
				4
				1.33158e-06 -0.57985 -0.814723 2.38732 0 -0.814723 0.57985 -7.55827 -1 -7.72117e-07 -1.08487e-06 -31.7646 0 0 0 1 
				5
				1.33158e-06 -0.579838 -0.814732 2.29152 0 -0.814732 0.579838 -7.25037 -1 -7.72101e-07 -1.08488e-06 -32.1918 0 0 0 1 
				6
				1.33158e-06 -0.558989 -0.829175 2.26253 0 -0.829175 0.558989 -7.20945 -1 -7.44339e-07 -1.10411e-06 -32.3211 0 0 0 1 
				7
				1.33158e-06 -0.535799 -0.844345 2.264 0 -0.844345 0.535799 -7.41164 -1 -7.1346e-07 -1.12431e-06 -32.3145 0 0 0 1 
				8
				1.33158e-06 -0.510054 -0.860143 2.264 0 -0.860143 0.510054 -7.64954 -1 -6.79177e-07 -1.14535e-06 -32.3145 0 0 0 1 
				9
				1.33158e-06 -0.474519 -0.880245 2.264 0 -0.880245 0.474519 -7.78496 -1 -6.3186e-07 -1.17212e-06 -32.3145 0 0 0 1 
				10
				1.33158e-06 -0.421417 -0.906867 2.264 0 -0.906867 0.421417 -7.67278 -1 -5.6115e-07 -1.20757e-06 -32.3145 0 0 0 1 
				11
				1.33158e-06 -0.342017 -0.939694 2.264 0 -0.939694 0.342017 -7.16784 -1 -4.55424e-07 -1.25128e-06 -32.3145 0 0 0 1 
				12
				1.33154e-06 -0.190795 -0.98163 2.264 0 -0.98163 0.190795 -5.74659 -1 -2.5405e-07 -1.30708e-06 -32.3684 0 0 0 1 
				13
				1.33161e-06 0.0292522 -0.999572 2.264 0 -0.999572 -0.0292522 -3.50925 -1 3.89525e-08 -1.33104e-06 -32.4605 0 0 0 1 
				14
				1.33177e-06 0.237651 -0.971351 2.264 0 -0.971351 -0.237651 -1.30925 -1 3.16496e-07 -1.29361e-06 -32.4797 0 0 0 1 
				15
				1.33158e-06 0.357342 -0.933973 2.264 0 -0.933973 -0.357342 8.33777e-07 -1 4.7583e-07 -1.24366e-06 -32.3145 0 0 0 1 
				16
				1.33089e-06 0.405641 -0.914033 2.27937 0 -0.914033 -0.405641 0.457771 -1 5.39862e-07 -1.21647e-06 -31.8722 0 0 0 1 
				17
				1.32983e-06 0.43972 -0.898135 2.31706 0 -0.898135 -0.43972 0.671985 -1 5.84751e-07 -1.19436e-06 -31.2017 0 0 0 1 
				18
				1.32856e-06 0.460094 -0.88787 2.3636 0 -0.88787 -0.460094 0.699537 -1 6.11261e-07 -1.17959e-06 -30.4187 0 0 0 1 
				19
				1.32729e-06 0.467077 -0.884216 2.4055 0 -0.884216 -0.467077 0.597321 -1 6.19946e-07 -1.17361e-06 -29.639 0 0 0 1 
				20
				1.32624e-06 0.460709 -0.887551 2.42972 0 -0.887551 -0.460709 0.420439 -1 6.1101e-07 -1.1771e-06 -28.9747 0 0 0 1 
				21
				1.32561e-06 0.440718 -0.897646 2.42319 0 -0.897646 -0.440718 0.223996 -1 5.84221e-07 -1.18993e-06 -28.5379 0 0 0 1 
				22
				1.32557e-06 0.406533 -0.913636 2.37244 0 -0.913636 -0.406533 0.0648845 -1 5.38888e-07 -1.21109e-06 -28.4443 0 0 0 1 
				23
				1.32618e-06 0.357348 -0.933971 2.264 0 -0.933971 -0.357348 8.33777e-07 -1 4.73906e-07 -1.23861e-06 -28.8096 0 0 0 1 
				24
				1.32745e-06 0.2861 -0.9582 2.08944 0 -0.9582 -0.2861 8.36486e-07 -1 3.79782e-07 -1.27196e-06 -29.6904 0 0 0 1 
				25
				1.32917e-06 0.188859 -0.982004 1.85719 0 -0.982004 -0.188859 8.4009e-07 -1 2.51025e-07 -1.30525e-06 -31.007 0 0 0 1 
				26
				1.33093e-06 0.0707195 -0.997496 1.58072 0 -0.997496 -0.0707195 8.4438e-07 -1 9.41228e-08 -1.3276e-06 -32.6577 0 0 0 1 
				27
				1.33237e-06 -0.0616602 -0.998097 1.2735 0 -0.998097 0.0616602 8.49147e-07 -1 -8.2154e-08 -1.32983e-06 -34.5407 0 0 0 1 
				28
				1.3332e-06 -0.200438 -0.979706 0.948602 0 -0.979706 0.200438 8.54189e-07 -1 -2.67223e-07 -1.30614e-06 -36.5574 0 0 0 1 
				29
				1.33329e-06 -0.337169 -0.941444 0.619066 0 -0.941444 0.337169 8.59302e-07 -1 -4.49545e-07 -1.25522e-06 -38.609 0 0 0 1 
				30
				1.33268e-06 -0.463728 -0.885977 0.298373 0 -0.885977 0.463728 8.64279e-07 -1 -6.18001e-07 -1.18072e-06 -40.5938 0 0 0 1 
				31
				1.33158e-06 -0.573574 -0.819154 3.33786e-06 0 -0.819154 0.573574 8.68908e-07 -1 -7.6376e-07 -1.09077e-06 -42.41 0 0 0 1 
		</Joint>
			2
				-1
				-0.000271968 -0.342021 -0.939692 0.00405821 -0.000750183 -0.939692 0.342021 0.0111244 -1 0.00079796 -1.01198e-06 -47.5873 0 0 0 1 
				0
				-0.0634116 -0.423105 -0.903859 0.610179 -0.0991376 -0.898532 0.427566 -1.9053 -0.993051 0.116719 0.0150318 -44.8902 0 0 0 1 
				1
				-0.137851 -0.495662 -0.857506 1.244 -0.193945 -0.835502 0.514122 -3.91002 -0.971279 0.237182 0.0190435 -42.0692 0 0 0 1 
				2
				-0.212105 -0.549657 -0.808015 1.82455 -0.271577 -0.761106 0.589036 -5.74688 -0.938753 0.344376 0.0121603 -39.4846 0 0 0 1 
				3
				-0.272117 -0.582348 -0.766044 2.27091 -0.324299 -0.694012 0.642788 -7.15962 -0.90597 0.423341 -2.73243e-06 -37.4969 0 0 0 1 
				4
				-0.293507 -0.603918 -0.741037 2.39448 -0.336853 -0.660121 0.671394 -7.55046 -0.894642 0.446679 -0.00968128 -36.9473 0 0 0 1 
				5
				-0.280321 -0.59891 -0.750151 2.29862 -0.326785 -0.675263 0.661235 -7.24238 -0.90257 0.430496 -0.00642425 -37.3743 0 0 0 1 
				6
				-0.261034 -0.541601 -0.79908 2.26895 -0.324028 -0.730594 0.601032 -7.2008 -0.909323 0.415814 0.0152157 -37.5034 0 0 0 1 
				7
				-0.241996 -0.454807 -0.857081 2.26939 -0.319532 -0.796707 0.512989 -7.40221 -0.916153 0.398007 0.0474748 -37.4966 0 0 0 1 
				8
				-0.222389 -0.348948 -0.910372 2.26814 -0.311759 -0.859278 0.405521 -7.63937 -0.923769 0.374 0.0823066 -37.4963 0 0 0 1 
				9
				-0.201963 -0.228889 -0.952271 2.26672 -0.3046 -0.909408 0.283187 -7.7742 -0.930822 0.347255 0.113947 -37.496 0 0 0 1 
				10
				-0.179346 -0.102119 -0.978471 2.26522 -0.302063 -0.940839 0.153558 -7.66164 -0.936265 0.3231 0.13789 -37.4957 0 0 0 1 
				11
				-0.151536 0.0224596 -0.988197 2.26374 -0.307797 -0.951108 0.0255828 -7.15657 -0.939307 0.308041 0.15104 -37.4955 0 0 0 1 
				12
				-0.102021 0.191369 -0.976202 2.26174 -0.324955 -0.9339 -0.149116 -5.73553 -0.940211 0.302009 0.157463 -37.5493 0 0 0 1 
				13
				-0.0290182 0.404885 -0.913907 2.25921 -0.340253 -0.863694 -0.371835 -3.49902 -0.939886 0.30017 0.162826 -37.6415 0 0 0 1 
				14
				0.043035 0.583426 -0.811026 2.2571 -0.342157 -0.75408 -0.560617 -1.30032 -0.938657 0.301624 0.167171 -37.6606 0 0 0 1 
				15
				0.0869896 0.675461 -0.732247 2.25601 -0.338802 -0.671161 -0.659361 0.00795005 -0.936828 0.305445 0.170464 -37.4955 0 0 0 1 
				16
				0.106767 0.708659 -0.697426 2.27098 -0.339034 -0.63345 -0.695555 0.465274 -0.934696 0.310713 0.172628 -37.0532 0 0 0 1 
				17
				0.121912 0.72876 -0.673829 2.30844 -0.339763 -0.607236 -0.71821 0.679178 -0.932576 0.316501 0.173577 -36.3828 0 0 0 1 
				18
				0.131854 0.737725 -0.6621 2.35487 -0.340888 -0.593449 -0.729119 0.706567 -0.930812 0.321839 0.173233 -35.5999 0 0 0 1 
				19
				0.136001 0.736885 -0.662197 2.39678 -0.342122 -0.592355 -0.72943 0.604338 -0.929761 0.325755 0.171543 -34.8202 0 0 0 1 
				20
				0.133835 0.726911 -0.673564 2.42111 -0.342932 -0.603716 -0.71967 0.427591 -0.929777 0.327304 0.168483 -34.156 0 0 0 1 
				21
				0.124986 0.707864 -0.695203 2.41481 -0.342435 -0.626863 -0.699844 0.231421 -0.931191 0.325532 0.164048 -33.7191 0 0 0 1 
				22
				0.109339 0.679266 -0.725702 2.3644 -0.33931 -0.66072 -0.669565 0.0727113 -0.934298 0.319448 0.158239 -33.6254 0 0 0 1 
				23
				0.0872037 0.640163 -0.763274 2.25642 -0.33181 -0.703777 -0.628172 0.00833607 -0.939307 0.308041 0.15104 -33.9906 0 0 0 1 
				24
				0.057077 0.582073 -0.811131 2.08256 -0.315714 -0.760239 -0.567769 0.00900465 -0.947136 0.288492 0.140377 -34.8711 0 0 0 1 
				25
				0.0214659 0.49667 -0.867674 1.85131 -0.287392 -0.828178 -0.481172 0.00980917 -0.957572 0.259691 0.124961 -36.1874 0 0 0 1 
				26
				-0.0122933 0.384655 -0.922979 1.57617 -0.246978 -0.895617 -0.369962 0.0106074 -0.968943 0.223407 0.106011 -37.8377 0 0 0 1 
				27
				-0.0374075 0.249874 -0.967555 1.27055 -0.196823 -0.951109 -0.238018 0.0112636 -0.979725 0.181534 0.0847598 -39.7202 0 0 0 1 
				28
				-0.0490265 0.099533 -0.993826 0.947428 -0.141443 -0.985686 -0.0917403 0.0116717 -0.988732 0.136072 0.0624031 -41.7363 0 0 0 1 
				29
				-0.0452446 -0.0564587 -0.997379 0.619739 -0.0866998 -0.994412 0.0602238 0.0117742 -0.995207 0.0891973 0.0400969 -43.7874 0 0 0 1 
				30
				-0.02753 -0.206996 -0.977954 0.300829 -0.0384102 -0.977384 0.207956 0.0115716 -0.998883 0.0432885 0.0189566 -45.7717 0 0 0 1 
				31
				-0.000271968 -0.342021 -0.939692 0.00405821 -0.000750183 -0.939692 0.342021 0.0111244 -1 0.00079796 -1.01198e-06 -47.5873 0 0 0 1 
		</Joint>
			3
				-1
				-6.90265e-05 -0.0871568 -0.996195 0.00104358 -0.000795174 -0.996194 0.0871569 0.0117653 -1 0.000798164 -5.41111e-07 -62.4692 0 0 0 1 
				0
				-0.107945 -0.254224 -0.961102 -0.330494 -0.205499 -0.940167 0.271766 -3.36952 -0.972686 0.226841 0.0492441 -59.6714 0 0 0 1 
				1
				-0.252912 -0.384883 -0.887638 -0.80292 -0.385699 -0.801296 0.457341 -6.7868 -0.887283 0.458028 0.0542081 -56.5291 0 0 0 1 
				2
				-0.402435 -0.454315 -0.794761 -1.32659 -0.505772 -0.613293 0.606684 -9.78119 -0.763047 0.646119 0.0170312 -53.4627 0 0 0 1 
				3
				-0.520057 -0.471264 -0.712356 -1.77311 -0.562383 -0.438786 0.700851 -11.9806 -0.642857 0.765099 -0.0368374 -50.9885 0 0 0 1 
				4
				-0.563237 -0.486557 -0.667851 -1.96769 -0.565113 -0.362845 0.740939 -12.5592 -0.602836 0.794736 -0.070592 -50.2706 0 0 0 1 
				5
				-0.538659 -0.489526 -0.685719 -1.86728 -0.558388 -0.402042 0.725648 -12.1008 -0.630911 0.773774 -0.0567818 -50.8154 0 0 0 1 
				6
				-0.489819 -0.416403 -0.765954 -1.61078 -0.575895 -0.505063 0.64285 -12.017 -0.65454 0.755989 0.00758471 -51.0447 0 0 0 1 
				7
				-0.431516 -0.284042 -0.856221 -1.3286 -0.593518 -0.625386 0.506585 -12.15 -0.67936 0.726782 0.10128 -51.1393 0 0 0 1 
				8
				-0.367781 -0.111352 -0.923221 -1.04011 -0.602257 -0.727934 0.327717 -12.2703 -0.708536 0.676545 0.200658 -51.2517 0 0 0 1 
				9
				-0.302837 0.0809138 -0.949601 -0.739823 -0.604516 -0.786603 0.125761 -12.2979 -0.736783 0.612134 0.287126 -51.3556 0 0 0 1 
				10
				-0.238169 0.263607 -0.934766 -0.406917 -0.605598 -0.792751 -0.0692578 -12.1475 -0.759293 0.549597 0.348448 -51.4356 0 0 0 1 
				11
				-0.171424 0.408794 -0.896382 0.00375303 -0.611925 -0.757245 -0.228316 -11.7282 -0.772115 0.50938 0.379962 -51.4802 0 0 0 1 
				12
				-0.0685614 0.556564 -0.827971 0.736887 -0.626681 -0.669778 -0.398332 -10.5635 -0.776254 0.491563 0.394709 -51.5473 0 0 0 1 
				13
				0.0741705 0.709911 -0.700375 1.81895 -0.626745 -0.513093 -0.586452 -8.55654 -0.775686 0.482454 0.406877 -51.6344 0 0 0 1 
				14
				0.207796 0.809705 -0.548815 2.88794 -0.601182 -0.336873 -0.724636 -6.38827 -0.771622 0.480514 0.416779 -51.6353 0 0 0 1 
				15
				0.286588 0.846432 -0.448799 3.54054 -0.576489 -0.221793 -0.786428 -5.03143 -0.765198 0.484108 0.424395 -51.443 0 0 0 1 
				16
				0.32174 0.853642 -0.409608 3.84976 -0.568028 -0.172089 -0.804817 -4.57814 -0.757515 0.49161 0.429524 -50.9691 0 0 0 1 
				17
				0.347744 0.853784 -0.387462 4.1126 -0.563014 -0.140298 -0.814451 -4.37547 -0.749726 0.501368 0.431905 -50.2672 0 0 0 1 
				18
				0.363926 0.849855 -0.381188 4.30702 -0.561576 -0.126299 -0.817729 -4.36499 -0.743095 0.511658 0.431295 -49.4582 0 0 0 1 
				19
				0.369481 0.843816 -0.389178 4.41073 -0.563417 -0.129619 -0.815941 -4.48555 -0.738949 0.520744 0.427529 -48.663 0 0 0 1 
				20
				0.363599 0.836638 -0.409673 4.40292 -0.567696 -0.149675 -0.809518 -4.67411 -0.738591 0.52691 0.420534 -47.999 0 0 0 1 
				21
				0.345554 0.828408 -0.440831 4.26502 -0.572824 -0.18588 -0.798324 -4.86245 -0.74328 0.528383 0.410301 -47.5833 0 0 0 1 
				22
				0.314841 0.818387 -0.480746 3.98188 -0.57629 -0.237629 -0.781935 -4.97405 -0.754165 0.523235 0.396813 -47.5358 0 0 0 1 
				23
				0.271454 0.804985 -0.527552 3.54464 -0.574588 -0.304189 -0.759814 -4.92601 -0.772115 0.50938 0.379962 -47.9753 0 0 0 1 
				24
				0.210323 0.78064 -0.588529 2.92272 -0.561162 -0.396546 -0.726531 -4.68472 -0.800538 0.483066 0.354663 -48.972 0 0 0 1 
				25
				0.13356 0.732543 -0.667489 2.16209 -0.527692 -0.51754 -0.673568 -4.26099 -0.83887 0.44219 0.317434 -50.4431 0 0 0 1 
				26
				0.0547784 0.652593 -0.755726 1.38548 -0.469527 -0.651127 -0.596303 -3.65717 -0.881217 0.387498 0.270742 -52.262 0 0 0 1 
				27
				-0.0115695 0.538208 -0.842732 0.707475 -0.387157 -0.779465 -0.492488 -2.9086 -0.921941 0.320572 0.217389 -54.3042 0 0 0 1 
				28
				-0.053348 0.39404 -0.917543 0.213152 -0.28717 -0.886091 -0.363836 -2.08277 -0.956393 0.244081 0.160428 -56.4534 0 0 0 1 
				29
				-0.0637848 0.231464 -0.97075 -0.056329 -0.181033 -0.959276 -0.216833 -1.26711 -0.981406 0.161908 0.10309 -58.5999 0 0 0 1 
				30
				-0.0434573 0.0659505 -0.996876 -0.10965 -0.0819602 -0.994691 -0.062233 -0.548257 -0.995688 0.0789997 0.0486319 -60.6379 0 0 0 1 
				31
				-6.90265e-05 -0.0871568 -0.996195 0.00104358 -0.000795174 -0.996194 0.0871569 0.0117653 -1 0.000798164 -5.41111e-07 -62.4692 0 0 0 1 
		</Joint>
			4
				-1
				-6.90265e-05 -0.0871568 -0.996195 0.000250667 -0.000795174 -0.996194 0.0871569 0.00261 -1 0.000798164 -5.41111e-07 -77.3511 0 0 0 1 
				0
				-0.107945 -0.254224 -0.961102 -1.93624 -0.205499 -0.940167 0.271766 -6.4252 -0.972686 0.226841 0.0492441 -74.1474 0 0 0 1 
				1
				-0.252912 -0.384883 -0.887638 -4.56569 -0.385699 -0.801296 0.457341 -12.5246 -0.887283 0.458028 0.0542081 -69.7347 0 0 0 1 
				2
				-0.402435 -0.454314 -0.794761 -7.31437 -0.505772 -0.613293 0.606684 -17.3064 -0.763047 0.646119 0.0170312 -64.82 0 0 0 1 
				3
				-0.520057 -0.471264 -0.712356 -9.51128 -0.562383 -0.438785 0.700851 -20.3487 -0.642857 0.765099 -0.0368374 -60.5575 0 0 0 1 
				4
				-0.563237 -0.486557 -0.667851 -10.3484 -0.565113 -0.362845 0.740939 -20.9681 -0.602836 0.794736 -0.070592 -59.2441 0 0 0 1 
				5
				-0.538659 -0.489526 -0.685719 -9.88224 -0.558388 -0.402042 0.725648 -20.4096 -0.630911 0.773774 -0.0567818 -60.2066 0 0 0 1 
				6
				-0.489819 -0.416403 -0.765954 -8.89909 -0.575895 -0.505063 0.64285 -20.586 -0.65454 0.755989 0.0075847 -60.7876 0 0 0 1 
				7
				-0.431516 -0.284042 -0.856221 -7.7496 -0.593518 -0.625386 0.506585 -20.981 -0.67936 0.726782 0.10128 -61.2514 0 0 0 1 
				8
				-0.367781 -0.111352 -0.923221 -6.51309 -0.602257 -0.727934 0.327717 -21.2311 -0.708536 0.676545 0.200658 -61.7979 0 0 0 1 
				9
				-0.302837 0.0809138 -0.949601 -5.24683 -0.604516 -0.786603 0.125761 -21.2921 -0.736783 0.612134 0.287126 -62.322 0 0 0 1 
				10
				-0.238169 0.263607 -0.934766 -3.95203 -0.605598 -0.792751 -0.0692578 -21.1578 -0.759293 0.549597 0.348448 -62.7368 0 0 0 1 
				11
				-0.171424 0.408794 -0.896382 -2.54847 -0.611925 -0.757245 -0.228316 -20.8328 -0.772115 0.509379 0.379962 -62.9721 0 0 0 1 
				12
				-0.0685615 0.556564 -0.827971 -0.284933 -0.626681 -0.669778 -0.398332 -19.8879 -0.776254 0.491563 0.394709 -63.1007 0 0 0 1 
				13
				0.0741706 0.709911 -0.700375 2.92084 -0.626745 -0.513093 -0.586452 -17.8823 -0.775686 0.482454 0.406877 -63.1794 0 0 0 1 
				14
				0.207796 0.809705 -0.548815 5.97816 -0.601182 -0.336873 -0.724636 -15.3341 -0.771622 0.480514 0.416779 -63.1198 0 0 0 1 
				15
				0.286588 0.846432 -0.448799 7.80324 -0.576489 -0.221793 -0.786427 -13.6101 -0.765198 0.484108 0.424395 -62.8319 0 0 0 1 
				16
				0.32174 0.853642 -0.409608 8.63556 -0.568028 -0.172089 -0.804817 -13.031 -0.757515 0.49161 0.429524 -62.2437 0 0 0 1 
				17
				0.347744 0.853784 -0.387462 9.28539 -0.563014 -0.140298 -0.814451 -12.7538 -0.749726 0.501368 0.431905 -61.4259 0 0 0 1 
				18
				0.363926 0.849855 -0.381188 9.72064 -0.561576 -0.126299 -0.817729 -12.722 -0.743095 0.511658 0.431295 -60.5182 0 0 0 1 
				19
				0.369481 0.843816 -0.389178 9.90703 -0.563417 -0.129619 -0.815941 -12.8699 -0.738949 0.520744 0.427529 -59.6614 0 0 0 1 
				20
				0.363599 0.836638 -0.409673 9.81171 -0.567696 -0.149675 -0.809518 -13.1221 -0.738591 0.52691 0.420534 -58.9921 0 0 0 1 
				21
				0.345554 0.828408 -0.440831 9.40529 -0.572824 -0.18588 -0.798324 -13.3867 -0.74328 0.528383 0.410301 -58.6461 0 0 0 1 
				22
				0.314841 0.818387 -0.480746 8.66511 -0.57629 -0.237629 -0.781935 -13.5497 -0.754165 0.523235 0.396813 -58.7606 0 0 0 1 
				23
				0.271454 0.804985 -0.527552 7.58222 -0.574588 -0.304189 -0.759814 -13.4761 -0.772115 0.50938 0.379962 -59.4672 0 0 0 1 
				24
				0.210323 0.78064 -0.588529 6.05062 -0.561162 -0.396546 -0.726531 -13.0348 -0.800538 0.483066 0.354663 -60.8868 0 0 0 1 
				25
				0.13356 0.732543 -0.667489 4.14774 -0.527692 -0.51754 -0.673568 -12.1126 -0.83887 0.44219 0.317434 -62.9283 0 0 0 1 
				26
				0.0547784 0.652593 -0.755725 2.19894 -0.469527 -0.651127 -0.596303 -10.6429 -0.881217 0.387498 0.270742 -65.3773 0 0 0 1 
				27
				-0.0115695 0.538209 -0.842732 0.533853 -0.387157 -0.779465 -0.492488 -8.66813 -0.921941 0.320572 0.217389 -68.0253 0 0 0 1 
				28
				-0.0533479 0.39404 -0.917543 -0.581826 -0.28717 -0.886091 -0.363836 -6.35402 -0.956393 0.244081 0.160428 -70.687 0 0 0 1 
				29
				-0.0637848 0.231464 -0.97075 -1.00619 -0.181033 -0.959276 -0.216833 -3.95865 -0.981406 0.161908 0.10309 -73.2055 0 0 0 1 
				30
				-0.0434573 0.0659505 -0.996876 -0.756553 -0.0819602 -0.99469 -0.062233 -1.76531 -0.995688 0.0789997 0.0486318 -75.4558 0 0 0 1 
				31
				-6.90265e-05 -0.0871568 -0.996195 0.000250667 -0.000795174 -0.996194 0.0871569 0.00261 -1 0.000798164 -5.41111e-07 -77.3511 0 0 0 1 
		</Joint>
			5
				-1
				0.996195 0.0871569 2.45683e-06 1.59826 -0.0871569 0.996194 2.20611e-06 -0.139894 -2.25521e-06 -2.41185e-06 1 -77.3511 0 0 0 1 
				0
				0.961102 0.254309 0.107746 -0.394982 -0.271767 0.94033 0.20475 -6.86373 -0.0492468 -0.226067 0.972866 -74.2258 0 0 0 1 
				1
				0.887637 0.385084 0.252608 -3.14264 -0.457342 0.801603 0.38506 -13.2605 -0.0542106 -0.457322 0.887647 -69.8205 0 0 0 1 
				2
				0.794759 0.454635 0.402075 -6.04051 -0.606685 0.613696 0.505282 -18.2814 -0.0170332 -0.645511 0.763561 -64.8456 0 0 0 1 
				3
				0.712354 0.471678 0.519684 -8.36969 -0.700853 0.439233 0.562032 -21.4743 0.0368357 -0.764587 0.643466 -60.4963 0 0 0 1 
				4
				0.66785 0.487005 0.562852 -9.27826 -0.740941 0.363294 0.564822 -22.1578 0.0705904 -0.794256 0.603468 -59.1287 0 0 0 1 
				5
				0.685717 0.489954 0.538272 -8.78342 -0.72565 0.402486 0.558066 -21.5748 0.0567801 -0.773272 0.631527 -60.1134 0 0 0 1 
				6
				0.765953 0.416793 0.489489 -7.67135 -0.642852 0.505521 0.575491 -21.6187 -0.00758653 -0.755468 0.655141 -60.7977 0 0 0 1 
				7
				0.85622 0.284385 0.431292 -6.37669 -0.506586 0.625858 0.593019 -21.7954 -0.101282 -0.726241 0.679938 -61.4119 0 0 0 1 
				8
				0.92322 0.111645 0.367695 -5.03222 -0.327719 0.728413 0.601676 -21.7588 -0.20066 -0.67598 0.709074 -62.118 0 0 0 1 
				9
				0.9496 -0.0806728 0.302904 -3.72312 -0.125763 0.787084 0.60389 -21.496 -0.287128 -0.611548 0.737269 -62.781 0 0 0 1 
				10
				0.934765 -0.263417 0.238381 -2.45163 0.069256 0.793233 0.604967 -21.0488 -0.34845 -0.548993 0.759729 -63.2943 0 0 0 1 
				11
				0.896382 -0.408658 0.171752 -1.10926 0.228314 0.757732 0.611323 -20.4685 -0.379964 -0.508765 0.772519 -63.5803 0 0 0 1 
				12
				0.827971 -0.556509 0.0690067 1.04491 0.398331 0.670276 0.626149 -19.2507 -0.394711 -0.490946 0.776644 -63.7326 0 0 0 1 
				13
				0.700375 -0.70997 -0.0736037 4.04639 0.58645 0.513592 0.626338 -16.9428 -0.406879 -0.481837 0.776069 -63.8309 0 0 0 1 
				14
				0.548816 -0.80987 -0.20715 6.86083 0.724634 0.337351 0.600915 -14.1724 -0.416781 -0.4799 0.772003 -63.7871 0 0 0 1 
				15
				0.4488 -0.846659 -0.285913 8.52554 0.786426 0.222252 0.576314 -12.349 -0.424397 -0.483499 0.765581 -63.5114 0 0 0 1 
				16
				0.409609 -0.853898 -0.321059 9.295 0.804815 0.172541 0.567893 -11.7403 -0.429526 -0.491007 0.757904 -62.9314 0 0 0 1 
				17
				0.387463 -0.85406 -0.347064 9.90931 0.81445 0.140746 0.562905 -11.4475 -0.431907 -0.500771 0.750123 -62.1175 0 0 0 1 
				18
				0.381188 -0.850144 -0.363248 10.3345 0.817727 0.126746 0.561477 -11.4104 -0.431297 -0.511067 0.743501 -61.2088 0 0 0 1 
				19
				0.389179 -0.844109 -0.368808 10.5337 0.81594 0.130067 0.563316 -11.5612 -0.427531 -0.520156 0.739361 -60.3459 0 0 0 1 
				20
				0.409674 -0.836927 -0.362932 10.4712 0.809516 0.150126 0.567579 -11.8237 -0.420536 -0.526322 0.739009 -59.6654 0 0 0 1 
				21
				0.440832 -0.828683 -0.344893 10.1148 0.798322 0.186336 0.572678 -12.1064 -0.410303 -0.527791 0.743699 -59.3029 0 0 0 1 
				22
				0.480747 -0.818638 -0.314189 9.43859 0.781934 0.238088 0.576103 -12.2958 -0.396815 -0.522634 0.75458 -59.3958 0 0 0 1 
				23
				0.527553 -0.805201 -0.270812 8.43076 0.759813 0.304646 0.574348 -12.258 -0.379964 -0.508765 0.772519 -60.0754 0 0 0 1 
				24
				0.588529 -0.780807 -0.2097 6.99692 0.72653 0.396992 0.560849 -11.8703 -0.354665 -0.482429 0.800921 -61.4545 0 0 0 1 
				25
				0.667489 -0.732649 -0.132975 5.2206 0.673566 0.51796 0.527281 -11.0334 -0.317437 -0.441523 0.839221 -63.4364 0 0 0 1 
				26
				0.755726 -0.652636 -0.0542571 3.41313 0.596301 0.651501 0.46901 -9.68794 -0.270745 -0.386797 0.881524 -65.8106 0 0 0 1 
				27
				0.842732 -0.538199 0.0120001 1.88733 0.492487 0.779772 0.386538 -7.8801 -0.217392 -0.319838 0.922195 -68.3732 0 0 0 1 
				28
				0.917543 -0.393998 0.053664 0.89129 0.363835 0.886319 0.286466 -5.77268 -0.16043 -0.24332 0.956586 -70.9437 0 0 0 1 
				29
				0.97075 -0.231413 0.0639717 0.551853 0.216833 0.959419 0.180271 -3.61335 -0.103093 -0.161127 0.981534 -73.3704 0 0 0 1 
				30
				0.996876 -0.0659159 0.0435125 0.842959 0.0622328 0.994755 0.0811688 -1.66813 -0.0486346 -0.0782073 0.99575 -75.5336 0 0 0 1 
				31
				0.996195 0.0871569 2.45683e-06 1.59826 -0.0871569 0.996194 2.20611e-06 -0.139894 -2.25521e-06 -2.41185e-06 1 -77.3511 0 0 0 1 
		</Joint>
			6
				-1
				0.112922 -0.0327949 -0.993063 9.04144 0.148165 0.988836 -0.0158074 -0.791096 0.982495 -0.145352 0.11652 -77.3511 0 0 0 1 
				0
				0.116576 0.600729 -0.790907 6.786 0.0872545 0.787063 0.61067 -8.89426 0.989341 -0.1402 0.0393361 -74.5938 0 0 0 1 
				1
				0.015911 0.975877 -0.217741 3.48944 0.0813083 0.215784 0.97305 -16.6775 0.996562 -0.0331863 -0.0759135 -70.2255 0 0 0 1 
				2
				-0.0317306 0.908938 0.415722 -0.102376 0.093463 -0.411411 0.906645 -22.8143 0.995117 0.067623 -0.0718977 -64.9728 0 0 0 1 
				3
				-0.0600873 0.59877 0.798664 -3.04725 0.128214 -0.788852 0.60106 -26.7108 0.989924 0.138516 -0.0293709 -60.2211 0 0 0 1 
				4
				-0.0683256 0.459801 0.885389 -4.28834 0.153963 -0.871972 0.464714 -27.6938 0.985711 0.168069 -0.0112141 -58.6013 0 0 0 1 
				5
				-0.0653732 0.551481 0.831622 -3.66001 0.145241 -0.819271 0.554707 -26.9966 0.987234 0.157049 -0.0265394 -59.6892 0 0 0 1 
				6
				-0.0475404 0.652781 0.756054 -1.94845 0.0891496 -0.751116 0.654123 -26.4219 0.994883 0.0984992 -0.0224868 -60.8544 0 0 0 1 
				7
				-0.0195439 0.740348 0.671939 0.020647 0.00832312 -0.671924 0.740573 -25.5805 0.999774 0.0200663 0.00696998 -62.1687 0 0 0 1 
				8
				0.0253074 0.823702 0.566457 1.86572 -0.0780212 -0.563282 0.822572 -24.2074 0.99663 -0.0650128 0.0500111 -63.6173 0 0 0 1 
				9
				0.0953091 0.895024 0.435715 3.37192 -0.150409 -0.419734 0.895098 -22.4357 0.984019 -0.150847 0.0946156 -64.9263 0 0 0 1 
				10
				0.192648 0.942075 0.274555 4.53257 -0.184482 -0.240035 0.953073 -20.5314 0.96377 -0.234259 0.127554 -65.8978 0 0 0 1 
				11
				0.308025 0.948283 0.0766806 5.58815 -0.152755 -0.0302577 0.987801 -18.7626 0.939035 -0.31598 0.135535 -66.4193 0 0 0 1 
				12
				0.423684 0.883603 -0.199341 7.23119 -0.0304773 0.233851 0.971794 -16.2745 0.905297 -0.405658 0.126009 -66.6818 0 0 0 1 
				13
				0.487165 0.700751 -0.521171 9.27933 0.180948 0.502831 0.845233 -12.5611 0.854358 -0.506072 0.118162 -66.8709 0 0 0 1 
				14
				0.454859 0.436304 -0.776364 10.9614 0.421559 0.662426 0.619257 -8.75823 0.784469 -0.608958 0.117383 -66.9012 0 0 0 1 
				15
				0.366074 0.196813 -0.909535 11.8788 0.61653 0.680808 0.395463 -6.47311 0.697051 -0.705524 0.127885 -66.6824 0 0 0 1 
				16
				0.263009 0.0130226 -0.964705 12.3554 0.758059 0.615734 0.214983 -5.72699 0.596802 -0.787846 0.152072 -66.1407 0 0 0 1 
				17
				0.133862 -0.142258 -0.980736 12.8043 0.860747 0.507134 0.0439237 -5.36228 0.491116 -0.850046 0.190334 -65.3445 0 0 0 1 
				18
				-0.00542088 -0.263864 -0.964544 13.1826 0.921202 0.373945 -0.107475 -5.30063 0.389046 -0.889123 0.241045 -64.4313 0 0 0 1 
				19
				-0.139932 -0.353577 -0.924879 13.4415 0.943705 0.235128 -0.232668 -5.46482 0.299731 -0.905372 0.300771 -63.5402 0 0 0 1 
				20
				-0.257931 -0.418247 -0.870942 13.5321 0.938195 0.1069 -0.329184 -5.77536 0.230784 -0.902021 0.364824 -62.8075 0 0 0 1 
				21
				-0.351157 -0.467272 -0.811385 13.4085 0.917346 0.00185787 -0.398085 -6.14161 0.187522 -0.884111 0.427998 -62.3686 0 0 0 1 
				22
				-0.413899 -0.510148 -0.753947 13.0305 0.893768 -0.0705016 -0.442953 -6.45353 0.172817 -0.857192 0.485135 -62.3606 0 0 0 1 
				23
				-0.441573 -0.554017 -0.705746 12.3724 0.87753 -0.102772 -0.468379 -6.58093 0.186959 -0.826138 0.531548 -62.9144 0 0 0 1 
				24
				-0.418949 -0.603565 -0.678373 11.3942 0.874572 -0.067347 -0.480196 -6.44192 0.244143 -0.794464 0.556076 -64.1045 0 0 0 1 
				25
				-0.338874 -0.648361 -0.681757 10.2078 0.87425 0.0507476 -0.482816 -6.00078 0.347637 -0.75964 0.549632 -65.8082 0 0 0 1 
				26
				-0.215866 -0.662739 -0.717062 9.05962 0.850718 0.232794 -0.47126 -5.23261 0.47925 -0.711747 0.513551 -67.8335 0 0 0 1 
				27
				-0.0754702 -0.622867 -0.778679 8.1839 0.780504 0.449099 -0.434882 -4.20043 0.620578 -0.640583 0.452257 -69.9974 0 0 0 1 
				28
				0.0492245 -0.519352 -0.853141 7.74682 0.655421 0.661335 -0.364773 -3.05425 0.753658 -0.541211 0.372948 -72.1424 0 0 0 1 
				29
				0.128175 -0.364498 -0.92234 7.80492 0.488344 0.832647 -0.261188 -1.99326 0.863187 -0.416942 0.284725 -74.1407 0 0 0 1 
				30
				0.146984 -0.189707 -0.970776 8.29123 0.308558 0.941255 -0.13722 -1.20315 0.93978 -0.279372 0.196886 -75.897 0 0 0 1 
				31
				0.112922 -0.0327958 -0.993063 9.04144 0.148165 0.988836 -0.0158083 -0.791096 0.982495 -0.145352 0.11652 -77.3511 0 0 0 1 
		</Joint>
			7
				-1
				-0.018988 0.116044 -0.993063 10.7801 -0.95636 -0.291761 -0.0158075 1.49025 -0.291572 0.949425 0.11652 -62.2233 0 0 0 1 
				0
				-0.608019 -0.0691271 -0.790907 8.58095 -0.776958 -0.15303 0.61067 -7.55078 -0.163246 0.985801 0.0393361 -59.3606 0 0 0 1 
				1
				-0.966156 -0.138312 -0.21774 3.73443 -0.225912 0.0462316 0.97305 -15.4256 -0.124518 0.989309 -0.0759135 -54.8812 0 0 0 1 
				2
				-0.907894 -0.0538783 0.415722 -0.590942 0.409011 0.103464 0.906645 -21.3752 -0.0918608 0.993173 -0.0718977 -49.6507 0 0 0 1 
				3
				-0.601643 -0.0127899 0.798663 -3.97243 0.796493 0.0657499 0.601062 -24.7367 -0.0601995 0.997754 -0.0293709 -44.9789 0 0 0 1 
				4
				-0.464659 -0.0133507 0.885389 -5.34037 0.884073 0.0495354 0.464715 -25.3232 -0.0500624 0.998683 -0.0112141 -43.424 0 0 0 1 
				5
				-0.555229 -0.0112337 0.831621 -4.66658 0.829535 0.0645825 0.554708 -24.7603 -0.0599396 0.997849 -0.0265394 -44.4884 0 0 0 1 
				6
				-0.654166 -0.0211963 0.756054 -2.68044 0.754098 0.058809 0.654123 -25.0492 -0.0583278 0.998044 -0.0224868 -45.5359 0 0 0 1 
				7
				-0.738431 -0.0567728 0.671935 -0.280275 0.67065 0.0421227 0.740577 -25.4523 -0.0703484 0.997498 0.00696998 -46.7748 0 0 0 1 
				8
				-0.817716 -0.102303 0.566458 2.25539 0.568573 0.00997382 0.822572 -25.4087 -0.0898015 0.994703 0.0500112 -48.2719 0 0 0 1 
				9
				-0.890743 -0.129335 0.435716 4.83942 0.44391 -0.0417658 0.895097 -24.7516 -0.0975693 0.990721 0.0946156 -49.7751 0 0 0 1 
				10
				-0.95581 -0.105101 0.274555 7.49884 0.284997 -0.102113 0.953073 -23.3719 -0.0721332 0.989205 0.127554 -51.0584 0 0 0 1 
				11
				-0.997055 0.000452718 0.0766805 10.3309 0.075907 -0.135969 0.987801 -21.1146 0.0108734 0.990713 0.135535 -51.9607 0 0 0 1 
				12
				-0.963632 0.177974 -0.199341 13.7548 -0.217753 -0.0905474 0.971794 -16.7438 0.154904 0.97986 0.126009 -52.7426 0 0 0 1 
				13
				-0.780066 0.346234 -0.521171 16.7804 -0.527937 0.0828484 0.845233 -9.77497 0.335827 0.934483 0.118162 -53.7161 0 0 0 1 
				14
				-0.477635 0.411245 -0.776364 17.965 -0.699559 0.356564 0.619257 -2.26735 0.53149 0.838892 0.117383 -54.8225 0 0 0 1 
				15
				-0.192092 0.368574 -0.909535 17.5154 -0.672828 0.625229 0.395463 3.0198 0.714425 0.687926 0.127885 -55.9497 0 0 0 1 
				16
				0.0209749 0.262495 -0.964705 16.4051 -0.512925 0.831078 0.214983 5.94508 0.858177 0.490312 0.152072 -56.9515 0 0 0 1 
				17
				0.170766 0.0948446 -0.980736 14.8654 -0.280319 0.958901 0.0439237 7.89092 0.944595 0.267419 0.190334 -57.7827 0 0 0 1 
				18
				0.244706 -0.0988576 -0.964544 13.0991 -0.0220822 0.993962 -0.107475 8.88341 0.969346 0.0475989 0.241045 -58.441 0 0 0 1 
				19
				0.252012 -0.284758 -0.92488 11.2869 0.217269 0.947976 -0.232668 9.06571 0.943018 -0.142313 0.300771 -58.9252 0 0 0 1 
				20
				0.217094 -0.440828 -0.870942 9.56069 0.408284 0.851435 -0.329184 8.67032 0.886664 -0.284128 0.364824 -59.254 0 0 0 1 
				21
				0.170116 -0.559209 -0.811385 8.00162 0.539706 0.741785 -0.398085 7.98306 0.824486 -0.370189 0.427998 -59.4812 0 0 0 1 
				22
				0.139688 -0.641912 -0.753947 6.65762 0.613498 0.653768 -0.442953 7.3081 0.777243 -0.40067 0.485135 -59.6997 0 0 0 1 
				23
				0.148704 -0.692682 -0.705746 5.57338 0.635634 0.61367 -0.468379 6.93069 0.757533 -0.378946 0.531548 -60.0357 0 0 0 1 
				24
				0.228113 -0.698407 -0.678374 4.9435 0.581797 0.656448 -0.480196 7.02413 0.780689 -0.285137 0.556076 -60.3453 0 0 0 1 
				25
				0.372296 -0.629764 -0.681757 4.99007 0.417768 0.769648 -0.482816 7.46032 0.828773 -0.105066 0.549632 -60.4555 0 0 0 1 
				26
				0.517071 -0.467395 -0.717062 5.73587 0.134415 0.871692 -0.47126 7.86616 0.845322 0.147291 0.513551 -60.4543 0 0 0 1 
				27
				0.583545 -0.230508 -0.778679 7.02186 -0.237158 0.868696 -0.434882 7.81725 0.776679 0.438444 0.452257 -60.4422 0 0 0 1 
				28
				0.521572 0.0105434 -0.853142 8.50474 -0.610867 0.702696 -0.364772 7.03748 0.595654 0.711411 0.372948 -60.5381 0 0 0 1 
				29
				0.347979 0.167924 -0.92234 9.77847 -0.881799 0.392696 -0.261188 5.52592 0.31834 0.904207 0.284725 -60.8499 0 0 0 1 
				30
				0.139992 0.194924 -0.970776 10.5544 -0.990152 0.0277215 -0.13722 3.54782 0.000163879 0.980426 0.196886 -61.4269 0 0 0 1 
				31
				-0.0189872 0.116045 -0.993063 10.7801 -0.95636 -0.291761 -0.0158084 1.49025 -0.291572 0.949425 0.11652 -62.2233 0 0 0 1 
		</Joint>
			8
				-1
				-0.018988 -0.99297 -0.116835 10.4878 -0.95636 -0.0160399 0.291749 -13.2351 -0.291572 0.117276 -0.949332 -66.7128 0 0 0 1 
				0
				-0.608019 -0.771133 -0.188856 -0.780907 -0.776958 0.529034 0.341261 -19.5138 -0.163246 0.354227 -0.920801 -61.8741 0 0 0 1 
				1
				-0.966156 -0.256588 -0.026527 -11.1418 -0.225912 0.792014 0.567166 -18.9041 -0.124518 0.553964 -0.823176 -56.7984 0 0 0 1 
				2
				-0.907894 0.186121 0.375616 -14.5701 0.409011 0.589651 0.696435 -15.0775 -0.0918608 0.78592 -0.611466 -51.0651 0 0 0 1 
				3
				-0.601643 0.260539 0.755079 -13.2361 0.796493 0.266928 0.542538 -12.4728 -0.0601995 0.92783 -0.368113 -45.9058 0 0 0 1 
				4
				-0.464659 0.233322 0.854197 -12.4949 0.884073 0.176778 0.432624 -11.7109 -0.0500624 0.956195 -0.288415 -44.1948 0 0 0 1 
				5
				-0.555229 0.261964 0.789364 -13.2156 0.829534 0.24283 0.502898 -11.9877 -0.0599396 0.934028 -0.352134 -45.4114 0 0 0 1 
				6
				-0.654166 0.234913 0.718945 -12.7528 0.754098 0.275875 0.596011 -13.4381 -0.0583278 0.932045 -0.357616 -46.434 0 0 0 1 
				7
				-0.738431 0.157966 0.655566 -11.6501 0.67065 0.273459 0.689528 -15.1261 -0.0703484 0.948823 -0.307871 -47.858 0 0 0 1 
				8
				-0.817716 0.0661724 0.571805 -10.3352 0.568573 0.247826 0.784414 -16.6542 -0.0898015 0.966542 -0.240275 -49.6546 0 0 0 1 
				9
				-0.890743 -0.00452167 0.454484 -8.87563 0.44391 0.206005 0.872069 -17.9165 -0.0975693 0.97854 -0.181491 -51.2774 0 0 0 1 
				10
				-0.95581 -0.0218315 0.293173 -7.21808 0.284997 0.175877 0.942254 -18.9837 -0.0721332 0.98417 -0.161883 -52.169 0 0 0 1 
				11
				-0.997055 0.0265944 0.0719224 -5.02106 0.075907 0.209302 0.9749 -19.9459 0.0108734 0.977489 -0.210705 -51.7932 0 0 0 1 
				12
				-0.963632 0.0751955 -0.256432 -1.08257 -0.217753 0.335293 0.916603 -20.0966 0.154904 0.939108 -0.306725 -50.3575 0 0 0 1 
				13
				-0.780066 0.0175959 -0.62545 4.76944 -0.527937 0.518002 0.67302 -17.9038 0.335827 0.855198 -0.394786 -48.5453 0 0 0 1 
				14
				-0.477635 -0.17528 -0.860896 10.6107 -0.699559 0.668672 0.251981 -13.0387 0.53149 0.722602 -0.442 -46.6389 0 0 0 1 
				15
				-0.192092 -0.421051 -0.886463 14.5577 -0.672828 0.714079 -0.193374 -7.33994 0.714425 0.559291 -0.420464 -44.9494 0 0 0 1 
				16
				0.0209749 -0.651528 -0.758335 16.728 -0.512925 0.64406 -0.567534 -1.95258 0.858177 0.400873 -0.320675 -43.7379 0 0 0 1 
				17
