<?xml version='1.0' encoding='UTF-8' ?>
<itpanim>
	<skeleton count>
		25
			0 -1
			1 -0 0 0 0 1 0 0 -0 -0 1 -0 0 0 0 1 
			1 0
			1 -0 0 0 0 1 0 0 -0 -0 1 -0 0 0 0 1 
			2 1
			1 -0 0 0 0 1 0 0 -0 -0 1 -0 0 0 0 1 
			3 2
			1 -0 0 0 0 1 0 0 -0 -0 1 -0 0 0 0 1 
			4 3
			1 -0 0 0 0 1 0 0 -0 -0 1 -0 0 0 0 1 
			5 4
			1 -0 0 0 0 1 0 0 -0 -0 1 -0 0 0 0 1 
			6 5
			1 -0 0 0 0 1 0 0 -0 -0 1 -0 0 0 0 1 
			7 4
			1 -0 0 0 0 1 0 0 -0 -0 1 -0 0 0 0 1 
			8 7
			1 -0 0 0 0 1 0 0 -0 -0 1 -0 0 0 0 1 
			9 8
			1 -0 0 0 0 1 0 0 -0 -0 1 -0 0 0 0 1 
			10 9
			0.476835 0.0205562 0.878752 15.1164 -0.877686 0.0656367 0.474721 22.9661 -0.04792 -0.997632 0.0493397 2.11444 0 0 0 1 
			11 4
			1 -0 0 0 0 1 0 0 -0 -0 1 -0 0 0 0 1 
			12 11
			1 -0 0 0 0 1 0 0 -0 -0 1 -0 0 0 0 1 
			13 12
			1 -0 0 0 0 1 0 0 -0 -0 1 -0 0 0 0 1 
			14 13
			1 -0 0 0 0 1 0 0 -0 -0 1 -0 0 0 0 1 
			15 2
			1 -0 0 0 0 1 0 0 -0 -0 1 -0 0 0 0 1 
			16 15
			1 -0 0 0 0 1 0 0 -0 -0 1 -0 0 0 0 1 
			17 16
			1 -0 0 0 0 1 0 0 -0 -0 1 -0 0 0 0 1 
			18 17
			1 -0 0 0 0 1 0 0 -0 -0 1 -0 0 0 0 1 
			19 18
			1 -0 0 0 0 1 0 0 -0 -0 1 -0 0 0 0 1 
			20 2
			1 -0 0 0 0 1 0 0 -0 -0 1 -0 0 0 0 1 
			21 20
			1 -0 0 0 0 1 0 0 -0 -0 1 -0 0 0 0 1 
			22 21
			1 -0 0 0 0 1 0 0 -0 -0 1 -0 0 0 0 1 
			23 22
			1 -0 0 0 0 1 0 0 -0 -0 1 -0 0 0 0 1 
			24 23
			1 -0 0 0 0 1 0 0 -0 -0 1 -0 0 0 0 1 
	</skeleton>
		<animations>
			49
			0
		</Joint>
			1
		</Joint>
			2
		</Joint>
			3
		</Joint>
			4
		</Joint>
			5
		</Joint>
			6
		</Joint>
			7
		</Joint>
			8
		</Joint>
			9
		</Joint>
			10
				-1
				0.476834 -0.877686 -0.0479201 13.0503 0.020558 0.0656378 -0.997632 0.291281 0.878753 0.474719 0.0493418 -24.2904 0 0 0 1 
				0
				0.476834 -0.877686 -0.0479201 13.0503 0.020558 0.0656378 -0.997632 0.291281 0.878753 0.474719 0.0493418 -24.2904 0 0 0 1 
				1
				0.476834 -0.877686 -0.0479201 13.0503 0.020558 0.0656378 -0.997632 0.291281 0.878753 0.474719 0.0493418 -24.2904 0 0 0 1 
				2
				0.476834 -0.877686 -0.0479201 13.0503 0.020558 0.0656378 -0.997632 0.291281 0.878753 0.474719 0.0493418 -24.2904 0 0 0 1 
				3
				0.476834 -0.877686 -0.0479201 13.0503 0.020558 0.0656378 -0.997632 0.291281 0.878753 0.474719 0.0493418 -24.2904 0 0 0 1 
				4
				0.476834 -0.877686 -0.0479201 13.0503 0.020558 0.0656378 -0.997632 0.291281 0.878753 0.474719 0.0493418 -24.2904 0 0 0 1 
				5
				0.476834 -0.877686 -0.0479201 13.0503 0.020558 0.0656378 -0.997632 0.291281 0.878753 0.474719 0.0493418 -24.2904 0 0 0 1 
				6
				0.476834 -0.877686 -0.0479201 13.0503 0.020558 0.0656378 -0.997632 0.291281 0.878753 0.474719 0.0493418 -24.2904 0 0 0 1 
				7
				0.476834 -0.877686 -0.0479201 13.0503 0.020558 0.0656378 -0.997632 0.291281 0.878753 0.474719 0.0493418 -24.2904 0 0 0 1 
				8
				0.476834 -0.877686 -0.0479201 13.0503 0.020558 0.0656378 -0.997632 0.291281 0.878753 0.474719 0.0493418 -24.2904 0 0 0 1 
				9
				0.476834 -0.877686 -0.0479201 13.0503 0.020558 0.0656378 -0.997632 0.291281 0.878753 0.474719 0.0493418 -24.2904 0 0 0 1 
				10
				0.476834 -0.877686 -0.0479201 13.0503 0.020558 0.0656378 -0.997632 0.291281 0.878753 0.474719 0.0493418 -24.2904 0 0 0 1 
				11
				0.476834 -0.877686 -0.0479201 13.0503 0.020558 0.0656378 -0.997632 0.291281 0.878753 0.474719 0.0493418 -24.2904 0 0 0 1 
				12
				0.476834 -0.877686 -0.0479201 13.0503 0.020558 0.0656378 -0.997632 0.291281 0.878753 0.474719 0.0493418 -24.2904 0 0 0 1 
				13
				0.476834 -0.877686 -0.0479201 13.0503 0.020558 0.0656378 -0.997632 0.291281 0.878753 0.474719 0.0493418 -24.2904 0 0 0 1 
				14
				0.476834 -0.877686 -0.0479201 13.0503 0.020558 0.0656378 -0.997632 0.291281 0.878753 0.474719 0.0493418 -24.2904 0 0 0 1 
				15
				0.476834 -0.877686 -0.0479201 13.0503 0.020558 0.0656378 -0.997632 0.291281 0.878753 0.474719 0.0493418 -24.2904 0 0 0 1 
				16
				0.476834 -0.877686 -0.0479201 13.0503 0.020558 0.0656378 -0.997632 0.291281 0.878753 0.474719 0.0493418 -24.2904 0 0 0 1 
				17
				0.476834 -0.877686 -0.0479201 13.0503 0.020558 0.0656378 -0.997632 0.291281 0.878753 0.474719 0.0493418 -24.2904 0 0 0 1 
				18
				0.476834 -0.877686 -0.0479201 13.0503 0.020558 0.0656378 -0.997632 0.291281 0.878753 0.474719 0.0493418 -24.2904 0 0 0 1 
				19
				0.476834 -0.877686 -0.0479201 13.0503 0.020558 0.0656378 -0.997632 0.291281 0.878753 0.474719 0.0493418 -24.2904 0 0 0 1 
				20
				0.476834 -0.877686 -0.0479201 13.0503 0.020558 0.0656378 -0.997632 0.291281 0.878753 0.474719 0.0493418 -24.2904 0 0 0 1 
				21
				0.476834 -0.877686 -0.0479201 13.0503 0.020558 0.0656378 -0.997632 0.291281 0.878753 0.474719 0.0493418 -24.2904 0 0 0 1 
				22
				0.476834 -0.877686 -0.0479201 13.0503 0.020558 0.0656378 -0.997632 0.291281 0.878753 0.474719 0.0493418 -24.2904 0 0 0 1 
				23
				0.476834 -0.877686 -0.0479201 13.0503 0.020558 0.0656378 -0.997632 0.291281 0.878753 0.474719 0.0493418 -24.2904 0 0 0 1 
				24
				0.476834 -0.877686 -0.0479201 13.0503 0.020558 0.0656378 -0.997632 0.291281 0.878753 0.474719 0.0493418 -24.2904 0 0 0 1 
				25
				0.476834 -0.877686 -0.0479201 13.0503 0.020558 0.0656378 -0.997632 0.291281 0.878753 0.474719 0.0493418 -24.2904 0 0 0 1 
				26
				0.476834 -0.877686 -0.0479201 13.0503 0.020558 0.0656378 -0.997632 0.291281 0.878753 0.474719 0.0493418 -24.2904 0 0 0 1 
				27
				0.476834 -0.877686 -0.0479201 13.0503 0.020558 0.0656378 -0.997632 0.291281 0.878753 0.474719 0.0493418 -24.2904 0 0 0 1 
				28
				0.476834 -0.877686 -0.0479201 13.0503 0.020558 0.0656378 -0.997632 0.291281 0.878753 0.474719 0.0493418 -24.2904 0 0 0 1 
				29
				0.476834 -0.877686 -0.0479201 13.0503 0.020558 0.0656378 -0.997632 0.291281 0.878753 0.474719 0.0493418 -24.2904 0 0 0 1 
				30
				0.476834 -0.877686 -0.0479201 13.0503 0.020558 0.0656378 -0.997632 0.291281 0.878753 0.474719 0.0493418 -24.2904 0 0 0 1 
				31
				0.476834 -0.877686 -0.0479201 13.0503 0.020558 0.0656378 -0.997632 0.291281 0.878753 0.474719 0.0493418 -24.2904 0 0 0 1 
				32
				0.476834 -0.877686 -0.0479201 13.0503 0.020558 0.0656378 -0.997632 0.291281 0.878753 0.474719 0.0493418 -24.2904 0 0 0 1 
				33
				0.476834 -0.877686 -0.0479201 13.0503 0.020558 0.0656378 -0.997632 0.291281 0.878753 0.474719 0.0493418 -24.2904 0 0 0 1 
				34
				0.476834 -0.877686 -0.0479201 13.0503 0.020558 0.0656378 -0.997632 0.291281 0.878753 0.474719 0.0493418 -24.2904 0 0 0 1 
				35
				0.476834 -0.877686 -0.0479201 13.0503 0.020558 0.0656378 -0.997632 0.291281 0.878753 0.474719 0.0493418 -24.2904 0 0 0 1 
				36
				0.476834 -0.877686 -0.0479201 13.0503 0.020558 0.0656378 -0.997632 0.291281 0.878753 0.474719 0.0493418 -24.2904 0 0 0 1 
				37
				0.476834 -0.877686 -0.0479201 13.0503 0.020558 0.0656378 -0.997632 0.291281 0.878753 0.474719 0.0493418 -24.2904 0 0 0 1 
				38
				0.476834 -0.877686 -0.0479201 13.0503 0.020558 0.0656378 -0.997632 0.291281 0.878753 0.474719 0.0493418 -24.2904 0 0 0 1 
				39
				0.476834 -0.877686 -0.0479201 13.0503 0.020558 0.0656378 -0.997632 0.291281 0.878753 0.474719 0.0493418 -24.2904 0 0 0 1 
				40
				0.476834 -0.877686 -0.0479201 13.0503 0.020558 0.0656378 -0.997632 0.291281 0.878753 0.474719 0.0493418 -24.2904 0 0 0 1 
				41
				0.476834 -0.877686 -0.0479201 13.0503 0.020558 0.0656378 -0.997632 0.291281 0.878753 0.474719 0.0493418 -24.2904 0 0 0 1 
				42
				0.476834 -0.877686 -0.0479201 13.0503 0.020558 0.0656378 -0.997632 0.291281 0.878753 0.474719 0.0493418 -24.2904 0 0 0 1 
				43
				0.476834 -0.877686 -0.0479201 13.0503 0.020558 0.0656378 -0.997632 0.291281 0.878753 0.474719 0.0493418 -24.2904 0 0 0 1 
				44
				0.476834 -0.877686 -0.0479201 13.0503 0.020558 0.0656378 -0.997632 0.291281 0.878753 0.474719 0.0493418 -24.2904 0 0 0 1 
				45
				0.476834 -0.877686 -0.0479201 13.0503 0.020558 0.0656378 -0.997632 0.291281 0.878753 0.474719 0.0493418 -24.2904 0 0 0 1 
				46
				0.476834 -0.877686 -0.0479201 13.0503 0.020558 0.0656378 -0.997632 0.291281 0.878753 0.474719 0.0493418 -24.2904 0 0 0 1 
				47
				0.476834 -0.877686 -0.0479201 13.0503 0.020558 0.0656378 -0.997632 0.291281 0.878753 0.474719 0.0493418 -24.2904 0 0 0 1 
		</Joint>
			11
		</Joint>
			12
		</Joint>
			13
		</Joint>
			14
		</Joint>
			15
		</Joint>
			16
		</Joint>
			17
		</Joint>
			18
		</Joint>
			19
		</Joint>
			20
		</Joint>
			21
		</Joint>
			22
		</Joint>
			23
		</Joint>
			24
		</Joint>
		</animation>
</animations>
</itpanim>