<?xml version='1.0' encoding='UTF-8' ?>
<itpanim>
	<skeleton count>
		25
			0 -1
			1 -0 0 0 0 1 0 0 -0 -0 1 -0 0 0 0 1 
			1 0
			1 -0 0 0 0 1 0 0 -0 -0 1 -0 0 0 0 1 
			2 1
			1 -0 0 0 0 1 0 0 -0 -0 1 -0 0 0 0 1 
			3 2
			1 -0 0 0 0 1 0 0 -0 -0 1 -0 0 0 0 1 
			4 3
			1 -0 0 0 0 1 0 0 -0 -0 1 -0 0 0 0 1 
			5 4
			1 -0 0 0 0 1 0 0 -0 -0 1 -0 0 0 0 1 
			6 5
			1 -0 0 0 0 1 0 0 -0 -0 1 -0 0 0 0 1 
			7 4
			1 -0 0 0 0 1 0 0 -0 -0 1 -0 0 0 0 1 
			8 7
			1 -0 0 0 0 1 0 0 -0 -0 1 -0 0 0 0 1 
			9 8
			1 -0 0 0 0 1 0 0 -0 -0 1 -0 0 0 0 1 
			10 9
			1 -0 0 0 0 1 0 0 -0 -0 1 -0 0 0 0 1 
			11 4
			1 -0 0 0 0 1 0 0 -0 -0 1 -0 0 0 0 1 
			12 11
			1 -0 0 0 0 1 0 0 -0 -0 1 -0 0 0 0 1 
			13 12
			1 -0 0 0 0 1 0 0 -0 -0 1 -0 0 0 0 1 
			14 13
			-0.476835 0.0205548 0.878752 15.1088 0.877685 0.0656393 0.474721 22.9692 -0.0479229 0.997632 -0.0493397 -2.11449 0 0 0 1 
			15 2
			1 -0 0 0 0 1 0 0 -0 -0 1 -0 0 0 0 1 
			16 15
			1 -0 0 0 0 1 0 0 -0 -0 1 -0 0 0 0 1 
			17 16
			1 -0 0 0 0 1 0 0 -0 -0 1 -0 0 0 0 1 
			18 17
			1 -0 0 0 0 1 0 0 -0 -0 1 -0 0 0 0 1 
			19 18
			1 -0 0 0 0 1 0 0 -0 -0 1 -0 0 0 0 1 
			20 2
			1 -0 0 0 0 1 0 0 -0 -0 1 -0 0 0 0 1 
			21 20
			1 -0 0 0 0 1 0 0 -0 -0 1 -0 0 0 0 1 
			22 21
			1 -0 0 0 0 1 0 0 -0 -0 1 -0 0 0 0 1 
			23 22
			1 -0 0 0 0 1 0 0 -0 -0 1 -0 0 0 0 1 
			24 23
			1 -0 0 0 0 1 0 0 -0 -0 1 -0 0 0 0 1 
	</skeleton>
		<animations>
			25
			0
		</Joint>
			1
		</Joint>
			2
		</Joint>
			3
		</Joint>
			4
		</Joint>
			5
		</Joint>
			6
		</Joint>
			7
		</Joint>
			8
		</Joint>
			9
		</Joint>
			10
		</Joint>
			11
		</Joint>
			12
		</Joint>
			13
		</Joint>
			14
				-1
				-0.406673 0.757677 -0.510435 -13.6932 -0.774443 0.010472 0.632557 -4.64172 0.484619 0.652546 0.582519 -26.484 0 0 0 1 
				0
				-0.736709 0.435534 -0.517272 -17.5127 -0.671478 -0.380838 0.635672 2.21432 0.07986 0.815642 0.573018 -32.8782 0 0 0 1 
				1
				-0.885023 0.0327737 -0.464393 -19.2149 -0.332652 -0.742378 0.581565 11.8272 -0.325695 0.669179 0.667924 -40.0653 0 0 0 1 
				2
				-0.850909 -0.273326 -0.448605 -18.5691 0.102418 -0.923908 0.368654 23.252 -0.515232 0.267746 0.814155 -43.7802 0 0 0 1 
				3
				-0.777349 -0.407993 -0.478822 -17.279 0.443412 -0.895286 0.04299 34.5429 -0.446223 -0.178897 0.876859 -41.4288 0 0 0 1 
				4
				-0.759093 -0.431401 -0.487516 -16.7913 0.607059 -0.739528 -0.290822 44.7846 -0.235071 -0.516712 0.823256 -32.4507 0 0 0 1 
				5
				-0.786818 -0.418029 -0.454058 -17.0911 0.617172 -0.528145 -0.583234 53.3166 0.00400053 -0.739131 0.67355 -19.4288 0 0 0 1 
				6
				-0.828022 -0.392797 -0.400112 -17.6629 0.52371 -0.286927 -0.802123 59.2096 0.200269 -0.873719 0.443293 -6.30514 0 0 0 1 
				7
				-0.857306 -0.37266 -0.355179 -18.0609 0.388234 -0.0149169 -0.921441 62.1191 0.338086 -0.927848 0.157468 3.62692 0 0 0 1 
				8
				-0.873719 -0.361459 -0.325518 -18.2702 0.350794 -0.00461104 -0.936442 63.9377 0.336984 -0.932377 0.130826 3.79321 0 0 0 1 
				9
				-0.888868 -0.348511 -0.29741 -18.4821 0.32102 -0.0105954 -0.947013 64.1571 0.326894 -0.937245 0.121297 1.60732 0 0 0 1 
				10
				-0.903286 -0.33387 -0.269453 -18.6904 0.293889 -0.0239404 -0.95554 63.6761 0.312576 -0.942315 0.119746 -1.11574 0 0 0 1 
				11
				-0.917132 -0.318383 -0.239792 -18.8877 0.264368 -0.0356737 -0.963762 63.4926 0.298291 -0.947291 0.116888 -2.57978 0 0 0 1 
				12
				-0.930404 -0.301925 -0.20782 -19.0736 0.231678 -0.0450641 -0.971749 63.8399 0.28403 -0.952266 0.111877 -2.26247 0 0 0 1 
				13
				-0.942809 -0.283849 -0.174757 -19.2469 0.198267 -0.056088 -0.978542 64.2433 0.267956 -0.957227 0.109158 -1.11255 0 0 0 1 
				14
				-0.953968 -0.264669 -0.141048 -19.4009 0.164236 -0.067517 -0.984108 64.6134 0.25094 -0.961973 0.107877 0.286409 0 0 0 1 
				15
				-0.963623 -0.244834 -0.10718 -19.5312 0.12981 -0.0781955 -0.988451 64.9247 0.233625 -0.966407 0.107133 1.33634 0 0 0 1 
				16
				-0.971693 -0.224609 -0.0732314 -19.6368 0.0950332 -0.0878302 -0.991592 64.4225 0.216288 -0.970483 0.106689 1.21886 0 0 0 1 
				17
				-0.978227 -0.203811 -0.0391526 -19.7182 0.0599228 -0.0967559 -0.993503 63.9106 0.198699 -0.974217 0.106862 1.04079 0 0 0 1 
				18
				-0.983195 -0.182491 -0.00502057 -19.7751 0.024547 -0.104899 -0.99418 63.3917 0.180902 -0.977596 0.107616 0.816175 0 0 0 1 
				19
				-0.986574 -0.160706 0.0290928 -19.807 -0.0110253 -0.112192 -0.993626 62.8683 0.162946 -0.980605 0.108914 0.559144 0 0 0 1 
				20
				-0.988344 -0.138534 0.0631268 -19.8138 -0.0467303 -0.118573 -0.991845 62.3423 0.14489 -0.983234 0.110717 0.283549 0 0 0 1 
				21
				-0.988494 -0.116053 0.0970183 -19.7953 -0.0824969 -0.123985 -0.988849 61.8159 0.126787 -0.985475 0.112984 0.00317136 0 0 0 1 
				22
				-0.987018 -0.0933395 0.130705 -19.7516 -0.118251 -0.128377 -0.98465 61.2914 0.108686 -0.987323 0.115673 -0.267897 0 0 0 1 
				23
				-0.983917 -0.0704836 0.16413 -19.6828 -0.153919 -0.131707 -0.979266 60.7714 0.0906393 -0.98878 0.11874 -0.515526 0 0 0 1 
		</Joint>
			15
		</Joint>
			16
		</Joint>
			17
		</Joint>
			18
		</Joint>
			19
		</Joint>
			20
		</Joint>
			21
		</Joint>
			22
		</Joint>
			23
		</Joint>
			24
		</Joint>
		</animation>
</animations>
</itpanim>