<?xml version='1.0' encoding='UTF-8' ?>
<itpanim>
	<skeleton count>
		25
			0 -1
			1.37091e-06 -1 -6.12323e-17 1e-06 1 1.37091e-06 -6.12323e-17 -1.37225e-12 6.12323e-17 -6.12323e-17 1 21.9617 0 0 0 1 
			1 0
			1.3868e-06 -2.28068e-12 -1 -21.9617 2.75771e-06 -1 6.10495e-12 1.00008e-06 -1 -2.75771e-06 -1.3868e-06 -3.04564e-05 0 0 0 1 
			2 1
			-0.000205999 -0.000823318 -1 -24.8731 -1.2413e-06 -1 0.000823318 0.0257198 -1 1.41091e-06 0.000205998 0.00512379 0 0 0 1 
			3 2
			-0.000383999 -0.00100932 -0.999999 -31.4555 -1.03656e-06 -0.999999 0.00100932 0.036812 -1 1.42414e-06 0.000383997 0.0107229 0 0 0 1 
			4 3
			-0.000383999 -0.00100932 -0.999999 -38.038 -1.03656e-06 -0.999999 0.00100932 0.0388247 -1 1.42414e-06 0.000383997 0.0107228 0 0 0 1 
			5 4
			1.34309e-06 9.82436e-13 -1 -40.5657 -1.40269e-06 -1 -2.86637e-12 -0.00211895 -1 1.40269e-06 -1.34309e-06 -0.00490874 0 0 0 1 
			6 5
			1 -0 0 0 0 1 0 0 -0 -0 1 -0 0 0 0 1 
			7 4
			0.950432 6.75818e-05 0.310933 10.539 -1.42282e-06 1 -0.000213002 -0.00652172 -0.310933 0.000202002 0.950432 36.5745 0 0 0 1 
			8 7
			0.476976 0.0235788 0.8786 28.6752 0.0457762 0.997617 -0.0516239 -2.17945 -0.877723 0.0648423 0.47476 23.1227 0 0 0 1 
			9 8
			0.476835 0.0205561 0.878752 22.2236 0.0472212 0.997684 -0.0489616 -2.11213 -0.877724 0.0648423 0.47476 23.1227 0 0 0 1 
			10 9
			0.476835 0.0205561 0.878752 15.4032 -0.877686 0.0656367 0.474721 23.121 -0.04792 -0.997632 0.0493396 2.13054 0 0 0 1 
			11 4
			-0.950193 6.50589e-05 0.311663 10.5594 -1.39561e-06 1 -0.000213002 -0.00652172 -0.311663 -0.000202828 -0.950193 -36.5678 0 0 0 1 
			12 11
			-0.476976 0.0235775 0.8786 28.6676 -0.045779 0.997617 -0.0516239 -2.17948 -0.877723 -0.0648447 -0.47476 -23.1259 0 0 0 1 
			13 12
			-0.476835 0.0205548 0.878752 22.216 -0.0472239 0.997684 -0.0489616 -2.11218 -0.877723 -0.0648447 -0.47476 -23.1259 0 0 0 1 
			14 13
			-0.476835 0.0205547 0.878752 15.3956 0.877685 0.0656391 0.474721 23.1242 -0.0479228 0.997632 -0.0493396 -2.13059 0 0 0 1 
			15 2
			1.37369e-06 -0.0998331 0.995004 21.852 0 -0.995004 -0.0998331 -2.1925 1 1.3714e-07 -1.36683e-06 -4.26131 0 0 0 1 
			16 15
			1.37369e-06 0.0998335 0.995004 12.303 0 -0.995004 0.0998335 0.256849 1 -1.3714e-07 -1.36683e-06 -4.26131 0 0 0 1 
			17 16
			1.3716e-06 -6.00745e-14 1 2.57273 0 -1 -6.00745e-14 4.22662e-06 1 8.23984e-20 -1.3716e-06 -4.26131 0 0 0 1 
			18 17
			1.3723e-06 -1 -6.00133e-14 -5.50713 0 6.00133e-14 -1 -0.331805 1 1.3723e-06 8.23562e-20 -4.26131 0 0 0 1 
			19 18
			1 -0 0 0 0 1 0 0 -0 -0 1 -0 0 0 0 1 
			20 2
			1.37369e-06 -0.0998331 0.995004 21.852 0 -0.995004 -0.0998331 -2.1925 1 1.3714e-07 -1.36683e-06 4.26131 0 0 0 1 
			21 20
			1.37369e-06 0.0998335 0.995004 12.303 0 -0.995004 0.0998335 0.256849 1 -1.3714e-07 -1.36683e-06 4.26131 0 0 0 1 
			22 21
			1.3716e-06 -6.00745e-14 1 2.57273 0 -1 -6.00745e-14 4.22662e-06 1 8.23984e-20 -1.3716e-06 4.26131 0 0 0 1 
			23 22
			1.3723e-06 -1 -6.00133e-14 -5.50713 0 6.00133e-14 -1 -0.331804 1 1.3723e-06 8.23562e-20 4.26131 0 0 0 1 
			24 23
			1 -0 0 0 0 1 0 0 -0 -0 1 -0 0 0 0 1 
	</skeleton>
		<animations>
			17
			0
				-1
				1.33158e-06 1 0 0 -1 1.33158e-06 0 9.75445e-07 -0 -0 1 -21.7314 0 0 0 1 
				0
				1.33158e-06 1 0 0 -1 1.33158e-06 0 9.57379e-07 -0 -0 1 -22.1447 0 0 0 1 
				1
				1.33158e-06 1 0 0 -1 1.33158e-06 0 9.36743e-07 -0 -0 1 -22.6168 0 0 0 1 
				2
				1.33158e-06 1 0 0 -1 1.33158e-06 0 9.15088e-07 -0 -0 1 -23.1122 0 0 0 1 
				3
				1.33158e-06 1 0 0 -1 1.33158e-06 0 8.93967e-07 -0 -0 1 -23.5954 0 0 0 1 
				4
				1.33158e-06 1 0 0 -1 1.33158e-06 0 8.74882e-07 -0 -0 1 -24.032 0 0 0 1 
				5
				1.33158e-06 1 0 0 -1 1.33158e-06 0 8.59338e-07 -0 -0 1 -24.3876 0 0 0 1 
				6
				1.33158e-06 1 0 0 -1 1.33158e-06 0 8.48886e-07 -0 -0 1 -24.6267 0 0 0 1 
				7
				1.46474e-06 1 0 0 -1 1.46474e-06 0 8.45079e-07 -0 -0 1 -24.7138 0 0 0 1 
				8
				1.46474e-06 1 0 0 -1 1.46474e-06 0 8.48886e-07 -0 -0 1 -24.6267 0 0 0 1 
				9
				1.46474e-06 1 0 0 -1 1.46474e-06 0 8.59338e-07 -0 -0 1 -24.3876 0 0 0 1 
				10
				1.46474e-06 1 0 0 -1 1.46474e-06 0 8.74882e-07 -0 -0 1 -24.032 0 0 0 1 
				11
				1.46474e-06 1 0 0 -1 1.46474e-06 0 8.93967e-07 -0 -0 1 -23.5954 0 0 0 1 
				12
				1.46474e-06 1 0 0 -1 1.46474e-06 0 9.15088e-07 -0 -0 1 -23.1122 0 0 0 1 
				13
				1.46474e-06 1 0 0 -1 1.46474e-06 0 9.36743e-07 -0 -0 1 -22.6168 0 0 0 1 
				14
				1.46474e-06 1 0 0 -1 1.46474e-06 0 9.57379e-07 -0 -0 1 -22.1447 0 0 0 1 
				15
				1.46474e-06 1 0 0 -1 1.46474e-06 0 9.75445e-07 -0 -0 1 -21.7314 0 0 0 1 
		</Joint>
			1
				-1
				1.33158e-06 2.66316e-06 -1 0 0 -1 -2.66316e-06 9.75445e-07 -1 3.54621e-12 -1.33158e-06 -21.7314 0 0 0 1 
				0
				1.33158e-06 2.66316e-06 -1 0 0 -1 -2.66316e-06 9.57379e-07 -1 3.54621e-12 -1.33158e-06 -22.1447 0 0 0 1 
				1
				1.33158e-06 2.66316e-06 -1 0 0 -1 -2.66316e-06 9.36743e-07 -1 3.54621e-12 -1.33158e-06 -22.6168 0 0 0 1 
				2
				1.33158e-06 2.66316e-06 -1 0 0 -1 -2.66316e-06 9.15088e-07 -1 3.54621e-12 -1.33158e-06 -23.1122 0 0 0 1 
				3
				1.33158e-06 2.66316e-06 -1 0 0 -1 -2.66316e-06 8.93967e-07 -1 3.54621e-12 -1.33158e-06 -23.5954 0 0 0 1 
				4
				1.33158e-06 2.66316e-06 -1 0 0 -1 -2.66316e-06 8.74882e-07 -1 3.54621e-12 -1.33158e-06 -24.032 0 0 0 1 
				5
				1.33158e-06 2.66316e-06 -1 0 0 -1 -2.66316e-06 8.59338e-07 -1 3.54621e-12 -1.33158e-06 -24.3876 0 0 0 1 
				6
				1.33158e-06 2.66316e-06 -1 0 0 -1 -2.66316e-06 8.48886e-07 -1 3.54621e-12 -1.33158e-06 -24.6267 0 0 0 1 
				7
				1.33158e-06 2.79632e-06 -1 0 0 -1 -2.79632e-06 8.45079e-07 -1 3.72352e-12 -1.33158e-06 -24.7138 0 0 0 1 
				8
				1.33158e-06 2.79632e-06 -1 0 0 -1 -2.79632e-06 8.48886e-07 -1 3.72352e-12 -1.33158e-06 -24.6267 0 0 0 1 
				9
				1.33158e-06 2.79632e-06 -1 0 0 -1 -2.79632e-06 8.59338e-07 -1 3.72352e-12 -1.33158e-06 -24.3876 0 0 0 1 
				10
				1.33158e-06 2.79632e-06 -1 0 0 -1 -2.79632e-06 8.74882e-07 -1 3.72352e-12 -1.33158e-06 -24.032 0 0 0 1 
				11
				1.33158e-06 2.79632e-06 -1 0 0 -1 -2.79632e-06 8.93967e-07 -1 3.72352e-12 -1.33158e-06 -23.5954 0 0 0 1 
				12
				1.33158e-06 2.79632e-06 -1 0 0 -1 -2.79632e-06 9.15088e-07 -1 3.72352e-12 -1.33158e-06 -23.1122 0 0 0 1 
				13
				1.33158e-06 2.79632e-06 -1 0 0 -1 -2.79632e-06 9.36743e-07 -1 3.72352e-12 -1.33158e-06 -22.6168 0 0 0 1 
				14
				1.33158e-06 2.79632e-06 -1 0 0 -1 -2.79632e-06 9.57379e-07 -1 3.72352e-12 -1.33158e-06 -22.1447 0 0 0 1 
				15
				1.33158e-06 2.79632e-06 -1 0 0 -1 -2.79632e-06 9.75445e-07 -1 3.72352e-12 -1.33158e-06 -21.7314 0 0 0 1 
		</Joint>
			2
				-1
				-0.000201565 -1.28234e-06 -1 4.03024e-06 -0.0008487 -1 1.45341e-06 0.00523745 -1 0.0008487 0.000201564 -24.6429 0 0 0 1 
				0
				-0.000176196 -1.31363e-06 -1 4.03036e-06 -0.000842319 -1 1.46204e-06 0.00523742 -1 0.000842319 0.000176195 -25.0561 0 0 0 1 
				1
				-0.000150827 -1.34476e-06 -1 4.0304e-06 -0.000835937 -1 1.47084e-06 0.00523737 -1 0.000835938 0.000150826 -25.5283 0 0 0 1 
				2
				-0.000125458 -1.37573e-06 -1 4.03055e-06 -0.000829556 -1 1.4798e-06 0.00523733 -1 0.000829556 0.000125457 -26.0237 0 0 0 1 
				3
				-0.000100089 -1.40654e-06 -1 4.03064e-06 -0.000823175 -1 1.48893e-06 0.00523729 -1 0.000823175 0.000100087 -26.5069 0 0 0 1 
				4
				-7.23792e-05 -1.44e-06 -1 4.03077e-06 -0.000816205 -1 1.49908e-06 0.00523725 -1 0.000816205 7.2378e-05 -26.9435 0 0 0 1 
				5
				-4.30081e-05 -1.47526e-06 -1 4.03089e-06 -0.000808817 -1 1.51004e-06 0.00523722 -1 0.000808817 4.30069e-05 -27.2991 0 0 0 1 
				6
				-1.68082e-05 -1.50653e-06 -1 4.03101e-06 -0.000802227 -1 1.52001e-06 0.0052372 -1 0.000802227 1.6807e-05 -27.5382 0 0 0 1 
				7
				1.3879e-06 -1.39499e-06 -1 4.03038e-06 -0.000797649 -1 1.39388e-06 0.00523719 -1 0.000797649 -1.38901e-06 -27.6253 0 0 0 1 
				8
				8.56102e-06 -1.40349e-06 -1 4.03041e-06 -0.000795845 -1 1.39668e-06 0.0052372 -1 0.000795845 -8.56213e-06 -27.5382 0 0 0 1 
				9
				7.73018e-06 -1.4025e-06 -1 4.03041e-06 -0.000796054 -1 1.39635e-06 0.00523722 -1 0.000796054 -7.73129e-06 -27.2991 0 0 0 1 
				10
				3.7282e-06 -1.39776e-06 -1 4.03039e-06 -0.000797061 -1 1.39479e-06 0.00523725 -1 0.000797061 -3.72931e-06 -26.9435 0 0 0 1 
				11
				1.3879e-06 -1.39499e-06 -1 4.03038e-06 -0.000797649 -1 1.39388e-06 0.00523729 -1 0.000797649 -1.38901e-06 -26.5069 0 0 0 1 
				12
				1.3879e-06 -1.39499e-06 -1 4.03038e-06 -0.000797649 -1 1.39388e-06 0.00523733 -1 0.000797649 -1.38901e-06 -26.0237 0 0 0 1 
				13
				1.3879e-06 -1.39499e-06 -1 4.03038e-06 -0.00079765 -1 1.39388e-06 0.00523737 -1 0.00079765 -1.38901e-06 -25.5283 0 0 0 1 
				14
				1.3879e-06 -1.39499e-06 -1 4.03038e-06 -0.000797649 -1 1.39388e-06 0.00523741 -1 0.000797649 -1.38901e-06 -25.0561 0 0 0 1 
				15
				1.3879e-06 -1.39499e-06 -1 4.03038e-06 -0.000797649 -1 1.39388e-06 0.00523745 -1 0.000797649 -1.38901e-06 -24.6429 0 0 0 1 
		</Joint>
			3
				-1
				-0.000413965 -1.06196e-06 -1 -0.00132277 -0.000821564 -1 1.40205e-06 0.00489236 -1 0.000821565 0.000413964 -31.2253 0 0 0 1 
				0
				-0.000362046 -1.1236e-06 -1 -0.00115577 -0.000818575 -1 1.41997e-06 0.00493433 -1 0.000818575 0.000362045 -31.6386 0 0 0 1 
				1
				-0.000310127 -1.18535e-06 -1 -0.000988784 -0.000815585 -1 1.43829e-06 0.00497629 -1 0.000815586 0.000310126 -32.1107 0 0 0 1 
				2
				-0.000258208 -1.2472e-06 -1 -0.000821793 -0.000812596 -1 1.45702e-06 0.00501826 -1 0.000812596 0.000258206 -32.6061 0 0 0 1 
				3
				-0.000206288 -1.30915e-06 -1 -0.000654803 -0.000809607 -1 1.47616e-06 0.00506022 -1 0.000809607 0.000206287 -33.0893 0 0 0 1 
				4
				-0.00014958 -1.37693e-06 -1 -0.000472407 -0.000806342 -1 1.49754e-06 0.00510606 -1 0.000806342 0.000149579 -33.5259 0 0 0 1 
				5
				-8.94706e-05 -1.4489e-06 -1 -0.000279074 -0.000802881 -1 1.52074e-06 0.00515466 -1 0.000802881 8.94694e-05 -33.8815 0 0 0 1 
				6
				-3.58512e-05 -1.51322e-06 -1 -0.000106614 -0.000799794 -1 1.54189e-06 0.00519802 -1 0.000799794 3.58499e-05 -34.1206 0 0 0 1 
				7
				1.38788e-06 -1.42479e-06 -1 1.31591e-05 -0.000797649 -1 1.42368e-06 0.00522814 -1 0.000797649 -1.38901e-06 -34.2077 0 0 0 1 
				8
				1.6068e-05 -1.44356e-06 -1 6.03756e-05 -0.000796804 -1 1.43076e-06 0.00524002 -1 0.000796804 -1.60691e-05 -34.1206 0 0 0 1 
				9
				1.43676e-05 -1.44039e-06 -1 5.49067e-05 -0.000796902 -1 1.42894e-06 0.00523867 -1 0.000796902 -1.43688e-05 -33.8815 0 0 0 1 
				10
				6.17741e-06 -1.43091e-06 -1 2.85639e-05 -0.000797374 -1 1.42599e-06 0.00523207 -1 0.000797374 -6.17855e-06 -33.5259 0 0 0 1 
				11
				1.38788e-06 -1.42479e-06 -1 1.31591e-05 -0.000797649 -1 1.42368e-06 0.00522824 -1 0.000797649 -1.38901e-06 -33.0893 0 0 0 1 
				12
				1.38788e-06 -1.42479e-06 -1 1.31591e-05 -0.000797649 -1 1.42368e-06 0.00522828 -1 0.000797649 -1.38901e-06 -32.6061 0 0 0 1 
				13
				1.38788e-06 -1.42479e-06 -1 1.31591e-05 -0.00079765 -1 1.42368e-06 0.00522832 -1 0.00079765 -1.38901e-06 -32.1107 0 0 0 1 
				14
				1.38788e-06 -1.42479e-06 -1 1.31591e-05 -0.000797649 -1 1.42368e-06 0.00522836 -1 0.000797649 -1.38901e-06 -31.6386 0 0 0 1 
				15
				1.38788e-06 -1.42479e-06 -1 1.31591e-05 -0.000797649 -1 1.42368e-06 0.0052284 -1 0.000797649 -1.38901e-06 -31.2253 0 0 0 1 
		</Joint>
			4
				-1
				-0.000413965 -1.06196e-06 -1 -0.00404766 -0.000821564 -1 1.40205e-06 0.00149721 -1 0.000821565 0.000413964 -37.8077 0 0 0 1 
				0
				-0.000362046 -1.1236e-06 -1 -0.00353892 -0.000818575 -1 1.41997e-06 0.00155886 -1 0.000818575 0.000362045 -38.221 0 0 0 1 
				1
				-0.000310127 -1.18535e-06 -1 -0.00303017 -0.000815585 -1 1.43829e-06 0.0016205 -1 0.000815586 0.000310126 -38.6931 0 0 0 1 
				2
				-0.000258208 -1.2472e-06 -1 -0.00252143 -0.000812596 -0.999999 1.45702e-06 0.00168214 -0.999999 0.000812596 0.000258206 -39.1885 0 0 0 1 
				3
				-0.000206288 -1.30915e-06 -1 -0.00201268 -0.000809607 -1 1.47616e-06 0.00174378 -1 0.000809607 0.000206287 -39.6717 0 0 0 1 
				4
				-0.00014958 -1.37693e-06 -1 -0.00145701 -0.000806342 -1 1.49754e-06 0.00181111 -1 0.000806342 0.000149579 -40.1083 0 0 0 1 
				5
				-8.94706e-05 -1.4489e-06 -1 -0.00086801 -0.000802881 -1 1.52074e-06 0.00188249 -1 0.000802881 8.94694e-05 -40.4639 0 0 0 1 
				6
				-3.58512e-05 -1.51322e-06 -1 -0.000342605 -0.000799794 -1 1.54189e-06 0.00194617 -1 0.000799794 3.58499e-05 -40.703 0 0 0 1 
				7
				1.38788e-06 -1.42479e-06 -1 2.22919e-05 -0.000797649 -1 1.42368e-06 0.00199041 -1 0.000797649 -1.38901e-06 -40.7901 0 0 0 1 
				8
				1.6068e-05 -1.44356e-06 -1 0.000166139 -0.000796804 -1 1.43076e-06 0.00200786 -1 0.000796804 -1.60691e-05 -40.703 0 0 0 1 
				9
				1.43676e-05 -1.44039e-06 -1 0.000149478 -0.000796902 -1 1.42894e-06 0.00200586 -1 0.000796902 -1.43688e-05 -40.4639 0 0 0 1 
				10
				6.17741e-06 -1.43091e-06 -1 6.92236e-05 -0.000797374 -1 1.42599e-06 0.00199616 -1 0.000797374 -6.17855e-06 -40.1083 0 0 0 1 
				11
				1.38788e-06 -1.42479e-06 -1 2.22919e-05 -0.000797649 -1 1.42368e-06 0.0019905 -1 0.000797649 -1.38901e-06 -39.6717 0 0 0 1 
				12
				1.38788e-06 -1.42479e-06 -1 2.22919e-05 -0.000797649 -1 1.42368e-06 0.00199055 -1 0.000797649 -1.38901e-06 -39.1885 0 0 0 1 
				13
				1.38788e-06 -1.42479e-06 -1 2.22919e-05 -0.00079765 -1 1.42368e-06 0.00199059 -1 0.00079765 -1.38901e-06 -38.6931 0 0 0 1 
				14
				1.38788e-06 -1.42479e-06 -1 2.22919e-05 -0.000797649 -1 1.42368e-06 0.00199063 -1 0.000797649 -1.38901e-06 -38.221 0 0 0 1 
				15
				1.38788e-06 -1.42479e-06 -1 2.22919e-05 -0.000797649 -1 1.42368e-06 0.00199067 -1 0.000797649 -1.38901e-06 -37.8077 0 0 0 1 
		</Joint>
			5
				-1
				2.15714e-06 4.11459e-06 -1 -0.00509404 2.70187e-07 -1 -4.11459e-06 -0.00057945 -1 -2.70178e-07 -2.15714e-06 -40.3354 0 0 0 1 
				0
				2.06085e-06 4.75833e-05 -1 -0.00445406 2.37973e-07 -1 -4.75833e-05 -0.000510249 -1 -2.37875e-07 -2.06086e-06 -40.7487 0 0 0 1 
				1
				1.96456e-06 -5.24843e-05 -1 -0.00381408 2.05727e-07 -1 5.24843e-05 -0.000441044 -1 -2.0583e-07 -1.96455e-06 -41.2208 0 0 0 1 
				2
				1.8763e-06 -1.55684e-06 -1 -0.0031741 0 -1 1.55684e-06 -0.000371853 -1 -2.92111e-12 -1.8763e-06 -41.7162 0 0 0 1 
				3
				1.77755e-06 -1.55684e-06 -1 -0.00253412 0 -1 1.55684e-06 -0.000302663 -1 -2.76737e-12 -1.77755e-06 -42.1994 0 0 0 1 
				4
				1.67016e-06 -1.55684e-06 -1 -0.0018351 0 -1 1.55684e-06 -0.000227073 -1 -2.60017e-12 -1.67016e-06 -42.636 0 0 0 1 
				5
				1.55681e-06 -1.55684e-06 -1 -0.00109416 0 -1 1.55684e-06 -0.000146946 -1 -2.42371e-12 -1.55681e-06 -42.9916 0 0 0 1 
				6
				1.45629e-06 -1.55684e-06 -1 -0.000433225 0 -1 1.55684e-06 -7.54602e-05 -1 -2.2672e-12 -1.45629e-06 -43.2307 0 0 0 1 
				7
				1.38685e-06 -1.42368e-06 -1 2.58001e-05 0 -1 1.42368e-06 -2.5808e-05 -1 -1.97444e-12 -1.38685e-06 -43.3178 0 0 0 1 
				8
				1.35958e-06 -1.42369e-06 -1 0.000206754 0 -1 1.42369e-06 -6.21977e-06 -1 -1.93561e-12 -1.35958e-06 -43.2307 0 0 0 1 
				9
				1.36273e-06 -1.42368e-06 -1 0.000185795 0 -1 1.42368e-06 -8.47032e-06 -1 -1.9401e-12 -1.36273e-06 -42.9916 0 0 0 1 
				10
				1.37795e-06 -1.42368e-06 -1 8.48382e-05 0 -1 1.42368e-06 -1.93583e-05 -1 -1.96176e-12 -1.37795e-06 -42.636 0 0 0 1 
				11
				1.38685e-06 -1.42368e-06 -1 2.58001e-05 0 -1 1.42368e-06 -2.57065e-05 -1 -1.97444e-12 -1.38685e-06 -42.1994 0 0 0 1 
				12
				1.38685e-06 -1.42368e-06 -1 2.58001e-05 0 -1 1.42368e-06 -2.56643e-05 -1 -1.97444e-12 -1.38685e-06 -41.7162 0 0 0 1 
				13
				1.38685e-06 -1.42368e-06 -1 2.58001e-05 0 -1 1.42368e-06 -2.56232e-05 -1 -1.97444e-12 -1.38685e-06 -41.2208 0 0 0 1 
				14
				1.38685e-06 -1.42368e-06 -1 2.58001e-05 0 -1 1.42368e-06 -2.55835e-05 -1 -1.97444e-12 -1.38685e-06 -40.7487 0 0 0 1 
				15
				1.38685e-06 -1.42368e-06 -1 2.58001e-05 0 -1 1.42368e-06 -2.55491e-05 -1 -1.97444e-12 -1.38685e-06 -40.3354 0 0 0 1 
		</Joint>
			6
		</Joint>
			7
				-1
				0.950441 -1.39562e-06 -0.310905 1.35542 9.18992e-06 1 2.36048e-05 -0.000513663 0.310905 -2.52922e-05 0.950441 -37.8083 0 0 0 1 
				0
				0.950425 -1.37529e-06 -0.310954 1.35593 8.24229e-06 1 2.07696e-05 -0.000452038 0.310954 -2.23029e-05 0.950425 -38.2215 0 0 0 1 
				1
				0.950409 -1.35494e-06 -0.311004 1.35644 7.29427e-06 1 1.79342e-05 -0.000390421 0.311004 -1.93134e-05 0.950409 -38.6935 0 0 0 1 
				2
				0.950392 -1.3344e-06 -0.311053 1.35695 6.34589e-06 1 1.50993e-05 -0.000328806 0.311053 -1.63242e-05 0.950392 -39.1889 0 0 0 1 
				3
				0.950376 -1.3138e-06 -0.311102 1.35746 5.39717e-06 1 1.22646e-05 -0.000267197 0.311102 -1.33351e-05 0.950376 -39.672 0 0 0 1 
				4
				0.950359 -1.29123e-06 -0.311156 1.35801 4.36045e-06 1 9.16823e-06 -0.000199889 0.311156 -1.00699e-05 0.950359 -40.1085 0 0 0 1 
				5
				0.95034 -1.26706e-06 -0.311213 1.3586 3.26102e-06 1 5.88669e-06 -0.000128541 0.311213 -6.60923e-06 0.95034 -40.464 0 0 0 1 
				6
				0.950323 -1.24544e-06 -0.311264 1.35913 2.27986e-06 1 2.95941e-06 -6.48885e-05 0.311264 -3.52204e-06 0.950323 -40.7031 0 0 0 1 
				7
				0.950312 -1.36355e-06 -0.3113 1.35949 1.72473e-06 1 8.84934e-07 -2.04954e-05 0.3113 -1.37787e-06 0.950312 -40.7901 0 0 0 1 
				8
				0.950307 -1.35759e-06 -0.311314 1.35964 1.45597e-06 1 8.35868e-08 -3.05489e-06 0.311314 -5.32696e-07 0.950307 -40.703 0 0 0 1 
				9
				0.950308 -1.35825e-06 -0.311312 1.35962 1.48709e-06 1 1.7647e-07 -5.05601e-06 0.311312 -6.30649e-07 0.950308 -40.4639 0 0 0 1 
				10
				0.95031 -1.36161e-06 -0.311304 1.35954 1.63706e-06 1 6.23511e-07 -1.47459e-05 0.311304 -1.10215e-06 0.95031 -40.1083 0 0 0 1 
				11
				0.950312 -1.36355e-06 -0.3113 1.35949 1.72473e-06 1 8.84934e-07 -2.03976e-05 0.3113 -1.37787e-06 0.950312 -39.6717 0 0 0 1 
				12
				0.950312 -1.36355e-06 -0.3113 1.35949 1.72473e-06 1 8.84934e-07 -2.03546e-05 0.3113 -1.37787e-06 0.950312 -39.1885 0 0 0 1 
				13
				0.950312 -1.36352e-06 -0.3113 1.35949 1.72474e-06 1 8.8505e-07 -2.03104e-05 0.3113 -1.37798e-06 0.950312 -38.6931 0 0 0 1 
				14
				0.950312 -1.36355e-06 -0.3113 1.35949 1.72473e-06 1 8.84934e-07 -2.02709e-05 0.3113 -1.37787e-06 0.950312 -38.221 0 0 0 1 
				15
				0.950312 -1.36355e-06 -0.3113 1.35949 1.72473e-06 1 8.84934e-07 -2.02365e-05 0.3113 -1.37787e-06 0.950312 -37.8077 0 0 0 1 
		</Joint>
			8
				-1
				0.103926 -0.0173927 -0.994433 6.71759 0.0607862 0.998089 -0.011104 -0.000461815 0.992726 -0.0592938 0.104785 -36.0542 0 0 0 1 
				0
				0.104251 -0.0213349 -0.994322 6.71801 0.00932817 0.999747 -0.0204732 -0.000405537 0.994507 -0.00714086 0.104423 -36.4672 0 0 0 1 
				1
				0.104777 -0.0252566 -0.994175 6.71843 -0.0421735 0.998665 -0.0298154 -0.000349269 0.993601 0.0450518 0.103572 -36.9389 0 0 0 1 
				2
				0.105505 -0.0291444 -0.993991 6.71884 -0.0935546 0.994846 -0.0390996 -0.000293004 0.990008 0.0971177 0.102234 -37.434 0 0 0 1 
				3
				0.106427 -0.0329856 -0.993773 6.71926 -0.144658 0.988303 -0.048296 -0.000236747 0.983742 0.148897 0.100411 -37.9168 0 0 0 1 
				4
				0.107547 -0.0367727 -0.99352 6.71972 -0.195362 0.979051 -0.0573848 -0.000175288 0.974817 0.200268 0.0981098 -38.353 0 0 0 1 
				5
				0.108867 -0.0404947 -0.993231 6.7202 -0.245536 0.967115 -0.0663428 -0.000110143 0.963255 0.251097 0.0953441 -38.7082 0 0 0 1 
				6
				0.110378 -0.0441406 -0.992909 6.72063 -0.295032 0.952528 -0.0751429 -5.20261e-05 0.949091 0.301234 0.0921151 -38.947 0 0 0 1 
				7
				0.112064 -0.0477024 -0.992555 6.72093 -0.343713 0.935332 -0.0837591 -1.07649e-05 0.932364 0.35054 0.0884215 -39.0338 0 0 0 1 
				8
				0.113932 -0.0511693 -0.99217 6.72105 -0.391448 0.915572 -0.0921693 5.15934e-06 0.91312 0.398884 0.084283 -38.9466 0 0 0 1 
				9
				0.115987 -0.0545288 -0.991753 6.72103 -0.438105 0.893305 -0.100353 3.33379e-06 0.89141 0.446131 0.079722 -38.7075 0 0 0 1 
				10
				0.118211 -0.0577742 -0.991306 6.72097 -0.483557 0.868589 -0.108285 -5.51005e-06 0.867294 0.492154 0.0747399 -38.352 0 0 0 1 
				11
				0.120591 -0.0608993 -0.990832 6.72093 -0.527682 0.841492 -0.115943 -1.06671e-05 0.840839 0.536826 0.0693412 -37.9154 0 0 0 1 
				12
				0.123129 -0.0638932 -0.990332 6.72093 -0.570356 0.812089 -0.123307 -1.06241e-05 0.812116 0.580025 0.0635502 -37.4322 0 0 0 1 
				13
				0.125826 -0.0667446 -0.989805 6.72093 -0.611462 0.780462 -0.130359 -1.05798e-05 0.781205 0.62163 0.0573907 -36.9368 0 0 0 1 
				14
				0.128666 -0.0694485 -0.989253 6.72093 -0.650888 0.746696 -0.137077 -1.05404e-05 0.748191 0.66153 0.0508711 -36.4647 0 0 0 1 
				15
				0.131636 -0.0720001 -0.98868 6.72093 -0.688527 0.710883 -0.143442 -1.0506e-05 0.713163 0.699615 0.0440035 -36.0514 0 0 0 1 
		</Joint>
			9
				-1
				0.105092 -0.00766592 -0.994433 7.38876 -0.0321676 0.999421 -0.0111039 0.392104 0.993942 0.0331555 0.104785 -29.6431 0 0 0 1 
				0
				0.106392 -0.00201454 -0.994322 7.39127 -0.172694 0.984763 -0.0204734 0.059837 0.979213 0.173892 0.104423 -30.0445 0 0 0 1 
				1
				0.107707 0.00391401 -0.994175 7.39509 -0.309741 0.950353 -0.0298153 -0.272712 0.944701 0.311148 0.103572 -30.5221 0 0 0 1 
				2
				0.10898 0.0101947 -0.993991 7.40021 -0.44052 0.89689 -0.0390994 -0.604481 0.891103 0.442134 0.102234 -31.0404 0 0 0 1 
				3
				0.110134 0.0168898 -0.993773 7.40658 -0.562381 0.825467 -0.0482961 -0.934458 0.819511 0.564198 0.100411 -31.5637 0 0 0 1 
				4
				0.111087 0.0240476 -0.99352 7.41427 -0.672884 0.737519 -0.0573848 -1.26185 0.73136 0.674898 0.0981098 -32.0575 0 0 0 1 
				5
				0.111744 0.0317058 -0.993231 7.42328 -0.769809 0.634817 -0.0663428 -1.58582 0.628417 0.772012 0.0953441 -32.4874 0 0 0 1 
				6
				0.111989 0.039877 -0.992909 7.43347 -0.851193 0.519445 -0.0751429 -1.90541 0.512765 0.853573 0.0921151 -32.8176 0 0 0 1 
				7
				0.111701 0.0485483 -0.992555 7.44466 -0.9154 0.393735 -0.0837591 -2.21976 0.386738 0.917941 0.0884215 -33.0125 0 0 0 1 
				8
				0.110767 0.0577008 -0.99217 7.45684 -0.961138 0.260226 -0.0921694 -2.52802 0.25287 0.963822 0.084283 -33.0496 0 0 0 1 
				9
				0.109074 0.0672987 -0.991753 7.47009 -0.987491 0.121616 -0.100353 -2.82934 0.113859 0.990293 0.079722 -32.9507 0 0 0 1 
				10
				0.106499 0.0772636 -0.991306 7.48439 -0.993932 -0.0192949 -0.108285 -3.12288 -0.0274936 0.996824 0.0747399 -32.7509 0 0 0 1 
				11
				0.102934 0.0874963 -0.990832 7.49973 -0.980339 -0.159663 -0.115943 -3.40785 -0.168344 0.983286 0.0693412 -32.4852 0 0 0 1 
				12
				0.0982838 0.0978954 -0.990332 7.51612 -0.946992 -0.296651 -0.123307 -3.68345 -0.305854 0.949955 0.0635502 -32.1875 0 0 0 1 
				13
				0.0924636 0.10834 -0.989805 7.53353 -0.894572 -0.42749 -0.130359 -3.94891 -0.437254 0.897505 0.0573907 -31.8917 0 0 0 1 
				14
				0.0854065 0.118675 -0.989253 7.55187 -0.824145 -0.54954 -0.137077 -4.20353 -0.559902 0.826996 0.0508711 -31.6328 0 0 0 1 
				15
				0.0770687 0.128734 -0.98868 7.57105 -0.737141 -0.660339 -0.143442 -4.44662 -0.67133 0.739851 0.0440035 -31.4457 0 0 0 1 
		</Joint>
			10
				-1
				0.105092 -0.994439 0.00687407 8.10553 -0.0321676 -0.010308 -0.999429 0.172709 0.993942 0.104811 -0.033072 -22.864 0 0 0 1 
				0
				0.106392 -0.994324 0.00122277 8.11691 -0.172694 -0.0196893 -0.984779 -1.118 0.979213 0.104562 -0.173809 -23.3659 0 0 0 1 
				1
				0.107707 -0.994171 -0.00470566 8.12969 -0.309741 -0.0290586 -0.950377 -2.38526 0.944701 0.10382 -0.311065 -24.0789 0 0 0 1 
				2
				0.10898 -0.993983 -0.0109862 8.14349 -0.44052 -0.0383852 -0.896921 -3.60899 0.891103 0.102586 -0.442052 -24.9627 0 0 0 1 
				3
				0.110134 -0.993759 -0.0176811 8.15774 -0.562381 -0.0476388 -0.825505 -4.7701 0.819511 0.10086 -0.564118 -25.9743 0 0 0 1 
				4
				0.111087 -0.993501 -0.0248387 8.17192 -0.672884 -0.0567975 -0.737564 -5.85117 0.73136 0.0986472 -0.67482 -27.0694 0 0 0 1 
				5
				0.111744 -0.993206 -0.0324966 8.18541 -0.769809 -0.0658373 -0.63487 -6.8362 0.628417 0.0959588 -0.771936 -28.2014 0 0 0 1 
				6
				0.111989 -0.992877 -0.0406677 8.19727 -0.851193 -0.0747293 -0.519505 -7.71086 0.512765 0.0927947 -0.853499 -29.3204 0 0 0 1 
				7
				0.111701 -0.992517 -0.0493386 8.2065 -0.9154 -0.0834456 -0.393802 -8.46312 0.386738 0.0891525 -0.91787 -30.3748 0 0 0 1 
				8
				0.110767 -0.992124 -0.0584908 8.21231 -0.961138 -0.0919621 -0.260299 -9.08334 0.25287 0.0850505 -0.963755 -31.3249 0 0 0 1 
				9
				0.109074 -0.991699 -0.0680884 8.21402 -0.987491 -0.100256 -0.121696 -9.5644 0.113859 0.0805105 -0.990229 -32.1741 0 0 0 1 
				10
				0.106499 -0.991244 -0.078053 8.21076 -0.993932 -0.108301 0.0192086 -9.90187 -0.0274936 0.0755336 -0.996764 -32.9384 0 0 0 1 
				11
				0.102934 -0.990763 -0.0882852 8.20177 -0.980339 -0.11607 0.159571 -10.0941 -0.168344 0.0701242 -0.983231 -33.6333 0 0 0 1 
				12
				0.0982838 -0.990254 -0.098684 8.18645 -0.946992 -0.123543 0.296553 -10.1423 -0.305854 0.0643066 -0.949904 -34.2735 0 0 0 1 
				13
				0.0924635 -0.989718 -0.109128 8.16417 -0.894572 -0.130699 0.427386 -10.0502 -0.437254 0.0581053 -0.897459 -34.8739 0 0 0 1 
				14
				0.0854065 -0.989158 -0.119463 8.13438 -0.824145 -0.137515 0.549431 -9.82451 -0.559902 0.0515296 -0.826955 -35.4515 0 0 0 1 
				15
				0.0770687 -0.988577 -0.129521 8.09669 -0.737141 -0.143968 0.660225 -9.47419 -0.67133 0.0445926 -0.739816 -36.0244 0 0 0 1 
		</Joint>
			11
				-1
				-0.950183 -1.36836e-06 -0.311692 -1.36352 6.54886e-06 1 -2.43541e-05 -0.00051739 0.311692 -2.51821e-05 -0.950183 -37.8071 0 0 0 1 
				0
				-0.950199 -1.34809e-06 -0.311642 -1.36301 5.63527e-06 1 -2.15077e-05 -0.000455719 0.311642 -2.21928e-05 -0.950199 -38.2205 0 0 0 1 
				1
				-0.950216 -1.32763e-06 -0.311593 -1.3625 4.72208e-06 1 -1.86609e-05 -0.000394052 0.311593 -1.92033e-05 -0.950215 -38.6927 0 0 0 1 
				2
				-0.950232 -1.30716e-06 -0.311544 -1.36199 3.8093e-06 1 -1.58144e-05 -0.000332387 0.311544 -1.62141e-05 -0.950231 -39.1882 0 0 0 1 
				3
				-0.950248 -1.28656e-06 -0.311494 -1.36148 2.89696e-06 1 -1.29678e-05 -0.000270723 0.311494 -1.3225e-05 -0.950248 -39.6714 0 0 0 1 
				4
				-0.950266 -1.26388e-06 -0.311441 -1.36093 1.90087e-06 1 -9.85808e-06 -0.000203358 0.311441 -9.9598e-06 -0.950266 -40.1081 0 0 0 1 
				5
				-0.950284 -1.23984e-06 -0.311383 -1.36034 8.45526e-07 1 -6.5621e-06 -0.000131949 0.311383 -6.49914e-06 -0.950284 -40.4638 0 0 0 1 
				6
				-0.950301 -1.21822e-06 -0.311332 -1.35981 -9.54297e-08 1 -3.62165e-06 -6.82362e-05 0.311332 -3.41195e-06 -0.950301 -40.703 0 0 0 1 
				7
				-0.950312 -1.33628e-06 -0.311297 -1.35945 -8.75224e-07 1 -1.62077e-06 -2.41645e-05 0.311297 -1.26778e-06 -0.950313 -40.7901 0 0 0 1 
				8
				-0.950317 -1.33032e-06 -0.311283 -1.3593 -1.13268e-06 1 -8.15713e-07 -6.70778e-06 0.311283 -4.22603e-07 -0.950317 -40.703 0 0 0 1 
				9
				-0.950317 -1.33104e-06 -0.311285 -1.35932 -1.10287e-06 1 -9.09027e-07 -8.71078e-06 0.311285 -5.20557e-07 -0.950317 -40.4639 0 0 0 1 
				10
				-0.950314 -1.33433e-06 -0.311293 -1.3594 -9.59215e-07 1 -1.35814e-06 -1.84097e-05 0.311293 -9.92059e-07 -0.950314 -40.1083 0 0 0 1 
				11
				-0.950312 -1.33628e-06 -0.311297 -1.35945 -8.75224e-07 1 -1.62077e-06 -2.40667e-05 0.311297 -1.26778e-06 -0.950313 -39.6717 0 0 0 1 
				12
				-0.950312 -1.33628e-06 -0.311297 -1.35945 -8.75224e-07 1 -1.62077e-06 -2.40256e-05 0.311297 -1.26778e-06 -0.950313 -39.1885 0 0 0 1 
				13
				-0.950313 -1.33631e-06 -0.311297 -1.35945 -8.75219e-07 1 -1.62088e-06 -2.39813e-05 0.311297 -1.26789e-06 -0.950313 -38.6931 0 0 0 1 
				14
				-0.950312 -1.33628e-06 -0.311297 -1.35945 -8.75224e-07 1 -1.62077e-06 -2.39405e-05 0.311297 -1.26778e-06 -0.950313 -38.221 0 0 0 1 
				15
				-0.950312 -1.33628e-06 -0.311297 -1.35945 -8.75224e-07 1 -1.62077e-06 -2.39056e-05 0.311297 -1.26778e-06 -0.950313 -37.8077 0 0 0 1 
		</Joint>
			12
				-1
				-0.0886961 0.0451623 -0.995034 -6.72423 0.540642 0.841193 -0.0100124 -0.000480443 0.836564 -0.538846 -0.0990272 -36.0486 0 0 0 1 
				0
				-0.0874311 0.047564 -0.995034 -6.72381 0.563378 0.826138 -0.0100121 -0.000423926 0.82156 -0.561456 -0.0990267 -36.4623 0 0 0 1 
				1
				-0.0861022 0.0499302 -0.995034 -6.7234 0.585695 0.810469 -0.0100125 -0.000367411 0.805945 -0.583649 -0.0990271 -36.9347 0 0 0 1 
				2
				-0.0847093 0.0522595 -0.995034 -6.72298 0.607577 0.794197 -0.0100127 -0.000310896 0.789731 -0.605408 -0.0990276 -37.4305 0 0 0 1 
				3
				-0.0832523 0.0545501 -0.995034 -6.72256 0.629007 0.777335 -0.0100123 -0.000254379 0.772929 -0.626717 -0.0990273 -37.9141 0 0 0 1 
				4
				-0.0817334 0.0567996 -0.995035 -6.72211 0.649969 0.759895 -0.0100122 -0.000192634 0.755553 -0.64756 -0.0990268 -38.351 0 0 0 1 
				5
				-0.0801548 0.0590072 -0.995034 -6.72162 0.670448 0.741889 -0.0100125 -0.000127179 0.737615 -0.667921 -0.0990272 -38.707 0 0 0 1 
				6
				-0.0785164 0.0611711 -0.995034 -6.72119 0.690428 0.723332 -0.0100126 -6.87746e-05 0.719128 -0.687785 -0.0990276 -38.9465 0 0 0 1 
				7
				-0.0768189 0.063289 -0.995034 -6.72089 0.709894 0.704237 -0.0100126 -2.91023e-05 0.700106 -0.707138 -0.0990272 -39.0339 0 0 0 1 
				8
				-0.0750801 0.0653413 -0.995034 -6.72077 0.728664 0.684798 -0.0100124 -1.30981e-05 0.680743 -0.725798 -0.0990266 -38.9469 0 0 0 1 
				9
				-0.0732991 0.0673336 -0.995034 -6.72079 0.746786 0.664989 -0.0100124 -1.49329e-05 0.661013 -0.743812 -0.0990269 -38.7077 0 0 0 1 
				10
				-0.071442 0.0693008 -0.995034 -6.72085 0.764584 0.644446 -0.0100125 -2.38214e-05 0.640552 -0.761503 -0.0990268 -38.3521 0 0 0 1 
				11
				-0.0694723 0.0712758 -0.995034 -6.72089 0.782343 0.622767 -0.0100126 -2.90045e-05 0.618961 -0.779154 -0.0990272 -37.9154 0 0 0 1 
				12
				-0.0672129 0.0734144 -0.995034 -6.72089 0.801424 0.598012 -0.0100131 -2.89634e-05 0.594307 -0.798118 -0.0990302 -37.4322 0 0 0 1 
				13
				-0.0647112 0.0756293 -0.995034 -6.72089 0.821046 0.570774 -0.0100133 -2.89191e-05 0.567182 -0.817617 -0.0990306 -36.9368 0 0 0 1 
				14
				-0.0623289 0.0776054 -0.995034 -6.72089 0.838397 0.544967 -0.0100137 -2.88783e-05 0.541484 -0.834858 -0.0990314 -36.4647 0 0 0 1 
				15
				-0.060458 0.0790663 -0.995034 -6.72089 0.851151 0.524826 -0.0100125 -2.88434e-05 0.521428 -0.84753 -0.0990272 -36.0514 0 0 0 1 
		</Joint>
			13
				-1
				0.0125094 -0.0987429 -0.995034 -7.29704 -0.999618 -0.0257439 -0.0100124 3.49106 -0.0246274 0.99478 -0.0990272 -30.646 0 0 0 1 
				0
				0.00927168 -0.0990987 -0.995034 -7.28846 -0.999925 0.00697649 -0.0100121 3.63795 0.00793403 0.995053 -0.0990267 -31.1565 0 0 0 1 
				1
				0.00602459 -0.0993495 -0.995034 -7.27945 -0.999162 0.0396893 -0.0100124 3.78213 0.0404869 0.994261 -0.0990271 -31.7298 0 0 0 1 
				2
				0.00277094 -0.0994939 -0.995034 -7.27004 -0.997328 0.0723594 -0.0100126 3.92351 0.0729963 0.992403 -0.0990276 -32.3303 0 0 0 1 
				3
				-0.00048614 -0.099531 -0.995034 -7.26022 -0.994427 0.104953 -0.0100124 4.06196 0.105428 0.989484 -0.0990273 -32.9224 0 0 0 1 
				4
				-0.00374255 -0.0994613 -0.995035 -7.24995 -0.99046 0.137433 -0.0100122 4.1974 0.137747 0.985505 -0.0990268 -33.4716 0 0 0 1 
				5
				-0.00699453 -0.099286 -0.995034 -7.23927 -0.985433 0.169766 -0.0100125 4.32971 0.169918 0.98047 -0.0990272 -33.9434 0 0 0 1 
				6
				-0.0102393 -0.0990044 -0.995034 -7.22826 -0.979351 0.201918 -0.0100126 4.45881 0.201907 0.974386 -0.0990276 -34.3023 0 0 0 1 
				7
				-0.0134731 -0.098616 -0.995034 -7.217 -0.97222 0.233854 -0.0100126 4.58456 0.23368 0.967258 -0.0990272 -34.5125 0 0 0 1 
				8
				-0.0166635 -0.0981267 -0.995034 -7.20565 -0.964127 0.265253 -0.0100124 4.7058 0.264919 0.959173 -0.0990266 -34.5505 0 0 0 1 
				9
				-0.019816 -0.0975392 -0.995034 -7.19416 -0.955082 0.296174 -0.0100124 4.82283 0.29568 0.950141 -0.0990269 -34.4388 0 0 0 1 
				10
				-0.0229864 -0.0968411 -0.995034 -7.18223 -0.944914 0.327165 -0.0100125 4.93776 0.32651 0.939992 -0.0990268 -34.2153 0 0 0 1 
				11
				-0.0262298 -0.0960138 -0.995034 -7.16955 -0.933379 0.358753 -0.0100126 5.05245 0.357933 0.928481 -0.0990272 -33.9181 0 0 0 1 
				12
				-0.0298127 -0.0949655 -0.995034 -7.15496 -0.919269 0.393504 -0.0100131 5.17568 0.392501 0.914405 -0.0990302 -33.5941 0 0 0 1 
				13
				-0.0336134 -0.0936881 -0.995034 -7.1388 -0.902673 0.43021 -0.0100133 5.3024 0.429012 0.897854 -0.0990306 -33.2739 0 0 0 1 
				14
				-0.0370857 -0.0923696 -0.995034 -7.12342 -0.885993 0.46359 -0.0100137 5.41446 0.462213 0.881222 -0.0990314 -32.9678 0 0 0 1 
				15
				-0.0397118 -0.0912667 -0.995034 -7.11134 -0.872369 0.488745 -0.0100125 5.49682 0.487232 0.86764 -0.0990272 -32.684 0 0 0 1 
		</Joint>
			14
				-1
				0.0125094 0.999913 -0.00418105 -7.21172 -0.999618 0.0124025 -0.0246814 -3.32671 -0.0246274 0.00448821 0.999687 -30.814 0 0 0 1 
				0
				0.00789125 0.999916 -0.0102831 -7.22522 -0.999898 0.00776778 -0.0119929 -3.18191 -0.011912 0.0103767 0.999875 -31.1024 0 0 0 1 
				1
				0.00323902 0.99986 -0.0164273 -7.23837 -0.999992 0.00327509 0.00216962 -3.03252 0.00222312 0.0164202 0.999863 -31.4537 0 0 0 1 
				2
				-0.00100604 0.999743 -0.0226329 -7.25114 -0.999906 -0.000697242 0.0136475 -2.87865 0.0136282 0.0226446 0.99965 -31.8325 0 0 0 1 
				3
				-0.0043452 0.999571 -0.0289611 -7.26353 -0.999826 -0.00381663 0.0182814 -2.7204 0.018163 0.0290355 0.999413 -32.2033 0 0 0 1 
				4
				-0.00648382 0.999348 -0.0355121 -7.27548 -0.999916 -0.00608047 0.0114541 -2.55791 0.0112307 0.0355834 0.999304 -32.5321 0 0 0 1 
				5
				-0.00758449 0.999078 -0.0422683 -7.28698 -0.999963 -0.00774616 -0.00366234 -2.39131 -0.00398638 0.042239 0.9991 -32.7845 0 0 0 1 
				6
				-0.00792994 0.998764 -0.0490692 -7.2981 -0.999785 -0.00885955 -0.0187565 -2.22073 -0.019168 0.0489099 0.998619 -32.9252 0 0 0 1 
				7
				-0.00794001 0.998415 -0.055717 -7.30889 -0.99963 -0.00937389 -0.025521 -2.04634 -0.0260028 0.0554937 0.99812 -32.9187 0 0 0 1 
				8
				-0.00799365 0.998037 -0.0621085 -7.3193 -0.999768 -0.00921896 -0.0194671 -1.8699 -0.0200014 0.0619385 0.99788 -32.7437 0 0 0 1 
				9
				-0.00793551 0.997635 -0.06828 -7.32932 -0.99995 -0.00833658 -0.00559093 -1.69118 -0.00614692 0.0682322 0.997651 -32.4222 0 0 0 1 
				10
				-0.00735164 0.997211 -0.074268 -7.33901 -0.999935 -0.00668524 0.00921758 -1.5069 0.00869537 0.0743309 0.997196 -31.9884 0 0 0 1 
				11
				-0.00572673 0.996768 -0.0801284 -7.34845 -0.999828 -0.00429171 0.0180698 -1.31354 0.0176675 0.0802181 0.996621 -31.4769 0 0 0 1 
				12
				-0.00235956 0.996276 -0.0861874 -7.35829 -0.99983 -0.00077353 0.0184308 -1.09407 0.0182955 0.0862163 0.996109 -30.9171 0 0 0 1 
				13
				0.00242412 0.995736 -0.0922142 -7.36806 -0.999894 0.00373792 0.0140772 -0.85417 0.0143619 0.0921702 0.99564 -30.3479 0 0 0 1 
				14
				0.00744262 0.99521 -0.0974798 -7.37636 -0.999932 0.00828447 0.00823426 -0.628348 0.00900238 0.0974119 0.995204 -29.8153 0 0 0 1 
				15
				0.0113576 0.99478 -0.101408 -7.38218 -0.999921 0.0118387 0.00414432 -0.453066 0.00532323 0.101353 0.994836 -29.3609 0 0 0 1 
		</Joint>
			15
				-1
				-1.37153e-06 1.15506e-06 1 4.26131 -0.00159262 -0.999999 1.15287e-06 5.47652e-06 0.999999 -0.00159262 1.37336e-06 -21.7314 0 0 0 1 
				0
				0.0117439 0.0653364 0.997794 4.26131 -0.0427948 -0.996916 0.0657826 5.44109e-06 0.999015 -0.043473 -0.00891166 -22.1447 0 0 0 1 
				1
				0.0262499 0.130993 0.991036 4.26131 -0.0845065 -0.987538 0.132769 5.40173e-06 0.996077 -0.0872341 -0.014853 -22.6168 0 0 0 1 
				2
				0.0431237 0.193218 0.980208 4.26131 -0.122274 -0.972724 0.197122 5.35877e-06 0.991559 -0.128355 -0.0183219 -23.1122 0 0 0 1 
				3
				0.0611683 0.248629 0.966665 4.26131 -0.151939 -0.954873 0.25521 5.31643e-06 0.986495 -0.162485 -0.0206316 -23.5954 0 0 0 1 
				4
				0.0802743 0.300286 0.950465 4.26131 -0.177392 -0.934017 0.310072 5.27936e-06 0.980861 -0.193496 -0.0217092 -24.032 0 0 0 1 
				5
				0.100185 0.348724 0.931855 4.26131 -0.199372 -0.910536 0.362181 5.24569e-06 0.974789 -0.222071 -0.0216957 -24.3876 0 0 0 1 
				6
				0.118166 0.387663 0.914196 4.26131 -0.209512 -0.890187 0.404563 5.22617e-06 0.97064 -0.239341 -0.0239696 -24.6267 0 0 0 1 
				7
				0.130827 0.411718 0.901872 4.26131 -0.20005 -0.880015 0.430759 5.78572e-06 0.971012 -0.236775 -0.0327655 -24.7138 0 0 0 1 
				8
				0.135918 0.417408 0.898497 4.26131 -0.165482 -0.884607 0.435988 5.79334e-06 0.976802 -0.207943 -0.0511601 -24.6267 0 0 0 1 
				9
				0.135637 0.40886 0.902461 4.26131 -0.111118 -0.898854 0.423926 5.81428e-06 0.984508 -0.15778 -0.0764858 -24.3876 0 0 0 1 
				10
				0.133748 0.39304 0.909742 4.26131 -0.0467738 -0.914463 0.401956 5.84476e-06 0.989911 -0.0963128 -0.103923 -24.032 0 0 0 1 
				11
				0.133074 0.377354 0.916458 4.26131 0.017272 -0.925425 0.378538 5.88384e-06 0.990956 -0.0345445 -0.129668 -23.5954 0 0 0 1 
				12
				0.133631 0.362159 0.922488 4.26131 0.0803761 -0.93173 0.354144 5.92604e-06 0.987766 0.0268212 -0.153617 -23.1122 0 0 0 1 
				13
				0.134802 0.343933 0.929268 4.26131 0.146841 -0.934407 0.324534 5.96853e-06 0.979932 0.0927069 -0.176463 -22.6168 0 0 0 1 
				14
				0.137166 0.324449 0.935905 4.26131 0.214013 -0.932226 0.291808 6.00834e-06 0.967152 0.16027 -0.197306 -22.1447 0 0 0 1 
				15
				0.14095 0.305598 0.94167 4.26131 0.279284 -0.924808 0.258322 6.04495e-06 0.949807 0.226582 -0.215701 -21.7314 0 0 0 1 
		</Joint>
			16
				-1
				-1.37517e-06 1.15008e-06 1 4.2613 0.00157191 -0.999999 1.15224e-06 -0.0155116 0.999999 0.00157191 1.37337e-06 -11.9883 0 0 0 1 
				0
				0.00670841 0.0660438 0.997794 4.37573 0.0336381 -0.997267 0.0657828 -0.416951 0.999411 0.0331226 -0.00891167 -12.4111 0 0 0 1 
				1
				0.00629824 0.133448 0.991036 4.51707 0.0646229 -0.989038 0.132769 -0.823354 0.99789 0.0632074 -0.014853 -12.9119 0 0 0 1 
				2
				-0.000789575 0.19797 0.980208 4.68147 0.0964401 -0.975624 0.197122 -1.19133 0.995339 0.094687 -0.0183219 -13.4513 0 0 0 1 
				3
				-0.0134912 0.255687 0.966666 4.85728 0.131236 -0.957938 0.25521 -1.48035 0.991259 0.130304 -0.0206316 -13.9838 0 0 0 1 
				4
				-0.0316376 0.309216 0.950465 5.04343 0.165986 -0.936111 0.310072 -1.72835 0.985621 0.167574 -0.0217092 -14.4753 0 0 0 1 
				5
				-0.0548623 0.358658 0.931855 5.23742 0.199759 -0.910451 0.362181 -1.94251 0.978308 0.206016 -0.0216957 -14.8901 0 0 0 1 
				6
				-0.0804016 0.397217 0.914196 5.41262 0.239018 -0.882723 0.404563 -2.0413 0.967681 0.251037 -0.0239696 -15.1696 0 0 0 1 
				7
				-0.104437 0.41919 0.901872 5.53598 0.290995 -0.854265 0.430759 -1.94912 0.951007 0.307428 -0.0327656 -15.2531 0 0 0 1 
				8
				-0.122595 0.421514 0.898497 5.58557 0.361121 -0.824321 0.435988 -1.61231 0.924425 0.377916 -0.0511601 -15.1096 0 0 0 1 
				9
				-0.133663 0.409509 0.902461 5.58284 0.444365 -0.789194 0.423926 -1.08264 0.885818 0.457685 -0.0764858 -14.7954 0 0 0 1 
				10
				-0.139199 0.391142 0.909742 5.56443 0.531132 -0.745875 0.401956 -0.455718 0.835776 0.539145 -0.103923 -14.3871 0 0 0 1 
				11
				-0.142889 0.373748 0.916458 5.55787 0.612306 -0.694111 0.378538 0.168289 0.777601 0.615242 -0.129668 -13.9404 0 0 0 1 
				12
				-0.145106 0.357716 0.922488 5.5633 0.686881 -0.634647 0.354144 0.783122 0.712137 0.685028 -0.153617 -13.4882 0 0 0 1 
				13
				-0.143325 0.340469 0.929268 5.5747 0.757021 -0.567095 0.324534 1.4307 0.637477 0.749989 -0.176463 -13.0692 0 0 0 1 
				14
				-0.138648 0.323819 0.935905 5.59774 0.820079 -0.492259 0.291809 2.08517 0.5552 0.807975 -0.197306 -12.7216 0 0 0 1 
				15
				-0.132671 0.309282 0.94167 5.63461 0.873987 -0.411602 0.258322 2.72111 0.467488 0.857279 -0.215701 -12.4773 0 0 0 1 
		</Joint>
			17
				-1
				-1.9096e-06 -0.000157853 1 4.26128 1.79291e-06 -1 -0.000157853 -0.000196288 1 1.79261e-06 1.90989e-06 -2.24512 0 0 0 1 
				0
				-0.000578229 -0.0125287 0.999921 4.44109 -0.0113629 -0.999857 -0.0125345 -0.0892095 0.999935 -0.0113692 0.000435784 -2.67372 0 0 0 1 
				1
				-0.00137239 -0.0252235 0.999681 4.57843 -0.0239701 -0.999394 -0.0252491 -0.193724 0.999712 -0.0239971 0.00076695 -3.18928 0 0 0 1 
				2
				-0.00216876 -0.0375707 0.999292 4.67378 -0.0341782 -0.998707 -0.037623 -0.2517 0.999413 -0.0342356 0.000881853 -3.75356 0 0 0 1 
				3
				-0.00266986 -0.0490638 0.998792 4.72584 -0.0383684 -0.998055 -0.0491301 -0.201703 0.99926 -0.0384532 0.000782169 -4.32584 0 0 0 1 
				4
				-0.00300572 -0.0601836 0.998183 4.73519 -0.0399044 -0.997385 -0.0602557 -0.111126 0.999199 -0.040013 0.000596269 -4.87228 0 0 0 1 
				5
				-0.00319195 -0.0710176 0.99747 4.70289 -0.039429 -0.99669 -0.0710883 0.00376972 0.999217 -0.0395562 0.000381225 -5.35829 0 0 0 1 
				6
