<?xml version='1.0' encoding='UTF-8' ?>
<itpanim>
	<skeleton count>
		25
			0 -1
			1.37091e-06 -1 -6.12323e-17 1.44664e-05 1 1.37091e-06 -6.12323e-17 -3.33788e-06 6.12323e-17 -6.12323e-17 1 -21.2087 0 0 0 1 
			1 0
			1.3868e-06 4.78456e-08 -1 21.2087 2.75771e-06 -1 -4.78418e-08 1.44663e-05 -1 -2.75771e-06 -1.3868e-06 3.27502e-05 0 0 0 1 
			2 1
			1.40269e-06 -0.000796318 -1 16.0314 0 -1 0.000796318 -0.000903716 -1 -1.11699e-09 -1.40269e-06 3.34038e-06 0 0 0 1 
			3 2
			1.40269e-06 -0.000796318 -1 1.14949 0 -1 0.000796318 0.0109463 -1 -1.11699e-09 -1.40269e-06 3.30752e-06 0 0 0 1 
			4 3
			1.40269e-06 -0.000796318 -1 -13.7324 0 -1 0.000796318 0.013635 -1 -1.11699e-09 -1.40269e-06 3.30006e-06 0 0 0 1 
			5 4
			1 1.37091e-06 4.37113e-08 -1.60435 -1.37091e-06 1 3.58059e-15 -1.09939e-05 -4.37113e-08 -6.35048e-14 1 13.7324 0 0 0 1 
			6 5
			0.994967 0.0993349 -0.0131664 -9.21109 -0.0994537 0.995004 -0.00869969 0.783147 0.0122365 0.00996535 0.999875 13.6196 0 0 0 1 
			7 6
			0.994892 -0.100322 -0.0111756 -24.2735 0.100198 0.994905 -0.011142 -4.1214 0.0122365 0.00996535 0.999875 13.6196 0 0 0 1 
			8 7
			0.994892 -0.100322 -0.0111756 -39.6708 0.0123163 0.0107576 0.999866 13.6163 -0.100188 -0.994897 0.0119382 4.13224 0 0 0 1 
			9 4
			-1 -1.37091e-06 4.37114e-08 -1.60434 -1.37091e-06 1 3.84662e-15 -1.09939e-05 -4.37115e-08 -5.60777e-14 -1 -13.7324 0 0 0 1 
			10 9
			-0.994967 0.0993346 -0.0131667 -9.21109 0.0994535 0.995004 -0.00870241 0.783132 0.0122364 -0.00996808 -0.999875 -13.6196 0 0 0 1 
			11 10
			-0.994892 -0.100322 -0.0111753 -24.2735 -0.100198 0.994905 -0.0111448 -4.12141 0.0122364 -0.00996809 -0.999875 -13.6196 0 0 0 1 
			12 11
			-0.994892 -0.100322 -0.0111753 -39.6708 -0.0123162 0.0107603 0.999866 13.6163 -0.100189 0.994897 -0.0119409 -4.13226 0 0 0 1 
			13 4
			1.34309e-06 -5.95475e-08 -1 -17.1089 -1.40269e-06 -1 5.95456e-08 1.08463e-05 -1 1.40269e-06 -1.34309e-06 -1.9641e-05 0 0 0 1 
			14 13
			1 -0 0 0 0 1 0 0 -0 -0 1 -0 0 0 0 1 
			15 2
			1.37369e-06 -0.0998334 0.995004 -21.1028 0 -0.995004 -0.0998334 2.11735 1 1.3714e-07 -1.36683e-06 -4.58386 0 0 0 1 
			16 15
			1.37369e-06 0.0998334 0.995004 -40.7016 0 -0.995004 0.0998334 -6.09021 1 -1.3714e-07 -1.36683e-06 -4.58386 0 0 0 1 
			17 16
			1.3716e-06 -6.00745e-14 1 -61.0038 0 -1 -6.00745e-14 1.29981e-05 1 8.23984e-20 -1.3716e-06 -4.58385 0 0 0 1 
			18 17
			1.3723e-06 -1 -6.00133e-14 -6.78409 0 6.00133e-14 -1 65.6032 1 1.3723e-06 8.23562e-20 -4.58386 0 0 0 1 
			19 18
			1 -0 0 0 0 1 0 0 -0 -0 1 -0 0 0 0 1 
			20 2
			1.37369e-06 -0.0998334 0.995004 -21.1028 0 -0.995004 -0.0998334 2.11735 1 1.3714e-07 -1.36683e-06 4.58385 0 0 0 1 
			21 20
			1.37369e-06 0.0998334 0.995004 -40.7016 0 -0.995004 0.0998334 -6.09021 1 -1.3714e-07 -1.36683e-06 4.58385 0 0 0 1 
			22 21
			1.3716e-06 -6.00745e-14 1 -61.0038 0 -1 -6.00745e-14 1.29981e-05 1 8.23984e-20 -1.3716e-06 4.58386 0 0 0 1 
			23 22
			1.3723e-06 -1 5.98908e-14 -6.78409 0 -5.98908e-14 -1 65.6032 1 1.3723e-06 -8.21882e-20 4.58386 0 0 0 1 
			24 23
			1 -0 0 0 0 1 0 0 -0 -0 1 -0 0 0 0 1 
	</skeleton>
		<animations>
			33
			0
				-1
				1.33158e-06 1 0 3.33786e-06 -1 1.33158e-06 0 9.52023e-07 -0 -0 1 26.9879 0 0 0 1 
				0
				1.46474e-06 1 0 3.33786e-06 -1 1.46474e-06 0 9.18573e-07 -0 -0 1 26.3669 0 0 0 1 
				1
				1.33158e-06 1 0 3.33786e-06 -1 1.33158e-06 0 8.82621e-07 -0 -0 1 25.6575 0 0 0 1 
				2
				1.46474e-06 1 0 3.33786e-06 -1 1.46474e-06 0 8.45677e-07 -0 -0 1 24.9131 0 0 0 1 
				3
				1.33158e-06 1 0 3.33786e-06 -1 1.33158e-06 0 8.09252e-07 -0 -0 1 24.1871 0 0 0 1 
				4
				1.33158e-06 1 0 3.33786e-06 -1 1.33158e-06 0 7.7481e-07 -0 -0 1 23.5311 0 0 0 1 
				5
				1.46474e-06 1 0 3.33786e-06 -1 1.46474e-06 0 7.43815e-07 -0 -0 1 22.9968 0 0 0 1 
				6
				1.46474e-06 1 0 3.33786e-06 -1 1.46474e-06 0 7.17777e-07 -0 -0 1 22.6375 0 0 0 1 
				7
				1.46474e-06 1 0 3.33786e-06 -1 1.46474e-06 0 6.98207e-07 -0 -0 1 22.5066 0 0 0 1 
				8
				1.46474e-06 1 0 3.33786e-06 -1 1.46474e-06 0 6.86143e-07 -0 -0 1 22.7005 0 0 0 1 
				9
				1.46474e-06 1 0 3.33786e-06 -1 1.46474e-06 0 6.80683e-07 -0 -0 1 23.2142 0 0 0 1 
				10
				1.33158e-06 1 0 3.33786e-06 -1 1.33158e-06 0 6.80234e-07 -0 -0 1 23.9392 0 0 0 1 
				11
				1.46474e-06 1 0 3.33786e-06 -1 1.46474e-06 0 6.83203e-07 -0 -0 1 24.7669 0 0 0 1 
				12
				1.33158e-06 1 0 3.33786e-06 -1 1.33158e-06 0 6.88048e-07 -0 -0 1 25.5922 0 0 0 1 
				13
				1.46474e-06 1 0 3.33786e-06 -1 1.46474e-06 0 6.93225e-07 -0 -0 1 26.3098 0 0 0 1 
				14
				1.46474e-06 1 0 3.33786e-06 -1 1.46474e-06 0 6.97143e-07 -0 -0 1 26.8112 0 0 0 1 
				15
				1.46474e-06 1 0 3.33786e-06 -1 1.46474e-06 0 6.98207e-07 -0 -0 1 26.9879 0 0 0 1 
				16
				1.46474e-06 1 0 3.33786e-06 -1 1.46474e-06 0 6.95237e-07 -0 -0 1 26.7676 0 0 0 1 
				17
				1.46474e-06 1 0 3.33786e-06 -1 1.46474e-06 0 6.89142e-07 -0 -0 1 26.2164 0 0 0 1 
				18
				1.46474e-06 1 0 3.33786e-06 -1 1.46474e-06 0 6.8168e-07 -0 -0 1 25.4465 0 0 0 1 
				19
				1.46474e-06 1 0 3.33786e-06 -1 1.46474e-06 0 6.74607e-07 -0 -0 1 24.5703 0 0 0 1 
				20
				1.46474e-06 1 0 3.33786e-06 -1 1.46474e-06 0 6.69624e-07 -0 -0 1 23.6965 0 0 0 1 
				21
				1.46474e-06 1 0 3.33786e-06 -1 1.46474e-06 0 6.68433e-07 -0 -0 1 22.9339 0 0 0 1 
				22
				1.46474e-06 1 0 3.33786e-06 -1 1.46474e-06 0 6.72791e-07 -0 -0 1 22.395 0 0 0 1 
				23
				1.46474e-06 1 0 3.33786e-06 -1 1.46474e-06 0 6.84453e-07 -0 -0 1 22.192 0 0 0 1 
				24
				1.46474e-06 1 0 3.33786e-06 -1 1.46474e-06 0 7.04424e-07 -0 -0 1 22.332 0 0 0 1 
				25
				1.33158e-06 1 0 3.33786e-06 -1 1.33158e-06 0 7.31565e-07 -0 -0 1 22.7165 0 0 0 1 
				26
				1.33158e-06 1 0 3.33786e-06 -1 1.33158e-06 0 7.642e-07 -0 -0 1 23.2884 0 0 0 1 
				27
				1.33158e-06 1 0 3.33786e-06 -1 1.33158e-06 0 8.00655e-07 -0 -0 1 23.9904 0 0 0 1 
				28
				1.33158e-06 1 0 3.33786e-06 -1 1.33158e-06 0 8.39308e-07 -0 -0 1 24.7674 0 0 0 1 
				29
				1.33158e-06 1 0 3.33786e-06 -1 1.33158e-06 0 8.78537e-07 -0 -0 1 25.5641 0 0 0 1 
				30
				1.33158e-06 1 0 3.33786e-06 -1 1.33158e-06 0 9.16667e-07 -0 -0 1 26.3233 0 0 0 1 
				31
				1.33158e-06 1 0 3.33786e-06 -1 1.33158e-06 0 9.52023e-07 -0 -0 1 26.9879 0 0 0 1 
		</Joint>
			1
				-1
				1.33158e-06 2.66316e-06 -1 3.33786e-06 0 -1 -2.66316e-06 9.52023e-07 -1 3.54621e-12 -1.33158e-06 26.9879 0 0 0 1 
				0
				1.33158e-06 2.79632e-06 -1 3.33786e-06 0 -1 -2.79632e-06 9.18573e-07 -1 3.72352e-12 -1.33158e-06 26.3669 0 0 0 1 
				1
				1.33158e-06 2.66316e-06 -1 3.33786e-06 0 -1 -2.66316e-06 8.82621e-07 -1 3.54621e-12 -1.33158e-06 25.6575 0 0 0 1 
				2
				1.33158e-06 2.79632e-06 -1 3.33786e-06 0 -1 -2.79632e-06 8.45677e-07 -1 3.72352e-12 -1.33158e-06 24.9131 0 0 0 1 
				3
				1.33158e-06 2.66316e-06 -1 3.33786e-06 0 -1 -2.66316e-06 8.09252e-07 -1 3.54621e-12 -1.33158e-06 24.1871 0 0 0 1 
				4
				1.33158e-06 2.66316e-06 -1 3.33786e-06 0 -1 -2.66316e-06 7.7481e-07 -1 3.54621e-12 -1.33158e-06 23.5311 0 0 0 1 
				5
				1.33158e-06 2.79632e-06 -1 3.33786e-06 0 -1 -2.79632e-06 7.43815e-07 -1 3.72352e-12 -1.33158e-06 22.9968 0 0 0 1 
				6
				1.33158e-06 2.79632e-06 -1 3.33786e-06 0 -1 -2.79632e-06 7.17777e-07 -1 3.72352e-12 -1.33158e-06 22.6375 0 0 0 1 
				7
				1.33158e-06 2.79632e-06 -1 3.33786e-06 0 -1 -2.79632e-06 6.98207e-07 -1 3.72352e-12 -1.33158e-06 22.5066 0 0 0 1 
				8
				1.33158e-06 2.79632e-06 -1 3.33786e-06 0 -1 -2.79632e-06 6.86143e-07 -1 3.72352e-12 -1.33158e-06 22.7005 0 0 0 1 
				9
				1.33158e-06 2.79632e-06 -1 3.33786e-06 0 -1 -2.79632e-06 6.80683e-07 -1 3.72352e-12 -1.33158e-06 23.2142 0 0 0 1 
				10
				1.33158e-06 2.66316e-06 -1 3.33786e-06 0 -1 -2.66316e-06 6.80234e-07 -1 3.54621e-12 -1.33158e-06 23.9392 0 0 0 1 
				11
				1.33158e-06 2.79632e-06 -1 3.33786e-06 0 -1 -2.79632e-06 6.83203e-07 -1 3.72352e-12 -1.33158e-06 24.7669 0 0 0 1 
				12
				1.33158e-06 2.66316e-06 -1 3.33786e-06 0 -1 -2.66316e-06 6.88048e-07 -1 3.54621e-12 -1.33158e-06 25.5922 0 0 0 1 
				13
				1.33158e-06 2.79632e-06 -1 3.33786e-06 0 -1 -2.79632e-06 6.93225e-07 -1 3.72352e-12 -1.33158e-06 26.3098 0 0 0 1 
				14
				1.33158e-06 2.79632e-06 -1 3.33786e-06 0 -1 -2.79632e-06 6.97143e-07 -1 3.72352e-12 -1.33158e-06 26.8112 0 0 0 1 
				15
				1.33158e-06 2.79632e-06 -1 3.33786e-06 0 -1 -2.79632e-06 6.98207e-07 -1 3.72352e-12 -1.33158e-06 26.9879 0 0 0 1 
				16
				1.33158e-06 2.79632e-06 -1 3.33786e-06 0 -1 -2.79632e-06 6.95237e-07 -1 3.72352e-12 -1.33158e-06 26.7676 0 0 0 1 
				17
				1.33158e-06 2.79632e-06 -1 3.33786e-06 0 -1 -2.79632e-06 6.89142e-07 -1 3.72352e-12 -1.33158e-06 26.2164 0 0 0 1 
				18
				1.33158e-06 2.79632e-06 -1 3.33786e-06 0 -1 -2.79632e-06 6.8168e-07 -1 3.72352e-12 -1.33158e-06 25.4465 0 0 0 1 
				19
				1.33158e-06 2.79632e-06 -1 3.33786e-06 0 -1 -2.79632e-06 6.74607e-07 -1 3.72352e-12 -1.33158e-06 24.5703 0 0 0 1 
				20
				1.33158e-06 2.79632e-06 -1 3.33786e-06 0 -1 -2.79632e-06 6.69624e-07 -1 3.72352e-12 -1.33158e-06 23.6965 0 0 0 1 
				21
				1.33158e-06 2.79632e-06 -1 3.33786e-06 0 -1 -2.79632e-06 6.68433e-07 -1 3.72352e-12 -1.33158e-06 22.9339 0 0 0 1 
				22
				1.33158e-06 2.79632e-06 -1 3.33786e-06 0 -1 -2.79632e-06 6.72791e-07 -1 3.72352e-12 -1.33158e-06 22.395 0 0 0 1 
				23
				1.33158e-06 2.79632e-06 -1 3.33786e-06 0 -1 -2.79632e-06 6.84453e-07 -1 3.72352e-12 -1.33158e-06 22.192 0 0 0 1 
				24
				1.33158e-06 2.79632e-06 -1 3.33786e-06 0 -1 -2.79632e-06 7.04424e-07 -1 3.72352e-12 -1.33158e-06 22.332 0 0 0 1 
				25
				1.33158e-06 2.66316e-06 -1 3.33786e-06 0 -1 -2.66316e-06 7.31565e-07 -1 3.54621e-12 -1.33158e-06 22.7165 0 0 0 1 
				26
				1.33158e-06 2.66316e-06 -1 3.33786e-06 0 -1 -2.66316e-06 7.642e-07 -1 3.54621e-12 -1.33158e-06 23.2884 0 0 0 1 
				27
				1.33158e-06 2.66316e-06 -1 3.33786e-06 0 -1 -2.66316e-06 8.00655e-07 -1 3.54621e-12 -1.33158e-06 23.9904 0 0 0 1 
				28
				1.33158e-06 2.66316e-06 -1 3.33786e-06 0 -1 -2.66316e-06 8.39308e-07 -1 3.54621e-12 -1.33158e-06 24.7674 0 0 0 1 
				29
				1.33158e-06 2.66316e-06 -1 3.33786e-06 0 -1 -2.66316e-06 8.78537e-07 -1 3.54621e-12 -1.33158e-06 25.5641 0 0 0 1 
				30
				1.33158e-06 2.66316e-06 -1 3.33786e-06 0 -1 -2.66316e-06 9.16667e-07 -1 3.54621e-12 -1.33158e-06 26.3233 0 0 0 1 
				31
				1.33158e-06 2.66316e-06 -1 3.33786e-06 0 -1 -2.66316e-06 9.52023e-07 -1 3.54621e-12 -1.33158e-06 26.9879 0 0 0 1 
		</Joint>
			2
				-1
				1.38779e-06 -1.52815e-06 -1 1.05031e-05 -0.00079765 -1 1.52704e-06 0.0118422 -1 0.00079765 -1.38901e-06 21.8105 0 0 0 1 
				0
				1.3879e-06 -1.3911e-06 -1 1.05014e-05 -0.000797649 -1 1.38999e-06 0.0118421 -1 0.000797649 -1.38901e-06 21.1895 0 0 0 1 
				1
				1.3878e-06 -1.52008e-06 -1 1.0503e-05 -0.00079765 -1 1.51898e-06 0.0118421 -1 0.00079765 -1.38901e-06 20.4801 0 0 0 1 
				2
				1.38791e-06 -1.38254e-06 -1 1.05013e-05 -0.000797649 -1 1.38143e-06 0.011842 -1 0.000797649 -1.38901e-06 19.7358 0 0 0 1 
				3
				1.38781e-06 -1.51115e-06 -1 1.05029e-05 -0.00079765 -1 1.51004e-06 0.0118419 -1 0.00079765 -1.38901e-06 19.0097 0 0 0 1 
				4
				1.38781e-06 -1.50652e-06 -1 1.05028e-05 -0.00079765 -1 1.50541e-06 0.0118419 -1 0.00079765 -1.38901e-06 18.3537 0 0 0 1 
				5
				1.38792e-06 -1.36871e-06 -1 1.05012e-05 -0.000797649 -1 1.3676e-06 0.0118418 -1 0.000797649 -1.38901e-06 17.8194 0 0 0 1 
				6
				1.38792e-06 -1.3641e-06 -1 1.05011e-05 -0.000797649 -1 1.36299e-06 0.0118418 -1 0.000797649 -1.38901e-06 17.4601 0 0 0 1 
				7
				1.38793e-06 -1.3596e-06 -1 1.05011e-05 -0.000797649 -1 1.35849e-06 0.0118418 -1 0.000797649 -1.38901e-06 17.3293 0 0 0 1 
				8
				1.38793e-06 -1.35527e-06 -1 1.0501e-05 -0.000797649 -1 1.35417e-06 0.0118417 -1 0.000797649 -1.38901e-06 17.5231 0 0 0 1 
				9
				1.38793e-06 -1.35119e-06 -1 1.0501e-05 -0.000797649 -1 1.35008e-06 0.0118418 -1 0.000797649 -1.38901e-06 18.0368 0 0 0 1 
				10
				1.38783e-06 -1.48056e-06 -1 1.05025e-05 -0.00079765 -1 1.47946e-06 0.0118418 -1 0.00079765 -1.38901e-06 18.7618 0 0 0 1 
				11
				1.38794e-06 -1.344e-06 -1 1.05009e-05 -0.000797649 -1 1.34289e-06 0.0118418 -1 0.000797649 -1.38901e-06 19.5896 0 0 0 1 
				12
				1.38784e-06 -1.47418e-06 -1 1.05024e-05 -0.00079765 -1 1.47308e-06 0.0118419 -1 0.00079765 -1.38901e-06 20.4148 0 0 0 1 
				13
				1.38794e-06 -1.33856e-06 -1 1.05008e-05 -0.000797649 -1 1.33745e-06 0.0118419 -1 0.000797649 -1.38901e-06 21.1324 0 0 0 1 
				14
				1.38795e-06 -1.33665e-06 -1 1.05008e-05 -0.000797649 -1 1.33555e-06 0.0118419 -1 0.000797649 -1.38901e-06 21.6339 0 0 0 1 
				15
				1.38795e-06 -1.33538e-06 -1 1.05008e-05 -0.000797649 -1 1.33428e-06 0.0118419 -1 0.000797649 -1.38901e-06 21.8105 0 0 0 1 
				16
				1.38795e-06 -1.33586e-06 -1 1.05008e-05 -0.00079765 -1 1.33475e-06 0.0118419 -1 0.00079765 -1.38901e-06 21.5903 0 0 0 1 
				17
				1.38794e-06 -1.33876e-06 -1 1.05008e-05 -0.000797649 -1 1.33765e-06 0.0118419 -1 0.000797649 -1.38901e-06 21.039 0 0 0 1 
				18
				1.38794e-06 -1.34346e-06 -1 1.05009e-05 -0.00079765 -1 1.34236e-06 0.0118419 -1 0.00079765 -1.38901e-06 20.2691 0 0 0 1 
				19
				1.38794e-06 -1.34935e-06 -1 1.05009e-05 -0.000797649 -1 1.34825e-06 0.0118418 -1 0.000797649 -1.38901e-06 19.3929 0 0 0 1 
				20
				1.38793e-06 -1.35582e-06 -1 1.0501e-05 -0.00079765 -1 1.35472e-06 0.0118418 -1 0.00079765 -1.38901e-06 18.5191 0 0 0 1 
				21
				1.38793e-06 -1.36228e-06 -1 1.05011e-05 -0.000797649 -1 1.36117e-06 0.0118417 -1 0.000797649 -1.38901e-06 17.7566 0 0 0 1 
				22
				1.38792e-06 -1.36809e-06 -1 1.05012e-05 -0.00079765 -1 1.36698e-06 0.0118417 -1 0.00079765 -1.38901e-06 17.2176 0 0 0 1 
				23
				1.38792e-06 -1.37264e-06 -1 1.05012e-05 -0.000797649 -1 1.37153e-06 0.0118417 -1 0.000797649 -1.38901e-06 17.0146 0 0 0 1 
				24
				1.38792e-06 -1.37614e-06 -1 1.05013e-05 -0.00079765 -1 1.37504e-06 0.0118418 -1 0.00079765 -1.38901e-06 17.1547 0 0 0 1 
				25
				1.38781e-06 -1.51243e-06 -1 1.05029e-05 -0.00079765 -1 1.51132e-06 0.0118418 -1 0.00079765 -1.38901e-06 17.5392 0 0 0 1 
				26
				1.3878e-06 -1.51527e-06 -1 1.05029e-05 -0.00079765 -1 1.51416e-06 0.0118419 -1 0.00079765 -1.38901e-06 18.111 0 0 0 1 
				27
				1.3878e-06 -1.5179e-06 -1 1.05029e-05 -0.00079765 -1 1.51679e-06 0.0118419 -1 0.00079765 -1.38901e-06 18.8131 0 0 0 1 
				28
				1.3878e-06 -1.52042e-06 -1 1.0503e-05 -0.00079765 -1 1.51931e-06 0.011842 -1 0.00079765 -1.38901e-06 19.5901 0 0 0 1 
				29
				1.3878e-06 -1.52291e-06 -1 1.0503e-05 -0.00079765 -1 1.5218e-06 0.0118421 -1 0.00079765 -1.38901e-06 20.3867 0 0 0 1 
				30
				1.3878e-06 -1.52545e-06 -1 1.0503e-05 -0.00079765 -1 1.52435e-06 0.0118421 -1 0.00079765 -1.38901e-06 21.1459 0 0 0 1 
				31
				1.38779e-06 -1.52815e-06 -1 1.05031e-05 -0.00079765 -1 1.52704e-06 0.0118422 -1 0.00079765 -1.38901e-06 21.8105 0 0 0 1 
		</Joint>
			3
				-1
				1.38777e-06 -1.55795e-06 -1 3.11416e-05 -0.00079765 -1 1.55684e-06 0.0118217 -1 0.00079765 -1.38901e-06 6.92863 0 0 0 1 
				0
				1.38788e-06 -1.41701e-06 -1 3.114e-05 -0.000797649 -1 1.41591e-06 0.0118217 -1 0.000797649 -1.38901e-06 6.30763 0 0 0 1 
				1
				1.38778e-06 -1.54182e-06 -1 3.11415e-05 -0.00079765 -1 1.54072e-06 0.0118216 -1 0.00079765 -1.38901e-06 5.59826 0 0 0 1 
				2
				1.3879e-06 -1.39988e-06 -1 3.11398e-05 -0.000797649 -1 1.39878e-06 0.0118215 -1 0.000797649 -1.38901e-06 4.85387 0 0 0 1 
				3
				1.3878e-06 -1.52395e-06 -1 3.11412e-05 -0.00079765 -1 1.52285e-06 0.0118215 -1 0.00079765 -1.38901e-06 4.12784 0 0 0 1 
				4
				1.3878e-06 -1.51469e-06 -1 3.11411e-05 -0.00079765 -1 1.51359e-06 0.0118214 -1 0.00079765 -1.38901e-06 3.47183 0 0 0 1 
				5
				1.38792e-06 -1.37223e-06 -1 3.11394e-05 -0.000797649 -1 1.37112e-06 0.0118214 -1 0.000797649 -1.38901e-06 2.93751 0 0 0 1 
				6
				1.38793e-06 -1.36301e-06 -1 3.11393e-05 -0.000797649 -1 1.3619e-06 0.0118213 -1 0.000797649 -1.38901e-06 2.57824 0 0 0 1 
				7
				1.38793e-06 -1.35401e-06 -1 3.11392e-05 -0.000797649 -1 1.3529e-06 0.0118213 -1 0.000797649 -1.38901e-06 2.44737 0 0 0 1 
				8
				1.38794e-06 -1.34536e-06 -1 3.11391e-05 -0.000797649 -1 1.34425e-06 0.0118213 -1 0.000797649 -1.38901e-06 2.64122 0 0 0 1 
				9
				1.38795e-06 -1.33719e-06 -1 3.1139e-05 -0.000797649 -1 1.33608e-06 0.0118213 -1 0.000797649 -1.38901e-06 3.15495 0 0 0 1 
				10
				1.38785e-06 -1.46279e-06 -1 3.11405e-05 -0.00079765 -1 1.46168e-06 0.0118213 -1 0.00079765 -1.38901e-06 3.87995 0 0 0 1 
				11
				1.38796e-06 -1.32281e-06 -1 3.11389e-05 -0.000797649 -1 1.3217e-06 0.0118214 -1 0.000797649 -1.38901e-06 4.70766 0 0 0 1 
				12
				1.38786e-06 -1.45003e-06 -1 3.11404e-05 -0.00079765 -1 1.44892e-06 0.0118214 -1 0.00079765 -1.38901e-06 5.53292 0 0 0 1 
				13
				1.38797e-06 -1.31193e-06 -1 3.11387e-05 -0.000797649 -1 1.31082e-06 0.0118214 -1 0.000797649 -1.38901e-06 6.25056 0 0 0 1 
				14
				1.38797e-06 -1.30812e-06 -1 3.11387e-05 -0.000797649 -1 1.30701e-06 0.0118215 -1 0.000797649 -1.38901e-06 6.75199 0 0 0 1 
				15
				1.38797e-06 -1.30558e-06 -1 3.11386e-05 -0.000797649 -1 1.30447e-06 0.0118215 -1 0.000797649 -1.38901e-06 6.92863 0 0 0 1 
				16
				1.38797e-06 -1.30653e-06 -1 3.11387e-05 -0.00079765 -1 1.30542e-06 0.0118215 -1 0.00079765 -1.38901e-06 6.70838 0 0 0 1 
				17
				1.38797e-06 -1.31233e-06 -1 3.11387e-05 -0.000797649 -1 1.31123e-06 0.0118214 -1 0.000797649 -1.38901e-06 6.15714 0 0 0 1 
				18
				1.38796e-06 -1.32174e-06 -1 3.11389e-05 -0.00079765 -1 1.32064e-06 0.0118214 -1 0.00079765 -1.38901e-06 5.38723 0 0 0 1 
				19
				1.38795e-06 -1.33352e-06 -1 3.1139e-05 -0.000797649 -1 1.33241e-06 0.0118214 -1 0.000797649 -1.38901e-06 4.511 0 0 0 1 
				20
				1.38794e-06 -1.34646e-06 -1 3.11391e-05 -0.00079765 -1 1.34535e-06 0.0118213 -1 0.00079765 -1.38901e-06 3.63723 0 0 0 1 
				21
				1.38793e-06 -1.35937e-06 -1 3.11393e-05 -0.000797649 -1 1.35826e-06 0.0118213 -1 0.000797649 -1.38901e-06 2.87469 0 0 0 1 
				22
				1.38792e-06 -1.37099e-06 -1 3.11394e-05 -0.00079765 -1 1.36988e-06 0.0118213 -1 0.00079765 -1.38901e-06 2.33575 0 0 0 1 
				23
				1.38791e-06 -1.38009e-06 -1 3.11395e-05 -0.000797649 -1 1.37898e-06 0.0118213 -1 0.000797649 -1.38901e-06 2.13271 0 0 0 1 
				24
				1.38791e-06 -1.3871e-06 -1 3.11396e-05 -0.00079765 -1 1.38599e-06 0.0118213 -1 0.00079765 -1.38901e-06 2.27277 0 0 0 1 
				25
				1.3878e-06 -1.52652e-06 -1 3.11413e-05 -0.00079765 -1 1.52541e-06 0.0118213 -1 0.00079765 -1.38901e-06 2.65726 0 0 0 1 
				26
				1.38779e-06 -1.53219e-06 -1 3.11413e-05 -0.00079765 -1 1.53108e-06 0.0118214 -1 0.00079765 -1.38901e-06 3.2291 0 0 0 1 
				27
				1.38779e-06 -1.53746e-06 -1 3.11414e-05 -0.00079765 -1 1.53635e-06 0.0118215 -1 0.00079765 -1.38901e-06 3.93118 0 0 0 1 
				28
				1.38778e-06 -1.5425e-06 -1 3.11415e-05 -0.00079765 -1 1.54139e-06 0.0118215 -1 0.00079765 -1.38901e-06 4.70819 0 0 0 1 
				29
				1.38778e-06 -1.54747e-06 -1 3.11415e-05 -0.00079765 -1 1.54636e-06 0.0118216 -1 0.00079765 -1.38901e-06 5.50484 0 0 0 1 
				30
				1.38777e-06 -1.55256e-06 -1 3.11416e-05 -0.00079765 -1 1.55146e-06 0.0118217 -1 0.00079765 -1.38901e-06 6.26403 0 0 0 1 
				31
				1.38777e-06 -1.55795e-06 -1 3.11416e-05 -0.00079765 -1 1.55684e-06 0.0118217 -1 0.00079765 -1.38901e-06 6.92863 0 0 0 1 
		</Joint>
			4
				-1
				1.38777e-06 -1.55795e-06 -1 5.1791e-05 -0.00079765 -1 1.55684e-06 0.00263986 -1 0.00079765 -1.38901e-06 -7.95325 0 0 0 1 
				0
				1.38788e-06 -1.41701e-06 -1 5.17906e-05 -0.000797649 -1 1.41591e-06 0.00263979 -1 0.000797649 -1.38901e-06 -8.57426 0 0 0 1 
				1
				1.38778e-06 -1.54182e-06 -1 5.1791e-05 -0.00079765 -1 1.54072e-06 0.00263973 -1 0.00079765 -1.38901e-06 -9.28363 0 0 0 1 
				2
				1.3879e-06 -1.39988e-06 -1 5.17906e-05 -0.000797649 -1 1.39878e-06 0.00263966 -1 0.000797649 -1.38901e-06 -10.028 0 0 0 1 
				3
				1.3878e-06 -1.52395e-06 -1 5.17909e-05 -0.00079765 -1 1.52285e-06 0.00263958 -1 0.00079765 -1.38901e-06 -10.754 0 0 0 1 
				4
				1.3878e-06 -1.51469e-06 -1 5.17909e-05 -0.00079765 -1 1.51359e-06 0.00263952 -1 0.00079765 -1.38901e-06 -11.4101 0 0 0 1 
				5
				1.38792e-06 -1.37223e-06 -1 5.17905e-05 -0.000797649 -1 1.37112e-06 0.00263947 -1 0.000797649 -1.38901e-06 -11.9444 0 0 0 1 
				6
				1.38793e-06 -1.36301e-06 -1 5.17905e-05 -0.000797649 -1 1.3619e-06 0.00263943 -1 0.000797649 -1.38901e-06 -12.3036 0 0 0 1 
				7
				1.38793e-06 -1.35401e-06 -1 5.17905e-05 -0.000797649 -1 1.3529e-06 0.0026394 -1 0.000797649 -1.38901e-06 -12.4345 0 0 0 1 
				8
				1.38794e-06 -1.34536e-06 -1 5.17904e-05 -0.000797649 -1 1.34425e-06 0.0026394 -1 0.000797649 -1.38901e-06 -12.2407 0 0 0 1 
				9
				1.38795e-06 -1.33719e-06 -1 5.17904e-05 -0.000797649 -1 1.33608e-06 0.00263941 -1 0.000797649 -1.38901e-06 -11.7269 0 0 0 1 
				10
				1.38785e-06 -1.46279e-06 -1 5.17908e-05 -0.00079765 -1 1.46168e-06 0.00263944 -1 0.00079765 -1.38901e-06 -11.0019 0 0 0 1 
				11
				1.38796e-06 -1.32281e-06 -1 5.17904e-05 -0.000797649 -1 1.3217e-06 0.00263949 -1 0.000797649 -1.38901e-06 -10.1742 0 0 0 1 
				12
				1.38786e-06 -1.45003e-06 -1 5.17907e-05 -0.00079765 -1 1.44892e-06 0.00263953 -1 0.00079765 -1.38901e-06 -9.34896 0 0 0 1 
				13
				1.38797e-06 -1.31193e-06 -1 5.17903e-05 -0.000797649 -1 1.31082e-06 0.00263956 -1 0.000797649 -1.38901e-06 -8.63132 0 0 0 1 
				14
				1.38797e-06 -1.30812e-06 -1 5.17903e-05 -0.000797649 -1 1.30701e-06 0.00263959 -1 0.000797649 -1.38901e-06 -8.12989 0 0 0 1 
				15
				1.38797e-06 -1.30558e-06 -1 5.17903e-05 -0.000797649 -1 1.30447e-06 0.0026396 -1 0.000797649 -1.38901e-06 -7.95325 0 0 0 1 
				16
				1.38797e-06 -1.30653e-06 -1 5.17903e-05 -0.00079765 -1 1.30542e-06 0.00263959 -1 0.00079765 -1.38901e-06 -8.1735 0 0 0 1 
				17
				1.38797e-06 -1.31233e-06 -1 5.17903e-05 -0.000797649 -1 1.31123e-06 0.00263956 -1 0.000797649 -1.38901e-06 -8.72474 0 0 0 1 
				18
				1.38796e-06 -1.32174e-06 -1 5.17904e-05 -0.00079765 -1 1.32064e-06 0.00263951 -1 0.00079765 -1.38901e-06 -9.49465 0 0 0 1 
				19
				1.38795e-06 -1.33352e-06 -1 5.17904e-05 -0.000797649 -1 1.33241e-06 0.00263947 -1 0.000797649 -1.38901e-06 -10.3709 0 0 0 1 
				20
				1.38794e-06 -1.34646e-06 -1 5.17904e-05 -0.00079765 -1 1.34535e-06 0.00263942 -1 0.00079765 -1.38901e-06 -11.2447 0 0 0 1 
				21
				1.38793e-06 -1.35937e-06 -1 5.17905e-05 -0.000797649 -1 1.35826e-06 0.00263939 -1 0.000797649 -1.38901e-06 -12.0072 0 0 0 1 
				22
				1.38792e-06 -1.37099e-06 -1 5.17905e-05 -0.00079765 -1 1.36988e-06 0.00263937 -1 0.00079765 -1.38901e-06 -12.5461 0 0 0 1 
				23
				1.38791e-06 -1.38009e-06 -1 5.17905e-05 -0.000797649 -1 1.37898e-06 0.00263938 -1 0.000797649 -1.38901e-06 -12.7492 0 0 0 1 
				24
				1.38791e-06 -1.3871e-06 -1 5.17906e-05 -0.00079765 -1 1.38599e-06 0.0026394 -1 0.00079765 -1.38901e-06 -12.6091 0 0 0 1 
				25
				1.3878e-06 -1.52652e-06 -1 5.17909e-05 -0.00079765 -1 1.52541e-06 0.00263945 -1 0.00079765 -1.38901e-06 -12.2246 0 0 0 1 
				26
				1.38779e-06 -1.53219e-06 -1 5.1791e-05 -0.00079765 -1 1.53108e-06 0.0026395 -1 0.00079765 -1.38901e-06 -11.6528 0 0 0 1 
				27
				1.38779e-06 -1.53746e-06 -1 5.1791e-05 -0.00079765 -1 1.53635e-06 0.00263957 -1 0.00079765 -1.38901e-06 -10.9507 0 0 0 1 
				28
				1.38778e-06 -1.5425e-06 -1 5.1791e-05 -0.00079765 -1 1.54139e-06 0.00263964 -1 0.00079765 -1.38901e-06 -10.1737 0 0 0 1 
				29
				1.38778e-06 -1.54747e-06 -1 5.1791e-05 -0.00079765 -1 1.54636e-06 0.00263972 -1 0.00079765 -1.38901e-06 -9.37704 0 0 0 1 
				30
				1.38777e-06 -1.55256e-06 -1 5.1791e-05 -0.00079765 -1 1.55146e-06 0.00263979 -1 0.00079765 -1.38901e-06 -8.61786 0 0 0 1 
				31
				1.38777e-06 -1.55795e-06 -1 5.1791e-05 -0.00079765 -1 1.55684e-06 0.00263986 -1 0.00079765 -1.38901e-06 -7.95325 0 0 0 1 
		</Joint>
			5
				-1
				1 1.55907e-06 1.40731e-06 1.6044 -1.55907e-06 1 1.36447e-06 -4.68396e-05 -1.40731e-06 -1.36447e-06 1 -7.95325 0 0 0 1 
				0
				1 1.41813e-06 1.40731e-06 1.6044 -1.41814e-06 1 1.36436e-06 -4.66746e-05 -1.40731e-06 -1.36436e-06 1 -8.57425 0 0 0 1 
				1
				1 1.54295e-06 1.40731e-06 1.6044 -1.54295e-06 1 1.36447e-06 -4.69434e-05 -1.40731e-06 -1.36447e-06 1 -9.28362 0 0 0 1 
				2
				1 1.401e-06 1.40731e-06 1.6044 -1.40101e-06 1 1.36436e-06 -4.67829e-05 -1.40731e-06 -1.36436e-06 1 -10.028 0 0 0 1 
				3
				1 1.52508e-06 1.40731e-06 1.6044 -1.52508e-06 1 1.36447e-06 -4.70539e-05 -1.40731e-06 -1.36447e-06 1 -10.754 0 0 0 1 
				4
				1 1.51582e-06 1.40731e-06 1.6044 -1.51582e-06 1 1.36447e-06 -4.71011e-05 -1.40731e-06 -1.36447e-06 1 -11.41 0 0 0 1 
				5
				1 1.37335e-06 1.40731e-06 1.6044 -1.37335e-06 1 1.36436e-06 -4.6924e-05 -1.40731e-06 -1.36436e-06 1 -11.9444 0 0 0 1 
				6
				1 1.36413e-06 1.40731e-06 1.6044 -1.36413e-06 1 1.36436e-06 -4.69548e-05 -1.40731e-06 -1.36436e-06 1 -12.3036 0 0 0 1 
				7
				1 1.35513e-06 1.40731e-06 1.6044 -1.35513e-06 1 1.36436e-06 -4.69655e-05 -1.40731e-06 -1.36436e-06 1 -12.4345 0 0 0 1 
				8
				1 1.34648e-06 1.40731e-06 1.6044 -1.34648e-06 1 1.36436e-06 -4.69518e-05 -1.40731e-06 -1.36436e-06 1 -12.2407 0 0 0 1 
				9
				1 1.33831e-06 1.40731e-06 1.6044 -1.33831e-06 1 1.36436e-06 -4.69254e-05 -1.40731e-06 -1.36436e-06 1 -11.7269 0 0 0 1 
				10
				1 1.46391e-06 1.40731e-06 1.6044 -1.46391e-06 1 1.36447e-06 -4.70952e-05 -1.40731e-06 -1.36447e-06 1 -11.0019 0 0 0 1 
				11
				1 1.32393e-06 1.40731e-06 1.6044 -1.32393e-06 1 1.36436e-06 -4.68317e-05 -1.40731e-06 -1.36436e-06 1 -10.1742 0 0 0 1 
				12
				1 1.45115e-06 1.40731e-06 1.6044 -1.45115e-06 1 1.36447e-06 -4.69919e-05 -1.40731e-06 -1.36447e-06 1 -9.34895 0 0 0 1 
				13
				1 1.31305e-06 1.40731e-06 1.6044 -1.31305e-06 1 1.36436e-06 -4.67349e-05 -1.40731e-06 -1.36436e-06 1 -8.63132 0 0 0 1 
				14
				1 1.30924e-06 1.40731e-06 1.6044 -1.30924e-06 1 1.36436e-06 -4.67015e-05 -1.40731e-06 -1.36436e-06 1 -8.12989 0 0 0 1 
				15
				1 1.3067e-06 1.40731e-06 1.6044 -1.3067e-06 1 1.36436e-06 -4.66883e-05 -1.40731e-06 -1.36436e-06 1 -7.95325 0 0 0 1 
				16
				1 1.30765e-06 1.40731e-06 1.6044 -1.30765e-06 1 1.36447e-06 -4.67005e-05 -1.40731e-06 -1.36447e-06 1 -8.17349 0 0 0 1 
				17
				1 1.31345e-06 1.40731e-06 1.6044 -1.31346e-06 1 1.36436e-06 -4.67448e-05 -1.40731e-06 -1.36436e-06 1 -8.72474 0 0 0 1 
				18
				1 1.32286e-06 1.40731e-06 1.6044 -1.32287e-06 1 1.36447e-06 -4.68025e-05 -1.40731e-06 -1.36447e-06 1 -9.49465 0 0 0 1 
				19
				1 1.33464e-06 1.40731e-06 1.6044 -1.33464e-06 1 1.36436e-06 -4.68659e-05 -1.40731e-06 -1.36436e-06 1 -10.3709 0 0 0 1 
				20
				1 1.34758e-06 1.40731e-06 1.6044 -1.34758e-06 1 1.36447e-06 -4.69297e-05 -1.40731e-06 -1.36447e-06 1 -11.2447 0 0 0 1 
				21
				1 1.36049e-06 1.40731e-06 1.6044 -1.36049e-06 1 1.36436e-06 -4.69815e-05 -1.40731e-06 -1.36436e-06 1 -12.0072 0 0 0 1 
				22
				1 1.37211e-06 1.40731e-06 1.6044 -1.37211e-06 1 1.36447e-06 -4.70201e-05 -1.40731e-06 -1.36447e-06 1 -12.5461 0 0 0 1 
				23
				1 1.38121e-06 1.40731e-06 1.6044 -1.38121e-06 1 1.36436e-06 -4.70311e-05 -1.40731e-06 -1.36436e-06 1 -12.7492 0 0 0 1 
				24
				1 1.38822e-06 1.40731e-06 1.6044 -1.38823e-06 1 1.36447e-06 -4.70192e-05 -1.40731e-06 -1.36447e-06 1 -12.6091 0 0 0 1 
				25
				1 1.52764e-06 1.40731e-06 1.6044 -1.52764e-06 1 1.36447e-06 -4.7196e-05 -1.40731e-06 -1.36447e-06 1 -12.2246 0 0 0 1 
				26
				1 1.53331e-06 1.40731e-06 1.6044 -1.53331e-06 1 1.36447e-06 -4.71482e-05 -1.40731e-06 -1.36447e-06 1 -11.6528 0 0 0 1 
				27
				1 1.53858e-06 1.40731e-06 1.6044 -1.53858e-06 1 1.36447e-06 -4.70895e-05 -1.40731e-06 -1.36447e-06 1 -10.9507 0 0 0 1 
				28
				1 1.54362e-06 1.40731e-06 1.6044 -1.54362e-06 1 1.36447e-06 -4.70279e-05 -1.40731e-06 -1.36447e-06 1 -10.1737 0 0 0 1 
				29
				1 1.54859e-06 1.40731e-06 1.6044 -1.54859e-06 1 1.36447e-06 -4.69574e-05 -1.40731e-06 -1.36447e-06 1 -9.37704 0 0 0 1 
				30
				1 1.55368e-06 1.40731e-06 1.6044 -1.55369e-06 1 1.36447e-06 -4.6895e-05 -1.40731e-06 -1.36447e-06 1 -8.61785 0 0 0 1 
				31
				1 1.55907e-06 1.40731e-06 1.6044 -1.55907e-06 1 1.36447e-06 -4.68396e-05 -1.40731e-06 -1.36447e-06 1 -7.95325 0 0 0 1 
		</Joint>
			6
				-1
				0.131636 -0.071996 -0.98868 9.07601 -0.688528 0.710883 -0.143439 -5.84884e-05 0.713163 0.699616 0.0440064 -7.95326 0 0 0 1 
				0
				0.128402 -0.0762612 -0.988785 9.07601 -0.599958 0.78792 -0.138679 -5.72704e-05 0.78966 0.611037 0.0554167 -8.57426 0 0 0 1 
				1
				0.124158 -0.0805071 -0.988991 9.07601 -0.49333 0.85978 -0.131922 -5.84717e-05 0.860936 0.504278 0.0670324 -9.28363 0 0 0 1 
				2
				0.118914 -0.0844276 -0.989308 9.07601 -0.370484 0.920645 -0.1231 -5.72507e-05 0.921195 0.381161 0.0781986 -10.028 0 0 0 1 
				3
				0.113672 -0.0876206 -0.989647 9.07601 -0.234588 0.965571 -0.112434 -5.84486e-05 0.965426 0.24494 0.0892032 -10.754 0 0 0 1 
				4
				0.111216 -0.0900292 -0.98971 9.07601 -0.0878622 0.991098 -0.100029 -5.84267e-05 0.989905 0.098083 0.102316 -11.4101 0 0 0 1 
				5
				0.105907 -0.0914625 -0.990161 9.07601 0.0515164 0.994928 -0.0863927 -5.71852e-05 0.993041 -0.0418599 0.110082 -11.9444 0 0 0 1 
				6
				0.0942791 -0.0921826 -0.991269 9.07601 0.200656 0.977029 -0.0717741 -5.71471e-05 0.975115 -0.192137 0.11061 -12.3037 0 0 0 1 
				7
				0.0878367 -0.0918072 -0.991895 9.07601 0.336992 0.939772 -0.0571407 -5.70905e-05 0.937401 -0.329241 0.113485 -12.4345 0 0 0 1 
				8
				0.0816353 -0.090544 -0.992541 9.07601 0.460153 0.886795 -0.0430504 -5.70122e-05 0.884079 -0.453206 0.114058 -12.2407 0 0 0 1 
				9
				0.0763882 -0.0887224 -0.993123 9.07601 0.567214 0.823027 -0.0298981 -5.69247e-05 0.82002 -0.56103 0.113194 -11.7269 0 0 0 1 
				10
				0.0718284 -0.0865024 -0.993659 9.07601 0.656342 0.754244 -0.0182155 -5.8033e-05 0.751037 -0.650871 0.110951 -11.0019 0 0 0 1 
				11
				0.068019 -0.0841312 -0.99413 9.07601 0.727066 0.686516 -0.00835213 -5.67237e-05 0.683189 -0.722231 0.107865 -10.1742 0 0 0 1 
				12
				0.065067 -0.0819012 -0.994514 9.07601 0.780085 0.625674 -0.000488306 -5.78344e-05 0.622282 -0.775773 0.104601 -9.34897 0 0 0 1 
				13
				0.0629842 -0.0800721 -0.994797 9.07601 0.816718 0.577012 0.00526512 -5.65455e-05 0.573588 -0.812801 0.101739 -8.63133 0 0 0 1 
				14
				0.061728 -0.0788522 -0.994973 9.07601 0.838286 0.54516 0.0088029 -5.64836e-05 0.541726 -0.834615 0.0997524 -8.1299 0 0 0 1 
				15
				0.0612997 -0.0784156 -0.995034 9.07601 0.845492 0.533894 0.0100125 -5.64515e-05 0.530458 -0.841907 0.0990273 -7.95326 0 0 0 1 
				16
				0.0617279 -0.0788522 -0.994973 9.07601 0.838286 0.54516 0.00880285 -5.64708e-05 0.541726 -0.834615 0.0997523 -8.1735 0 0 0 1 
				17
				0.0629842 -0.0800721 -0.994797 9.07601 0.816718 0.577012 0.00526512 -5.65585e-05 0.573588 -0.812801 0.101739 -8.72475 0 0 0 1 
				18
				0.0650669 -0.0819014 -0.994514 9.07601 0.780085 0.625674 -0.000488517 -5.66865e-05 0.622282 -0.775773 0.104601 -9.49466 0 0 0 1 
				19
				0.068019 -0.0841312 -0.99413 9.07601 0.727066 0.686516 -0.00835212 -5.68378e-05 0.683189 -0.722231 0.107865 -10.3709 0 0 0 1 
				20
				0.0718283 -0.0865023 -0.993659 9.07601 0.656342 0.754244 -0.0182155 -5.69983e-05 0.751037 -0.650871 0.110951 -11.2447 0 0 0 1 
				21
				0.0763882 -0.0887224 -0.993123 9.07601 0.567214 0.823027 -0.0298981 -5.71466e-05 0.82002 -0.56103 0.113194 -12.0072 0 0 0 1 
				22
				0.0816353 -0.0905441 -0.992541 9.07601 0.460153 0.886795 -0.0430505 -5.7272e-05 0.884079 -0.453206 0.114058 -12.5461 0 0 0 1 
				23
				0.0878367 -0.0918072 -0.991895 9.07601 0.336992 0.939772 -0.0571407 -5.7351e-05 0.937401 -0.329241 0.113485 -12.7492 0 0 0 1 
				24
				0.0942791 -0.0921828 -0.991269 9.07601 0.200656 0.977029 -0.0717743 -5.73915e-05 0.975115 -0.192137 0.11061 -12.6091 0 0 0 1 
				25
				0.105907 -0.0914623 -0.990161 9.07601 0.0515164 0.994928 -0.0863925 -5.86099e-05 0.993041 -0.0418599 0.110082 -12.2246 0 0 0 1 
				26
				0.111217 -0.090029 -0.98971 9.07601 -0.0878623 0.991098 -0.100029 -5.86045e-05 0.989905 0.098083 0.102316 -11.6528 0 0 0 1 
				27
				0.113672 -0.0876206 -0.989647 9.07601 -0.234588 0.965571 -0.112434 -5.85851e-05 0.965426 0.24494 0.0892032 -10.9507 0 0 0 1 
				28
				0.118914 -0.0844275 -0.989309 9.07601 -0.370484 0.920646 -0.1231 -5.85613e-05 0.921195 0.381162 0.0781986 -10.1737 0 0 0 1 
				29
				0.124159 -0.0805073 -0.988991 9.07601 -0.49333 0.85978 -0.131922 -5.85279e-05 0.860936 0.504278 0.0670324 -9.37705 0 0 0 1 
				30
				0.128402 -0.0762612 -0.988786 9.07601 -0.599958 0.78792 -0.138679 -5.85035e-05 0.78966 0.611037 0.0554168 -8.61786 0 0 0 1 
				31
				0.131636 -0.071996 -0.98868 9.07601 -0.688528 0.710883 -0.143439 -5.84884e-05 0.713163 0.699616 0.0440064 -7.95326 0 0 0 1 
		</Joint>
			7
				-1
				0.0770645 0.128734 -0.98868 11.1028 -0.737141 -0.660339 -0.143439 -10.6015 -0.67133 0.739851 0.0440064 3.02753 0 0 0 1 
				0
				0.0765994 0.1282 -0.988785 11.0531 -0.789499 -0.59788 -0.138679 -9.23781 -0.608953 0.791268 0.0554167 3.58438 0 0 0 1 
				1
				0.0758398 0.127063 -0.988991 10.9877 -0.840863 -0.524925 -0.131922 -7.59602 -0.535909 0.841611 0.0670324 3.97246 0 0 0 1 
				2
				0.0747022 0.125252 -0.989308 10.907 -0.888262 -0.442535 -0.1231 -5.70451 -0.453222 0.887961 0.0781986 4.15591 0 0 0 1 
				3
				0.0728949 0.123632 -0.989647 10.8262 -0.929161 -0.352164 -0.112434 -3.61208 -0.362419 0.927737 0.0892033 4.11092 0 0 0 1 
				4
				0.0699965 0.124799 -0.98971 10.7884 -0.962111 -0.253647 -0.100029 -1.3529 -0.263521 0.959212 0.102316 3.83181 0 0 0 1 
				5
				0.0667576 0.122984 -0.990161 10.7067 -0.983007 -0.161968 -0.0863927 0.793157 -0.170999 0.979102 0.110082 3.34578 0 0 0 1 
				6
				0.0648265 0.11482 -0.991269 10.5277 -0.995765 -0.0574419 -0.0717741 3.0895 -0.0651815 0.991724 0.11061 2.7105 0 0 0 1 
				7
				0.0613076 0.111289 -0.991895 10.4285 -0.997554 0.0402559 -0.0571407 5.18871 0.0335705 0.992972 0.113485 1.99894 0 0 0 1 
				8
				0.0575329 0.107483 -0.992541 10.333 -0.990246 0.13251 -0.0430504 7.08506 0.126894 0.985337 0.114058 1.37177 0 0 0 1 
				9
				0.0536081 0.104082 -0.993123 10.2522 -0.97566 0.217241 -0.0298981 8.73352 0.212635 0.970553 0.113194 0.899161 0 0 0 1 
				10
				0.0497655 0.100823 -0.993659 10.182 -0.95612 0.29241 -0.0182155 10.1058 0.288719 0.950963 0.110951 0.562019 0 0 0 1 
				11
				0.0461985 0.0978282 -0.99413 10.1233 -0.934316 0.356348 -0.0083521 11.1948 0.35344 0.929218 0.107865 0.345052 0 0 0 1 
				12
				0.0431004 0.0953093 -0.994514 10.0779 -0.913067 0.407809 -0.000488306 12.0111 0.405525 0.908079 0.104601 0.232499 0 0 0 1 
				13
				0.0406685 0.0934057 -0.994797 10.0458 -0.895115 0.445804 0.00526515 12.5752 0.443977 0.890243 0.101739 0.200396 0 0 0 1 
				14
				0.0390925 0.0921944 -0.994973 10.0265 -0.882946 0.469392 0.00880293 12.9073 0.467844 0.878164 0.0997524 0.211221 0 0 0 1 
				15
				0.0385378 0.0917687 -0.995034 10.0199 -0.878567 0.477514 0.0100126 13.0182 0.476062 0.873818 0.0990273 0.214369 0 0 0 1 
				16
				0.0390926 0.0921943 -0.994973 10.0265 -0.882946 0.469392 0.00880286 12.9073 0.467844 0.878164 0.0997523 0.167619 0 0 0 1 
				17
				0.0406685 0.0934057 -0.994797 10.0458 -0.895115 0.445805 0.00526515 12.5752 0.443977 0.890243 0.101739 0.106978 0 0 0 1 
				18
				0.0431007 0.0953093 -0.994514 10.0779 -0.913067 0.407809 -0.000488517 12.0111 0.405525 0.908079 0.104601 0.0868076 0 0 0 1 
				19
				0.0461985 0.0978282 -0.99413 10.1233 -0.934316 0.356348 -0.00835209 11.1948 0.35344 0.929218 0.107865 0.148395 0 0 0 1 
				20
				0.0497655 0.100823 -0.993659 10.182 -0.95612 0.29241 -0.0182155 10.1058 0.288719 0.950963 0.110951 0.319292 0 0 0 1 
				21
				0.0536081 0.104082 -0.993123 10.2522 -0.97566 0.217241 -0.029898 8.73352 0.212635 0.970553 0.113194 0.618907 0 0 0 1 
				22
				0.0575331 0.107483 -0.992541 10.333 -0.990246 0.13251 -0.0430505 7.08507 0.126894 0.985337 0.114058 1.0663 0 0 0 1 
				23
				0.0613075 0.111289 -0.991895 10.4285 -0.997554 0.0402559 -0.0571407 5.18871 0.0335705 0.992972 0.113485 1.68429 0 0 0 1 
				24
				0.0648266 0.11482 -0.991269 10.5277 -0.995765 -0.0574419 -0.0717743 3.0895 -0.0651815 0.991724 0.11061 2.40503 0 0 0 1 
				25
				0.0667575 0.122984 -0.990161 10.7067 -0.983007 -0.161968 -0.0863925 0.793155 -0.170999 0.979102 0.110082 3.06553 0 0 0 1 
				26
				0.0699964 0.124799 -0.98971 10.7884 -0.962111 -0.253648 -0.100029 -1.3529 -0.263521 0.959212 0.102316 3.58908 0 0 0 1 
				27
				0.0728949 0.123632 -0.989647 10.8262 -0.929161 -0.352164 -0.112434 -3.61208 -0.362419 0.927737 0.0892033 3.91426 0 0 0 1 
				28
				0.0747021 0.125252 -0.989309 10.907 -0.888262 -0.442535 -0.1231 -5.70452 -0.453222 0.887961 0.0781986 4.01023 0 0 0 1 
				29
				0.07584 0.127063 -0.988991 10.9877 -0.840863 -0.524925 -0.131922 -7.59602 -0.535909 0.84161 0.0670324 3.87904 0 0 0 1 
				30
				0.0765993 0.1282 -0.988786 11.0531 -0.789499 -0.59788 -0.138679 -9.23781 -0.608953 0.791268 0.0554168 3.54078 0 0 0 1 
				31
				0.0770645 0.128734 -0.98868 11.1028 -0.737141 -0.660339 -0.143439 -10.6015 -0.67133 0.739851 0.0440064 3.02753 0 0 0 1 
		</Joint>
			8
				-1
				0.0770645 -0.988577 -0.129521 12.2894 -0.737141 -0.143965 0.660225 -21.9515 -0.67133 0.0445955 -0.739815 -7.30915 0 0 0 1 
				0
				0.0824361 -0.988686 -0.125315 12.2325 -0.816258 -0.139125 0.560684 -21.394 -0.571775 0.0560685 -0.818492 -5.79187 0 0 0 1 
				1
				0.0877666 -0.988896 -0.119925 12.1554 -0.887665 -0.132273 0.441084 -20.543 -0.452049 0.0677407 -0.889417 -4.27909 0 0 0 1 
				2
				0.0926765 -0.989218 -0.113392 12.0572 -0.944678 -0.123342 0.303925 -19.3814 -0.314634 0.0789519 -0.945924 -2.82249 0 0 0 1 
				3
				0.0967756 -0.989563 -0.106774 11.9486 -0.981743 -0.112556 0.153338 -17.9187 -0.163755 0.0899856 -0.982389 -1.46936 0 0 0 1 
				4
				0.100242 -0.989628 -0.102895 11.8662 -0.994958 -0.100023 -0.00730156 -16.1668 -0.00306604 0.103108 -0.994665 -0.225699 0 0 0 1 
				5
				0.102357 -0.990084 -0.0962068 11.7346 -0.983558 -0.0862664 -0.158652 -14.3425 0.14878 0.110864 -0.982636 0.712857 0 0 0 1 
				6
				0.102841 -0.991203 -0.0833112 11.5258 -0.945847 -0.071522 -0.316636 -12.2426 0.307892 0.111363 -0.944882 1.70688 0 0 0 1 
				7
				0.102596 -0.991835 -0.0757422 11.3724 -0.887078 -0.0567759 -0.458114 -10.1709 0.450073 0.11419 -0.885661 2.51584 0 0 0 1 
				8
				0.101302 -0.992486 -0.068617 11.2188 -0.811754 -0.0425866 -0.582445 -8.16207 0.575147 0.114703 -0.809969 3.3256 0 0 0 1 
				9
				0.0994056 -0.993073 -0.0626401 11.0776 -0.726105 -0.0293511 -0.686957 -6.28902 0.680361 0.113771 -0.723993 4.17318 0 0 0 1 
				10
				0.0970566 -0.993613 -0.0575538 10.9482 -0.637132 -0.0176019 -0.770554 -4.61583 0.76462 0.111457 -0.634771 5.00751 0 0 0 1 
				11
				0.094535 -0.994088 -0.0534013 10.8347 -0.55189 -0.00768811 -0.833881 -3.19114 0.828541 0.108303 -0.549355 5.78708 0 0 0 1 
				12
				0.092172 -0.994474 -0.0502473 10.7415 -0.476883 0.000211559 -0.878967 -2.04763 0.87412 0.104978 -0.474228 6.4765 0 0 0 1 
				13
				0.0902461 -0.994759 -0.0480595 10.672 -0.417808 0.00598866 -0.908515 -1.20715 0.904042 0.10207 -0.415078 7.03645 0 0 0 1 
				14
				0.0889667 -0.994936 -0.046759 10.6284 -0.379542 0.00953958 -0.925125 -0.687707 0.920887 0.100052 -0.376772 7.41477 0 0 0 1 
				15
				0.0885095 -0.994998 -0.0463195 10.6132 -0.366081 0.0107535 -0.930521 -0.509328 0.926364 0.0993166 -0.363298 7.54445 0 0 0 1 
				16
				0.0889667 -0.994937 -0.0467589 10.6284 -0.379543 0.0095395 -0.925125 -0.687708 0.920887 0.100052 -0.376772 7.37116 0 0 0 1 
				17
				0.0902461 -0.994759 -0.0480595 10.672 -0.417808 0.00598866 -0.908515 -1.20715 0.904042 0.10207 -0.415078 6.94303 0 0 0 1 
				18
				0.0921722 -0.994474 -0.0502471 10.7415 -0.476883 0.000211333 -0.878967 -2.04763 0.874121 0.104978 -0.474228 6.33081 0 0 0 1 
				19
				0.094535 -0.994088 -0.0534013 10.8347 -0.55189 -0.00768811 -0.833881 -3.19114 0.828541 0.108303 -0.549355 5.59042 0 0 0 1 
				20
				0.0970565 -0.993613 -0.0575537 10.9482 -0.637132 -0.0176019 -0.770554 -4.61583 0.76462 0.111457 -0.634771 4.76479 0 0 0 1 
				21
				0.0994056 -0.993073 -0.0626401 11.0776 -0.726105 -0.029351 -0.686957 -6.28902 0.680361 0.113771 -0.723993 3.89292 0 0 0 1 
				22
				0.101302 -0.992487 -0.068617 11.2188 -0.811754 -0.0425867 -0.582445 -8.16207 0.575147 0.114703 -0.809969 3.02013 0 0 0 1 
				23
				0.102596 -0.991835 -0.0757422 11.3724 -0.887078 -0.0567759 -0.458114 -10.1709 0.450073 0.11419 -0.885661 2.20119 0 0 0 1 
				24
