<?xml version='1.0' encoding='UTF-8' ?>
<itpanim>
	<skeleton count>
		25
			0 -1
			1 -0 0 0 0 1 0 0 -0 -0 1 -0 0 0 0 1 
			1 0
			1 -0 0 0 0 1 0 0 -0 -0 1 -0 0 0 0 1 
			2 1
			1 -0 0 0 0 1 0 0 -0 -0 1 -0 0 0 0 1 
			3 2
			1 -0 0 0 0 1 0 0 -0 -0 1 -0 0 0 0 1 
			4 3
			1 -0 0 0 0 1 0 0 -0 -0 1 -0 0 0 0 1 
			5 4
			1 -0 0 0 0 1 0 0 -0 -0 1 -0 0 0 0 1 
			6 5
			1 -0 0 0 0 1 0 0 -0 -0 1 -0 0 0 0 1 
			7 6
			1 -0 0 0 0 1 0 0 -0 -0 1 -0 0 0 0 1 
			8 7
			0.994845 -0.0912189 0.0442965 -36.0513 -0.0434924 0.0107859 0.998995 79.7539 -0.091605 -0.995772 0.00676302 4.15114 0 0 0 1 
			9 4
			1 -0 0 0 0 1 0 0 -0 -0 1 -0 0 0 0 1 
			10 9
			1 -0 0 0 0 1 0 0 -0 -0 1 -0 0 0 0 1 
			11 10
			1 -0 0 0 0 1 0 0 -0 -0 1 -0 0 0 0 1 
			12 11
			1 -0 0 0 0 1 0 0 -0 -0 1 -0 0 0 0 1 
			13 4
			1 -0 0 0 0 1 0 0 -0 -0 1 -0 0 0 0 1 
			14 13
			1 -0 0 0 0 1 0 0 -0 -0 1 -0 0 0 0 1 
			15 2
			1 -0 0 0 0 1 0 0 -0 -0 1 -0 0 0 0 1 
			16 15
			1 -0 0 0 0 1 0 0 -0 -0 1 -0 0 0 0 1 
			17 16
			1 -0 0 0 0 1 0 0 -0 -0 1 -0 0 0 0 1 
			18 17
			1 -0 0 0 0 1 0 0 -0 -0 1 -0 0 0 0 1 
			19 18
			1 -0 0 0 0 1 0 0 -0 -0 1 -0 0 0 0 1 
			20 2
			1 -0 0 0 0 1 0 0 -0 -0 1 -0 0 0 0 1 
			21 20
			1 -0 0 0 0 1 0 0 -0 -0 1 -0 0 0 0 1 
			22 21
			1 -0 0 0 0 1 0 0 -0 -0 1 -0 0 0 0 1 
			23 22
			1 -0 0 0 0 1 0 0 -0 -0 1 -0 0 0 0 1 
			24 23
			1 -0 0 0 0 1 0 0 -0 -0 1 -0 0 0 0 1 
	</skeleton>
		<animations>
			25
			0
		</Joint>
			1
		</Joint>
			2
		</Joint>
			3
		</Joint>
			4
		</Joint>
			5
		</Joint>
			6
		</Joint>
			7
		</Joint>
			8
				-1
				0.994845 -0.0434909 -0.0916079 39.7145 -0.0912217 0.0107875 -0.995772 -0.0153494 0.0442952 0.998996 0.00676453 -78.1049 0 0 0 1 
				0
				0.994845 -0.0434909 -0.0916079 39.7145 -0.0912217 0.0107875 -0.995772 -0.0153494 0.0442952 0.998996 0.00676453 -78.1049 0 0 0 1 
				1
				0.994845 -0.0434909 -0.0916079 39.7145 -0.0912217 0.0107875 -0.995772 -0.0153494 0.0442952 0.998996 0.00676453 -78.1049 0 0 0 1 
				2
				0.994845 -0.0434909 -0.0916079 39.7145 -0.0912217 0.0107875 -0.995772 -0.0153494 0.0442952 0.998996 0.00676453 -78.1049 0 0 0 1 
				3
				0.994845 -0.0434909 -0.0916079 39.7145 -0.0912217 0.0107875 -0.995772 -0.0153494 0.0442952 0.998996 0.00676453 -78.1049 0 0 0 1 
				4
				0.994845 -0.0434909 -0.0916079 39.7145 -0.0912217 0.0107875 -0.995772 -0.0153494 0.0442952 0.998996 0.00676453 -78.1049 0 0 0 1 
				5
				0.994845 -0.0434909 -0.0916079 39.7145 -0.0912217 0.0107875 -0.995772 -0.0153494 0.0442952 0.998996 0.00676453 -78.1049 0 0 0 1 
				6
				0.994845 -0.0434909 -0.0916079 39.7145 -0.0912217 0.0107875 -0.995772 -0.0153494 0.0442952 0.998996 0.00676453 -78.1049 0 0 0 1 
				7
				0.994845 -0.0434909 -0.0916079 39.7145 -0.0912217 0.0107875 -0.995772 -0.0153494 0.0442952 0.998996 0.00676453 -78.1049 0 0 0 1 
				8
				0.994845 -0.0434909 -0.0916079 39.7145 -0.0912217 0.0107875 -0.995772 -0.0153494 0.0442952 0.998996 0.00676453 -78.1049 0 0 0 1 
				9
				0.994845 -0.0434909 -0.0916079 39.7145 -0.0912217 0.0107875 -0.995772 -0.0153494 0.0442952 0.998996 0.00676453 -78.1049 0 0 0 1 
				10
				0.994845 -0.0434909 -0.0916079 39.7145 -0.0912217 0.0107875 -0.995772 -0.0153494 0.0442952 0.998996 0.00676453 -78.1049 0 0 0 1 
				11
				0.994845 -0.0434909 -0.0916079 39.7145 -0.0912217 0.0107875 -0.995772 -0.0153494 0.0442952 0.998996 0.00676453 -78.1049 0 0 0 1 
				12
				0.994845 -0.0434909 -0.0916079 39.7145 -0.0912217 0.0107875 -0.995772 -0.0153494 0.0442952 0.998996 0.00676453 -78.1049 0 0 0 1 
				13
				0.994845 -0.0434909 -0.0916079 39.7145 -0.0912217 0.0107875 -0.995772 -0.0153494 0.0442952 0.998996 0.00676453 -78.1049 0 0 0 1 
				14
				0.994845 -0.0434909 -0.0916079 39.7145 -0.0912217 0.0107875 -0.995772 -0.0153494 0.0442952 0.998996 0.00676453 -78.1049 0 0 0 1 
				15
				0.994845 -0.0434909 -0.0916079 39.7145 -0.0912217 0.0107875 -0.995772 -0.0153494 0.0442952 0.998996 0.00676453 -78.1049 0 0 0 1 
				16
				0.994845 -0.0434909 -0.0916079 39.7145 -0.0912217 0.0107875 -0.995772 -0.0153494 0.0442952 0.998996 0.00676453 -78.1049 0 0 0 1 
				17
				0.994845 -0.0434909 -0.0916079 39.7145 -0.0912217 0.0107875 -0.995772 -0.0153494 0.0442952 0.998996 0.00676453 -78.1049 0 0 0 1 
				18
				0.994845 -0.0434909 -0.0916079 39.7145 -0.0912217 0.0107875 -0.995772 -0.0153494 0.0442952 0.998996 0.00676453 -78.1049 0 0 0 1 
				19
				0.994845 -0.0434909 -0.0916079 39.7145 -0.0912217 0.0107875 -0.995772 -0.0153494 0.0442952 0.998996 0.00676453 -78.1049 0 0 0 1 
				20
				0.994845 -0.0434909 -0.0916079 39.7145 -0.0912217 0.0107875 -0.995772 -0.0153494 0.0442952 0.998996 0.00676453 -78.1049 0 0 0 1 
				21
				0.994845 -0.0434909 -0.0916079 39.7145 -0.0912217 0.0107875 -0.995772 -0.0153494 0.0442952 0.998996 0.00676453 -78.1049 0 0 0 1 
				22
				0.994845 -0.0434909 -0.0916079 39.7145 -0.0912217 0.0107875 -0.995772 -0.0153494 0.0442952 0.998996 0.00676453 -78.1049 0 0 0 1 
				23
				0.994845 -0.0434909 -0.0916079 39.7145 -0.0912217 0.0107875 -0.995772 -0.0153494 0.0442952 0.998996 0.00676453 -78.1049 0 0 0 1 
		</Joint>
			9
		</Joint>
			10
		</Joint>
			11
		</Joint>
			12
		</Joint>
			13
		</Joint>
			14
		</Joint>
			15
		</Joint>
			16
		</Joint>
			17
		</Joint>
			18
		</Joint>
			19
		</Joint>
			20
		</Joint>
			21
		</Joint>
			22
		</Joint>
			23
		</Joint>
			24
		</Joint>
		</animation>
</animations>
</itpanim>