<?xml version='1.0' encoding='UTF-8' ?>
<itpanim>
	<skeleton count>
		25
			0 -1
			1.37091e-06 -1 -6.12323e-17 1.44664e-05 1 1.37091e-06 -6.12323e-17 -3.33788e-06 6.12323e-17 -6.12323e-17 1 -21.2087 0 0 0 1 
			1 0
			1.3868e-06 4.78456e-08 -1 21.2087 2.75771e-06 -1 -4.78418e-08 1.44663e-05 -1 -2.75771e-06 -1.3868e-06 3.27502e-05 0 0 0 1 
			2 1
			1.40269e-06 -0.000796318 -1 16.0314 0 -1 0.000796318 -0.000903716 -1 -1.11699e-09 -1.40269e-06 3.34038e-06 0 0 0 1 
			3 2
			1.40269e-06 -0.000796318 -1 1.14949 0 -1 0.000796318 0.0109463 -1 -1.11699e-09 -1.40269e-06 3.30752e-06 0 0 0 1 
			4 3
			1.40269e-06 -0.000796318 -1 -13.7324 0 -1 0.000796318 0.013635 -1 -1.11699e-09 -1.40269e-06 3.30006e-06 0 0 0 1 
			5 4
			1 1.37091e-06 4.37113e-08 -1.60435 -1.37091e-06 1 3.58059e-15 -1.09939e-05 -4.37113e-08 -6.35048e-14 1 13.7324 0 0 0 1 
			6 5
			0.994967 0.0993349 -0.0131664 -9.21109 -0.0994537 0.995004 -0.00869969 0.783147 0.0122365 0.00996535 0.999875 13.6196 0 0 0 1 
			7 6
			0.994892 -0.100322 -0.0111756 -24.2735 0.100198 0.994905 -0.011142 -4.1214 0.0122365 0.00996535 0.999875 13.6196 0 0 0 1 
			8 7
			0.994892 -0.100322 -0.0111756 -39.6708 0.0123163 0.0107576 0.999866 13.6163 -0.100188 -0.994897 0.0119382 4.13224 0 0 0 1 
			9 4
			-1 -1.37091e-06 4.37114e-08 -1.60434 -1.37091e-06 1 3.84662e-15 -1.09939e-05 -4.37115e-08 -5.60777e-14 -1 -13.7324 0 0 0 1 
			10 9
			-0.994967 0.0993346 -0.0131667 -9.21109 0.0994535 0.995004 -0.00870241 0.783132 0.0122364 -0.00996808 -0.999875 -13.6196 0 0 0 1 
			11 10
			-0.994892 -0.100322 -0.0111753 -24.2735 -0.100198 0.994905 -0.0111448 -4.12141 0.0122364 -0.00996809 -0.999875 -13.6196 0 0 0 1 
			12 11
			-0.994892 -0.100322 -0.0111753 -39.6708 -0.0123162 0.0107603 0.999866 13.6163 -0.100189 0.994897 -0.0119409 -4.13226 0 0 0 1 
			13 4
			1.34309e-06 -5.95475e-08 -1 -17.1089 -1.40269e-06 -1 5.95456e-08 1.08463e-05 -1 1.40269e-06 -1.34309e-06 -1.9641e-05 0 0 0 1 
			14 13
			1 -0 0 0 0 1 0 0 -0 -0 1 -0 0 0 0 1 
			15 2
			1.37369e-06 -0.0998334 0.995004 -21.1028 0 -0.995004 -0.0998334 2.11735 1 1.3714e-07 -1.36683e-06 -4.58386 0 0 0 1 
			16 15
			1.37369e-06 0.0998334 0.995004 -40.7016 0 -0.995004 0.0998334 -6.09021 1 -1.3714e-07 -1.36683e-06 -4.58386 0 0 0 1 
			17 16
			1.3716e-06 -6.00745e-14 1 -61.0038 0 -1 -6.00745e-14 1.29981e-05 1 8.23984e-20 -1.3716e-06 -4.58385 0 0 0 1 
			18 17
			1.3723e-06 -1 -6.00133e-14 -6.78409 0 6.00133e-14 -1 65.6032 1 1.3723e-06 8.23562e-20 -4.58386 0 0 0 1 
			19 18
			1 -0 0 0 0 1 0 0 -0 -0 1 -0 0 0 0 1 
			20 2
			1.37369e-06 -0.0998334 0.995004 -21.1028 0 -0.995004 -0.0998334 2.11735 1 1.3714e-07 -1.36683e-06 4.58385 0 0 0 1 
			21 20
			1.37369e-06 0.0998334 0.995004 -40.7016 0 -0.995004 0.0998334 -6.09021 1 -1.3714e-07 -1.36683e-06 4.58385 0 0 0 1 
			22 21
			1.3716e-06 -6.00745e-14 1 -61.0038 0 -1 -6.00745e-14 1.29981e-05 1 8.23984e-20 -1.3716e-06 4.58386 0 0 0 1 
			23 22
			1.3723e-06 -1 5.98908e-14 -6.78409 0 -5.98908e-14 -1 65.6032 1 1.3723e-06 -8.21882e-20 4.58386 0 0 0 1 
			24 23
			1 -0 0 0 0 1 0 0 -0 -0 1 -0 0 0 0 1 
	</skeleton>
		<animations>
			49
			0
				-1
				-0.573575 0.819153 -2.02144e-33 3.33786e-06 -0.819153 -0.573575 -1.36318e-32 8.68908e-07 -1.2326e-32 -6.16298e-33 1 24.4186 0 0 0 1 
				0
				-0.431022 0.902342 0 3.33786e-06 -0.902342 -0.431022 -0 -0.598012 -0 -0 1 23.4064 0 0 0 1 
				1
				-0.268171 0.963371 2.96862e-33 3.33786e-06 -0.963371 -0.268171 -8.26367e-34 -1.2282 -0 -3.08149e-33 1 22.3398 0 0 0 1 
				2
				-0.114083 0.993471 -1.53068e-33 3.33786e-06 -0.993471 -0.114083 1.75773e-34 -1.79698 -0 1.54074e-33 1 21.3772 0 0 0 1 
				3
				1.33158e-06 1 0 3.33786e-06 -1 1.33158e-06 0 -2.21077 -0 -0 1 20.6768 0 0 0 1 
				4
				0.0404892 0.99918 0 3.33786e-06 -0.99918 0.0404892 0 -2.35734 -0 -0 1 20.4287 0 0 0 1 
				5
				0.023861 0.999715 -1.92538e-34 3.33786e-06 -0.999715 0.023861 -4.59546e-36 -2.29712 -0 1.92593e-34 1 20.5307 0 0 0 1 
				6
				0.00208925 0.999998 1.6779e-36 3.33786e-06 -0.999998 0.00208925 -1.2326e-32 -2.21832 -1.2326e-32 2.40741e-35 1 20.664 0 0 0 1 
				7
				1.33158e-06 1 0 3.33786e-06 -1 1.33158e-06 0 -2.21077 -0 -0 1 20.6768 0 0 0 1 
				8
				1.33158e-06 1 0 3.33786e-06 -1 1.33158e-06 0 -2.21077 -0 -0 1 20.6768 0 0 0 1 
				9
				1.33158e-06 1 0 3.33786e-06 -1 1.33158e-06 0 -2.21077 -0 -0 1 20.6768 0 0 0 1 
				10
				1.33158e-06 1 0 3.33786e-06 -1 1.33158e-06 0 -2.21077 -0 -0 1 20.6768 0 0 0 1 
				11
				1.33158e-06 1 0 3.33786e-06 -1 1.33158e-06 0 -2.21077 -0 -0 1 20.6768 0 0 0 1 
				12
				1.33158e-06 1 0 3.33786e-06 -1 1.33158e-06 0 -2.21077 -0 -0 1 20.6768 0 0 0 1 
				13
				1.33158e-06 1 0 3.33786e-06 -1 1.33158e-06 0 -2.21077 -0 -0 1 20.6768 0 0 0 1 
				14
				1.33158e-06 1 0 3.33786e-06 -1 1.33158e-06 0 -2.21077 -0 -0 1 20.6768 0 0 0 1 
				15
				1.33158e-06 1 0 3.33786e-06 -1 1.33158e-06 0 -2.21077 -0 -0 1 20.6768 0 0 0 1 
				16
				1.33158e-06 1 0 3.33786e-06 -1 1.33158e-06 0 -2.21077 -0 -0 1 20.6768 0 0 0 1 
				17
				1.33158e-06 1 0 3.33786e-06 -1 1.33158e-06 0 -2.21077 -0 -0 1 20.6768 0 0 0 1 
				18
				1.33158e-06 1 0 3.33786e-06 -1 1.33158e-06 0 -2.21077 -0 -0 1 20.6768 0 0 0 1 
				19
				1.33158e-06 1 0 3.33786e-06 -1 1.33158e-06 0 -2.21077 -0 -0 1 20.6768 0 0 0 1 
				20
				-0.000109323 1 -5.95191e-37 3.33786e-06 -1 -0.000109323 -1.2326e-32 -2.21037 -1.2326e-32 -7.52316e-37 1 20.6775 0 0 0 1 
				21
				-0.000380299 1 0 3.33786e-06 -1 -0.000380299 -0 -2.20938 -0 -0 1 20.6792 0 0 0 1 
				22
				-0.000715059 1 2.79525e-36 3.33786e-06 -1 -0.000715059 1.2326e-32 -2.20817 1.2326e-32 6.01853e-36 1 20.6812 0 0 0 1 
				23
				-0.00101679 0.999999 -1.2533e-35 3.33786e-06 -0.999999 -0.00101679 -1.23259e-32 -2.20708 -1.2326e-32 -0 1 20.683 0 0 0 1 
				24
				-0.00119097 0.999999 -2.64273e-36 3.33786e-06 -0.999999 -0.00119097 -1.2326e-32 -2.20645 -1.2326e-32 -1.20371e-35 1 20.6841 0 0 0 1 
				25
				-0.00114409 0.999999 0 3.33786e-06 -0.999999 -0.00114409 -0 -2.20662 -0 -0 1 20.6838 0 0 0 1 
				26
				-0.000778841 1 0 3.33786e-06 -1 -0.000778841 -0 -2.20794 -0 -0 1 20.6816 0 0 0 1 
				27
				1.33158e-06 1 0 3.33786e-06 -1 1.33158e-06 0 -2.21077 -0 -0 1 20.6768 0 0 0 1 
				28
				0.00488076 0.999988 4.81477e-35 3.33786e-06 -0.999988 0.00488076 2.35e-37 -2.22843 -0 -4.81482e-35 1 20.6469 0 0 0 1 
				29
				0.013476 0.999909 -6.98166e-35 3.33786e-06 -0.999909 0.013476 1.23261e-32 -2.25953 1.2326e-32 -9.62965e-35 1 20.5943 0 0 0 1 
				30
				0.0237916 0.999717 0 3.33786e-06 -0.999717 0.0237916 0 -2.29687 -0 -0 1 20.5311 0 0 0 1 
				31
				0.0309214 0.999522 -3.81136e-34 3.33786e-06 -0.999522 0.0309214 1.23201e-32 -2.32269 1.2326e-32 -0 1 20.4874 0 0 0 1 
				32
				0.0341805 0.999416 0 3.33786e-06 -0.999416 0.0341805 0 -2.33449 -0 -0 1 20.4674 0 0 0 1 
				33
				0.0372764 0.999305 7.4549e-35 3.33786e-06 -0.999305 0.0372764 -1.23317e-32 -2.3457 -1.2326e-32 3.85186e-34 1 20.4484 0 0 0 1 
				34
				0.0399577 0.999201 1.07638e-34 3.33786e-06 -0.999201 0.0399577 -1.23315e-32 -2.35541 -1.2326e-32 3.85186e-34 1 20.432 0 0 0 1 
				35
				0.0419729 0.999119 -2.52337e-34 3.33786e-06 -0.999119 0.0419729 -1.23474e-32 -2.36271 -1.2326e-32 7.70372e-34 1 20.4196 0 0 0 1 
				36
				0.0430782 0.999072 3.84828e-34 3.33786e-06 -0.999072 0.0430782 1.65931e-35 -2.36671 -0 -3.85186e-34 1 20.4129 0 0 0 1 
				37
				0.0430306 0.999074 7.69658e-34 3.33786e-06 -0.999074 0.0430306 3.31496e-35 -2.36654 -0 -7.70372e-34 1 20.4132 0 0 0 1 
				38
				0.0411294 0.999154 0 3.33786e-06 -0.999154 0.0411294 0 -2.35966 -0 -0 1 20.4248 0 0 0 1 
				39
				0.0448468 0.998994 -3.84798e-34 3.33786e-06 -0.998994 0.0448468 -1.72744e-35 -2.37312 -0 3.85186e-34 1 20.402 0 0 0 1 
				40
				0.0573886 0.998352 -7.69102e-34 3.33786e-06 -0.998352 0.0573886 -4.42106e-35 -2.41857 -0 7.70372e-34 1 20.3251 0 0 0 1 
				41
				0.0645862 0.997912 -7.96086e-34 3.33786e-06 -0.997912 0.0645862 1.23002e-32 -2.44467 1.2326e-32 -0 1 20.2809 0 0 0 1 
				42
				0.0507208 0.998713 3.8469e-34 3.33786e-06 -0.998713 0.0507208 1.95369e-35 -2.3944 -0 -3.85186e-34 1 20.366 0 0 0 1 
				43
				1.33158e-06 1 0 3.33786e-06 -1 1.33158e-06 0 -2.21077 -0 -0 1 20.6768 0 0 0 1 
				44
				-0.108039 0.994147 0 3.33786e-06 -0.994147 -0.108039 -0 -1.819 -0 -0 1 21.3399 0 0 0 1 
				45
				-0.262987 0.964799 -2.97302e-33 3.33786e-06 -0.964799 -0.262987 8.10392e-34 -1.24766 -0 3.08149e-33 1 22.3069 0 0 0 1 
				46
				-0.429231 0.903195 0 3.33786e-06 -0.903195 -0.429231 -0 -0.605192 -0 -0 1 23.3943 0 0 0 1 
				47
				-0.573575 0.819153 -2.02144e-33 3.33786e-06 -0.819153 -0.573575 -1.36318e-32 8.68908e-07 -1.2326e-32 -6.16298e-33 1 24.4186 0 0 0 1 
		</Joint>
			1
				-1
				1.33158e-06 -0.573574 -0.819154 3.33786e-06 0 -0.819154 0.573574 8.68908e-07 -1 -7.6376e-07 -1.09077e-06 24.4186 0 0 0 1 
				0
				1.33158e-06 -0.431021 -0.902342 3.33786e-06 0 -0.902342 0.431021 -0.598012 -1 -5.73939e-07 -1.20154e-06 23.4064 0 0 0 1 
				1
				1.33158e-06 -0.26817 -0.963372 3.33786e-06 0 -0.963372 0.26817 -1.2282 -1 -3.5709e-07 -1.28281e-06 22.3398 0 0 0 1 
				2
				1.33158e-06 -0.114082 -0.993471 3.33786e-06 0 -0.993471 0.114082 -1.79698 -1 -1.51909e-07 -1.32289e-06 21.3772 0 0 0 1 
				3
				1.33158e-06 2.66316e-06 -1 3.33786e-06 0 -1 -2.66316e-06 -2.21077 -1 3.54621e-12 -1.33158e-06 20.6768 0 0 0 1 
				4
				1.33158e-06 0.0404905 -0.99918 3.33786e-06 0 -0.99918 -0.0404905 -2.35734 -1 5.39164e-08 -1.33049e-06 20.4287 0 0 0 1 
				5
				1.33158e-06 0.0238623 -0.999715 3.33786e-06 0 -0.999715 -0.0238623 -2.29712 -1 3.17746e-08 -1.3312e-06 20.5307 0 0 0 1 
				6
				1.33158e-06 0.00209058 -0.999998 3.33786e-06 0 -0.999998 -0.00209058 -2.21832 -1 2.78378e-09 -1.33158e-06 20.664 0 0 0 1 
				7
				1.33158e-06 2.66316e-06 -1 3.33786e-06 0 -1 -2.66316e-06 -2.21077 -1 3.54621e-12 -1.33158e-06 20.6768 0 0 0 1 
				8
				1.33158e-06 2.66316e-06 -1 3.33786e-06 0 -1 -2.66316e-06 -2.21077 -1 3.54621e-12 -1.33158e-06 20.6768 0 0 0 1 
				9
				1.33158e-06 2.66316e-06 -1 3.33786e-06 0 -1 -2.66316e-06 -2.21077 -1 3.54621e-12 -1.33158e-06 20.6768 0 0 0 1 
				10
				1.33158e-06 2.66316e-06 -1 3.33786e-06 0 -1 -2.66316e-06 -2.21077 -1 3.54621e-12 -1.33158e-06 20.6768 0 0 0 1 
				11
				1.33158e-06 2.66316e-06 -1 3.33786e-06 0 -1 -2.66316e-06 -2.21077 -1 3.54621e-12 -1.33158e-06 20.6768 0 0 0 1 
				12
				1.33158e-06 2.66316e-06 -1 3.33786e-06 0 -1 -2.66316e-06 -2.21077 -1 3.54621e-12 -1.33158e-06 20.6768 0 0 0 1 
				13
				1.33158e-06 2.66316e-06 -1 3.33786e-06 0 -1 -2.66316e-06 -2.21077 -1 3.54621e-12 -1.33158e-06 20.6768 0 0 0 1 
				14
				1.33158e-06 2.66316e-06 -1 3.33786e-06 0 -1 -2.66316e-06 -2.21077 -1 3.54621e-12 -1.33158e-06 20.6768 0 0 0 1 
				15
				1.33158e-06 2.66316e-06 -1 3.33786e-06 0 -1 -2.66316e-06 -2.21077 -1 3.54621e-12 -1.33158e-06 20.6768 0 0 0 1 
				16
				1.33158e-06 2.66316e-06 -1 3.33786e-06 0 -1 -2.66316e-06 -2.21077 -1 3.54621e-12 -1.33158e-06 20.6768 0 0 0 1 
				17
				1.33158e-06 2.66316e-06 -1 3.33786e-06 0 -1 -2.66316e-06 -2.21077 -1 3.54621e-12 -1.33158e-06 20.6768 0 0 0 1 
				18
				1.33158e-06 2.66316e-06 -1 3.33786e-06 0 -1 -2.66316e-06 -2.21077 -1 3.54621e-12 -1.33158e-06 20.6768 0 0 0 1 
				19
				1.33158e-06 2.66316e-06 -1 3.33786e-06 0 -1 -2.66316e-06 -2.21077 -1 3.54621e-12 -1.33158e-06 20.6768 0 0 0 1 
				20
				1.33158e-06 -0.000107991 -1 3.33786e-06 0 -1 0.000107991 -2.21037 -1 -1.43799e-10 -1.33158e-06 20.6775 0 0 0 1 
				21
				1.33158e-06 -0.000378968 -1 3.33786e-06 0 -1 0.000378968 -2.20938 -1 -5.04626e-10 -1.33158e-06 20.6792 0 0 0 1 
				22
				1.33158e-06 -0.000713727 -1 3.33786e-06 0 -1 0.000713727 -2.20817 -1 -9.50385e-10 -1.33158e-06 20.6812 0 0 0 1 
				23
				1.33158e-06 -0.00101546 -1 3.33786e-06 0 -1 0.00101546 -2.20708 -1 -1.35217e-09 -1.33158e-06 20.683 0 0 0 1 
				24
				1.33158e-06 -0.00118963 -0.999999 3.33786e-06 0 -0.999999 0.00118963 -2.20645 -1 -1.58409e-09 -1.33158e-06 20.6841 0 0 0 1 
				25
				1.33158e-06 -0.00114276 -0.999999 3.33786e-06 0 -0.999999 0.00114276 -2.20662 -1 -1.52168e-09 -1.33158e-06 20.6838 0 0 0 1 
				26
				1.33158e-06 -0.00077751 -1 3.33786e-06 0 -1 0.00077751 -2.20794 -1 -1.03532e-09 -1.33158e-06 20.6816 0 0 0 1 
				27
				1.33158e-06 2.66316e-06 -1 3.33786e-06 0 -1 -2.66316e-06 -2.21077 -1 3.54621e-12 -1.33158e-06 20.6768 0 0 0 1 
				28
				1.33158e-06 0.00488209 -0.999988 3.33786e-06 0 -0.999988 -0.00488209 -2.22843 -1 6.50089e-09 -1.33156e-06 20.6469 0 0 0 1 
				29
				1.33158e-06 0.0134773 -0.999909 3.33786e-06 0 -0.999909 -0.0134773 -2.25953 -1 1.79461e-08 -1.33146e-06 20.5943 0 0 0 1 
				30
				1.33158e-06 0.023793 -0.999717 3.33786e-06 0 -0.999717 -0.023793 -2.29687 -1 3.16823e-08 -1.3312e-06 20.5311 0 0 0 1 
				31
				1.33158e-06 0.0309228 -0.999522 3.33786e-06 0 -0.999522 -0.0309228 -2.32269 -1 4.11761e-08 -1.33094e-06 20.4874 0 0 0 1 
				32
				1.33158e-06 0.0341818 -0.999416 3.33786e-06 0 -0.999416 -0.0341818 -2.33449 -1 4.55158e-08 -1.3308e-06 20.4674 0 0 0 1 
				33
				1.33158e-06 0.0372777 -0.999305 3.33786e-06 0 -0.999305 -0.0372777 -2.3457 -1 4.96383e-08 -1.33066e-06 20.4484 0 0 0 1 
				34
				1.33158e-06 0.039959 -0.999201 3.33786e-06 0 -0.999201 -0.039959 -2.35541 -1 5.32086e-08 -1.33052e-06 20.432 0 0 0 1 
				35
				1.33158e-06 0.0419743 -0.999119 3.33786e-06 0 -0.999119 -0.0419743 -2.36271 -1 5.58921e-08 -1.33041e-06 20.4196 0 0 0 1 
				36
				1.33158e-06 0.0430795 -0.999072 3.33786e-06 0 -0.999072 -0.0430795 -2.36671 -1 5.73639e-08 -1.33034e-06 20.4129 0 0 0 1 
				37
				1.33158e-06 0.0430319 -0.999074 3.33786e-06 0 -0.999074 -0.0430319 -2.36654 -1 5.73005e-08 -1.33035e-06 20.4132 0 0 0 1 
				38
				1.33158e-06 0.0411308 -0.999154 3.33786e-06 0 -0.999154 -0.0411308 -2.35966 -1 5.47689e-08 -1.33045e-06 20.4248 0 0 0 1 
				39
				1.33158e-06 0.0448482 -0.998994 3.33786e-06 0 -0.998994 -0.0448482 -2.37312 -1 5.97189e-08 -1.33024e-06 20.402 0 0 0 1 
				40
				1.33158e-06 0.0573899 -0.998352 3.33786e-06 0 -0.998352 -0.0573899 -2.41857 -1 7.64193e-08 -1.32939e-06 20.3251 0 0 0 1 
				41
				1.33158e-06 0.0645875 -0.997912 3.33786e-06 0 -0.997912 -0.0645875 -2.44467 -1 8.60035e-08 -1.3288e-06 20.2809 0 0 0 1 
				42
				1.33158e-06 0.0507221 -0.998713 3.33786e-06 0 -0.998713 -0.0507221 -2.3944 -1 6.75406e-08 -1.32987e-06 20.366 0 0 0 1 
				43
				1.33158e-06 2.66316e-06 -1 3.33786e-06 0 -1 -2.66316e-06 -2.21077 -1 3.54621e-12 -1.33158e-06 20.6768 0 0 0 1 
				44
				1.33158e-06 -0.108038 -0.994147 3.33786e-06 0 -0.994147 0.108038 -1.819 -1 -1.43861e-07 -1.32379e-06 21.3399 0 0 0 1 
				45
				1.33158e-06 -0.262986 -0.9648 3.33786e-06 0 -0.9648 0.262986 -1.24766 -1 -3.50187e-07 -1.28471e-06 22.3069 0 0 0 1 
				46
				1.33158e-06 -0.429229 -0.903196 3.33786e-06 0 -0.903196 0.429229 -0.605192 -1 -5.71553e-07 -1.20268e-06 23.3943 0 0 0 1 
				47
				1.33158e-06 -0.573574 -0.819154 3.33786e-06 0 -0.819154 0.573574 8.68908e-07 -1 -7.6376e-07 -1.09077e-06 24.4186 0 0 0 1 
		</Joint>
			2
				-1
				-0.000271969 -0.342021 -0.939692 0.00405821 -0.000750183 -0.939692 0.342021 0.0111245 -1 0.00079796 -1.01208e-06 19.2412 0 0 0 1 
				0
				-0.000199897 -0.251902 -0.967753 0.00299177 -0.000772423 -0.967753 0.251902 -0.586555 -1 0.000797868 -1.12434e-06 18.2291 0 0 0 1 
				1
				-0.000122054 -0.15452 -0.98799 0.00183936 -0.000788387 -0.987989 0.15452 -1.21651 -1 0.000797778 -1.23344e-06 17.1625 0 0 0 1 
				2
				-5.07576e-05 -0.0652886 -0.997866 0.000783288 -0.000796072 -0.997866 0.0652886 -1.78517 -1 0.000797688 -1.32511e-06 16.1998 0 0 0 1 
				3
				1.38779e-06 -1.52815e-06 -1 1.05031e-05 -0.00079765 -1 1.52704e-06 -2.19893 -1 0.00079765 -1.38901e-06 15.4995 0 0 0 1 
				4
				1.98667e-05 0.0231386 -0.999732 -0.000263434 -0.000797388 -0.999732 -0.0231386 -2.3455 -1 0.000797634 -1.41096e-06 15.2514 0 0 0 1 
				5
				1.22763e-05 0.0136334 -0.999907 -0.000150917 -0.000797536 -0.999907 -0.0136334 -2.28528 -1 0.00079763 -1.40197e-06 15.3533 0 0 0 1 
				6
				2.3406e-06 0.00119157 -0.999999 -3.62147e-06 -0.000797646 -0.999999 -0.00119157 -2.20648 -1 0.000797648 -1.39015e-06 15.4867 0 0 0 1 
				7
				1.38779e-06 -1.52815e-06 -1 1.05031e-05 -0.00079765 -1 1.52704e-06 -2.19893 -1 0.00079765 -1.38901e-06 15.4995 0 0 0 1 
				8
				1.38779e-06 -1.52815e-06 -1 1.05031e-05 -0.00079765 -1 1.52704e-06 -2.19893 -1 0.00079765 -1.38901e-06 15.4995 0 0 0 1 
				9
				1.38779e-06 -1.52815e-06 -1 1.05031e-05 -0.00079765 -1 1.52704e-06 -2.19893 -1 0.00079765 -1.38901e-06 15.4995 0 0 0 1 
				10
				1.38779e-06 -1.52815e-06 -1 1.05031e-05 -0.00079765 -1 1.52704e-06 -2.19893 -1 0.00079765 -1.38901e-06 15.4995 0 0 0 1 
				11
				1.38779e-06 -1.52815e-06 -1 1.05031e-05 -0.00079765 -1 1.52704e-06 -2.19893 -1 0.00079765 -1.38901e-06 15.4995 0 0 0 1 
				12
				1.38779e-06 -1.52815e-06 -1 1.05031e-05 -0.00079765 -1 1.52704e-06 -2.19893 -1 0.00079765 -1.38901e-06 15.4995 0 0 0 1 
				13
				1.38779e-06 -1.52815e-06 -1 1.05031e-05 -0.00079765 -1 1.52704e-06 -2.19893 -1 0.00079765 -1.38901e-06 15.4995 0 0 0 1 
				14
				1.38779e-06 -1.52815e-06 -1 1.05031e-05 -0.00079765 -1 1.52704e-06 -2.19893 -1 0.00079765 -1.38901e-06 15.4995 0 0 0 1 
				15
				1.38779e-06 -1.52815e-06 -1 1.05031e-05 -0.00079765 -1 1.52704e-06 -2.19893 -1 0.00079765 -1.38901e-06 15.4995 0 0 0 1 
				16
				1.38779e-06 -1.52815e-06 -1 1.05031e-05 -0.00079765 -1 1.52704e-06 -2.19893 -1 0.00079765 -1.38901e-06 15.4995 0 0 0 1 
				17
				1.38779e-06 -1.52815e-06 -1 1.05031e-05 -0.00079765 -1 1.52704e-06 -2.19893 -1 0.00079765 -1.38901e-06 15.4995 0 0 0 1 
				18
				1.38779e-06 -1.52815e-06 -1 1.05031e-05 -0.00079765 -1 1.52704e-06 -2.19893 -1 0.00079765 -1.38901e-06 15.4995 0 0 0 1 
				19
				1.38779e-06 -1.52815e-06 -1 1.05031e-05 -0.00079765 -1 1.52704e-06 -2.19893 -1 0.00079765 -1.38901e-06 15.4995 0 0 0 1 
				20
				1.33728e-06 -6.47859e-05 -1 1.12519e-05 -0.00079765 -1 6.47849e-05 -2.19853 -1 0.00079765 -1.38895e-06 15.5001 0 0 0 1 
				21
				1.21369e-06 -0.000219535 -1 1.30839e-05 -0.00079765 -1 0.000219534 -2.19754 -1 0.00079765 -1.3888e-06 15.5018 0 0 0 1 
				22
				1.06095e-06 -0.000410795 -1 1.5348e-05 -0.00079765 -1 0.000410794 -2.19633 -1 0.00079765 -1.38862e-06 15.5038 0 0 0 1 
				23
				9.2317e-07 -0.000583323 -1 1.73905e-05 -0.000797651 -1 0.000583322 -2.19524 -1 0.00079765 -1.38846e-06 15.5057 0 0 0 1 
				24
				8.43705e-07 -0.000682826 -1 1.85683e-05 -0.000797651 -1 0.000682825 -2.19461 -1 0.00079765 -1.38836e-06 15.5068 0 0 0 1 
				25
				8.65065e-07 -0.00065608 -1 1.82515e-05 -0.000797651 -0.999999 0.00065608 -2.19478 -1 0.00079765 -1.38839e-06 15.5065 0 0 0 1 
				26
				1.03179e-06 -0.000447307 -1 1.57801e-05 -0.000797651 -1 0.000447306 -2.1961 -1 0.00079765 -1.38859e-06 15.5042 0 0 0 1 
				27
				1.38779e-06 -1.52815e-06 -1 1.05031e-05 -0.00079765 -1 1.52704e-06 -2.19893 -1 0.00079765 -1.38901e-06 15.4995 0 0 0 1 
				28
				3.61446e-06 0.00278669 -0.999996 -2.2505e-05 -0.00079764 -0.999996 -0.00278669 -2.21658 -1 0.000797646 -1.39167e-06 15.4696 0 0 0 1 
				29
				7.53691e-06 0.00769845 -0.99997 -8.06512e-05 -0.000797607 -0.99997 -0.00769845 -2.24769 -1 0.000797642 -1.39634e-06 15.4169 0 0 0 1 
				30
				1.22446e-05 0.0135937 -0.999908 -0.00015044 -0.000797542 -0.999907 -0.0135937 -2.28503 -1 0.000797635 -1.40193e-06 15.3537 0 0 0 1 
				31
				1.54989e-05 0.0176689 -0.999844 -0.000198674 -0.000797482 -0.999844 -0.017669 -2.31085 -1 0.000797631 -1.40576e-06 15.31 0 0 0 1 
				32
				1.69865e-05 0.0195319 -0.999809 -0.000220736 -0.00079745 -0.999809 -0.0195319 -2.32265 -1 0.000797629 -1.40752e-06 15.2901 0 0 0 1 
				33
				1.83997e-05 0.0213017 -0.999773 -0.000241698 -0.000797416 -0.999773 -0.0213018 -2.33386 -1 0.000797627 -1.40918e-06 15.2711 0 0 0 1 
				34
				1.96238e-05 0.0228347 -0.999739 -0.000259827 -0.000797385 -0.999739 -0.0228347 -2.34357 -1 0.000797625 -1.41062e-06 15.2546 0 0 0 1 
				35
				2.05439e-05 0.023987 -0.999712 -0.000273491 -0.000797361 -0.999712 -0.023987 -2.35087 -1 0.000797624 -1.4117e-06 15.2423 0 0 0 1 
				36
				2.10485e-05 0.0246189 -0.999697 -0.00028095 -0.000797347 -0.999697 -0.0246189 -2.35488 -1 0.000797624 -1.41229e-06 15.2355 0 0 0 1 
				37
				2.10268e-05 0.0245917 -0.999698 -0.000280648 -0.000797348 -0.999697 -0.0245917 -2.3547 -1 0.000797624 -1.41226e-06 15.2358 0 0 0 1 
				38
				2.01587e-05 0.0235046 -0.999724 -0.000267775 -0.000797371 -0.999723 -0.0235046 -2.34782 -1 0.000797625 -1.41125e-06 15.2475 0 0 0 1 
				39
				2.18561e-05 0.0256303 -0.999671 -0.000292925 -0.000797324 -0.999671 -0.0256303 -2.36128 -1 0.000797623 -1.41323e-06 15.2247 0 0 0 1 
				40
				2.75836e-05 0.0328033 -0.999462 -0.00037784 -0.000797139 -0.999462 -0.0328033 -2.40674 -1 0.000797615 -1.41993e-06 15.1477 0 0 0 1 
				41
				3.08717e-05 0.0369213 -0.999318 -0.000426606 -0.000797016 -0.999318 -0.0369213 -2.43283 -1 0.000797613 -1.42375e-06 15.1036 0 0 0 1 
				42
				2.45386e-05 0.0289893 -0.99958 -0.000332705 -0.000797251 -0.99958 -0.0289893 -2.38257 -1 0.000797628 -1.41647e-06 15.1886 0 0 0 1 
				43
				1.38779e-06 -1.52815e-06 -1 1.05031e-05 -0.000797649 -1 1.52704e-06 -2.19893 -1 0.000797649 -1.38901e-06 15.4995 0 0 0 1 
				44
				-4.79863e-05 -0.06182 -0.998087 0.000742251 -0.000796237 -0.998087 0.06182 -1.80718 -1 0.000797681 -1.32883e-06 16.1625 0 0 0 1 
				45
				-0.000119627 -0.151484 -0.98846 0.00180343 -0.000788753 -0.98846 0.151484 -1.23596 -1 0.000797772 -1.23701e-06 17.1295 0 0 0 1 
				46
				-0.000199018 -0.250804 -0.968038 0.00297877 -0.000772645 -0.968038 0.250804 -0.593733 -1 0.000797864 -1.12572e-06 18.2169 0 0 0 1 
				47
				-0.000271969 -0.342021 -0.939692 0.00405821 -0.000750183 -0.939692 0.342021 0.0111245 -1 0.00079796 -1.01208e-06 19.2412 0 0 0 1 
		</Joint>
			3
				-1
				-6.90265e-05 -0.0871571 -0.996195 0.00104359 -0.000795174 -0.996194 0.0871571 0.0117653 -1 0.000798165 -5.41232e-07 4.35935 0 0 0 1 
				0
				-4.99684e-05 -0.0636194 -0.997974 0.000770752 -0.000796468 -0.997974 0.0636195 -0.586225 -1 0.000798034 -8.03668e-07 3.3472 0 0 0 1 
				1
				-2.98882e-05 -0.0387768 -0.999248 0.000482403 -0.000797329 -0.999248 0.0387768 -1.2164 -1 0.000797888 -1.05213e-06 2.28058 0 0 0 1 
				2
				-1.17759e-05 -0.0163342 -0.999867 0.000221434 -0.000797637 -0.999866 0.0163342 -1.78517 -1 0.000797723 -1.25443e-06 1.3179 0 0 0 1 
				3
				1.38777e-06 -1.55795e-06 -1 3.11416e-05 -0.00079765 -1 1.55684e-06 -2.19895 -1 0.00079765 -1.38901e-06 0.617568 0 0 0 1 
				4
				6.04774e-06 0.00578393 -0.999983 -3.63559e-05 -0.000797596 -0.999983 -0.00578394 -2.34551 -1 0.000797618 -1.43439e-06 0.369498 0 0 0 1 
				5
				4.13343e-06 0.00340728 -0.999994 -8.63427e-06 -0.0007976 -0.999994 -0.00340729 -2.2853 -1 0.000797609 -1.41576e-06 0.471408 0 0 0 1 
				6
				1.62805e-06 0.00029672 -1 2.76625e-05 -0.000797646 -1 -0.000296721 -2.2065 -1 0.000797646 -1.39137e-06 0.604778 0 0 0 1 
				7
				1.38777e-06 -1.55795e-06 -1 3.11416e-05 -0.00079765 -1 1.55684e-06 -2.19895 -1 0.00079765 -1.38901e-06 0.61756 0 0 0 1 
				8
				1.38777e-06 -1.55795e-06 -1 3.11416e-05 -0.00079765 -1 1.55684e-06 -2.19895 -1 0.00079765 -1.38901e-06 0.617568 0 0 0 1 
				9
				1.38777e-06 -1.55795e-06 -1 3.11416e-05 -0.00079765 -1 1.55684e-06 -2.19895 -1 0.00079765 -1.38901e-06 0.617568 0 0 0 1 
				10
				1.38777e-06 -1.55795e-06 -1 3.11416e-05 -0.00079765 -1 1.55684e-06 -2.19895 -1 0.00079765 -1.38901e-06 0.617561 0 0 0 1 
				11
				1.38777e-06 -1.55795e-06 -1 3.11416e-05 -0.00079765 -1 1.55684e-06 -2.19895 -1 0.00079765 -1.38901e-06 0.617568 0 0 0 1 
				12
				1.38777e-06 -1.55795e-06 -1 3.11416e-05 -0.00079765 -1 1.55684e-06 -2.19895 -1 0.00079765 -1.38901e-06 0.617568 0 0 0 1 
				13
				1.38777e-06 -1.55795e-06 -1 3.11416e-05 -0.00079765 -1 1.55684e-06 -2.19895 -1 0.00079765 -1.38901e-06 0.617568 0 0 0 1 
				14
				1.38777e-06 -1.55795e-06 -1 3.11416e-05 -0.00079765 -1 1.55684e-06 -2.19895 -1 0.00079765 -1.38901e-06 0.617568 0 0 0 1 
				15
				1.38777e-06 -1.55795e-06 -1 3.11416e-05 -0.00079765 -1 1.55684e-06 -2.19895 -1 0.00079765 -1.38901e-06 0.617568 0 0 0 1 
				16
				1.38777e-06 -1.55795e-06 -1 3.11416e-05 -0.00079765 -1 1.55684e-06 -2.19895 -1 0.00079765 -1.38901e-06 0.617568 0 0 0 1 
				17
				1.38777e-06 -1.55795e-06 -1 3.11416e-05 -0.00079765 -1 1.55684e-06 -2.19895 -1 0.00079765 -1.38901e-06 0.617568 0 0 0 1 
				18
				1.38777e-06 -1.55795e-06 -1 3.11416e-05 -0.00079765 -1 1.55684e-06 -2.19895 -1 0.00079765 -1.38901e-06 0.617568 0 0 0 1 
				19
				1.38777e-06 -1.55795e-06 -1 3.11416e-05 -0.00079765 -1 1.55684e-06 -2.19895 -1 0.00079765 -1.38901e-06 0.617568 0 0 0 1 
				20
				1.37499e-06 -1.74192e-05 -1 3.13266e-05 -0.00079765 -1 1.74181e-05 -2.19855 -1 0.00079765 -1.38889e-06 0.618251 0 0 0 1 
				21
				1.34396e-06 -5.59401e-05 -1 3.1776e-05 -0.00079765 -1 5.59391e-05 -2.19756 -1 0.00079765 -1.38858e-06 0.61991 0 0 0 1 
				22
				1.30548e-06 -0.000103702 -1 3.2333e-05 -0.00079765 -1 0.000103701 -2.19635 -1 0.00079765 -1.3882e-06 0.621955 0 0 0 1 
				23
				1.27059e-06 -0.000147021 -1 3.28382e-05 -0.000797651 -1 0.00014702 -2.19526 -1 0.000797651 -1.38786e-06 0.623805 0 0 0 1 
				24
				1.25058e-06 -0.000171857 -1 3.31279e-05 -0.000797651 -1 0.000171856 -2.19463 -1 0.000797651 -1.38766e-06 0.624872 0 0 0 1 
				25
				1.25591e-06 -0.000165237 -1 3.30505e-05 -0.000797651 -1 0.000165236 -2.1948 -1 0.000797651 -1.38771e-06 0.624585 0 0 0 1 
				26
				1.29804e-06 -0.000112944 -1 3.24406e-05 -0.000797651 -1 0.000112943 -2.19612 -1 0.000797651 -1.38813e-06 0.622352 0 0 0 1 
				27
				1.38777e-06 -1.55795e-06 -1 3.11416e-05 -0.00079765 -1 1.55684e-06 -2.19895 -1 0.00079765 -1.38901e-06 0.617568 0 0 0 1 
				28
				1.94926e-06 0.000695447 -1 2.3011e-05 -0.000797642 -0.999999 -0.000695448 -2.21661 -1 0.000797644 -1.39454e-06 0.587677 0 0 0 1 
				29
				2.93845e-06 0.00192349 -0.999998 8.68777e-06 -0.000797629 -0.999998 -0.00192349 -2.24771 -1 0.000797633 -1.40421e-06 0.535029 0 0 0 1 
				30
				4.1254e-06 0.00339721 -0.999994 -8.50505e-06 -0.000797611 -0.999994 -0.00339721 -2.28505 -1 0.000797621 -1.41573e-06 0.471831 0 0 0 1 
				31
				4.94603e-06 0.00441621 -0.99999 -2.03869e-05 -0.000797598 -0.99999 -0.00441621 -2.31087 -1 0.000797612 -1.42362e-06 0.428142 0 0 0 1 
				32
				5.32109e-06 0.00488195 -0.999988 -2.58352e-05 -0.000797592 -0.999988 -0.00488195 -2.32267 -1 0.000797609 -1.42722e-06 0.408176 0 0 0 1 
				33
				5.67743e-06 0.00532449 -0.999986 -3.10038e-05 -0.000797586 -0.999986 -0.00532449 -2.33388 -1 0.000797605 -1.43062e-06 0.389194 0 0 0 1 
				34
				5.9861e-06 0.00570782 -0.999984 -3.54626e-05 -0.00079758 -0.999983 -0.00570782 -2.34359 -1 0.000797601 -1.43355e-06 0.372748 0 0 0 1 
				35
				6.21823e-06 0.00599612 -0.999982 -3.88375e-05 -0.000797576 -0.999982 -0.00599612 -2.35089 -1 0.000797599 -1.43576e-06 0.360404 0 0 0 1 
				36
				6.34538e-06 0.00615403 -0.999981 -4.06693e-05 -0.000797573 -0.999981 -0.00615403 -2.35489 -1 0.000797597 -1.43697e-06 0.353622 0 0 0 1 
				37
				6.33998e-06 0.00614733 -0.999981 -4.06118e-05 -0.000797574 -0.999981 -0.00614733 -2.35472 -1 0.000797597 -1.43691e-06 0.353919 0 0 0 1 
				38
				6.12097e-06 0.00587532 -0.999983 -3.74332e-05 -0.000797578 -0.999982 -0.00587532 -2.34783 -1 0.0007976 -1.43484e-06 0.365573 0 0 0 1 
				39
				6.5491e-06 0.00640706 -0.999979 -4.36113e-05 -0.00079757 -0.999979 -0.00640706 -2.3613 -1 0.000797595 -1.43889e-06 0.342784 0 0 0 1 
				40
				7.99334e-06 0.00820094 -0.999966 -6.45526e-05 -0.000797541 -0.999966 -0.00820094 -2.40675 -1 0.00079758 -1.45249e-06 0.265857 0 0 0 1 
				41
				8.82256e-06 0.0092309 -0.999957 -7.66075e-05 -0.000797528 -0.999957 -0.0092309 -2.43285 -1 0.000797575 -1.46028e-06 0.22169 0 0 0 1 
				42
				7.22586e-06 0.007247 -0.999974 -5.34444e-05 -0.000797573 -0.999974 -0.007247 -2.38258 -1 0.000797605 -1.44566e-06 0.306756 0 0 0 1 
				43
				1.38777e-06 -1.55795e-06 -1 3.11416e-05 -0.000797649 -1 1.55684e-06 -2.19895 -1 0.000797649 -1.38901e-06 0.617568 0 0 0 1 
				44
				-1.10744e-05 -0.0154652 -0.99988 0.000211324 -0.000797634 -0.99988 0.0154652 -1.80718 -1 0.00079771 -1.26252e-06 1.28065 0 0 0 1 
				45
				-2.92671e-05 -0.0380094 -0.999277 0.000473496 -0.00079734 -0.999277 0.0380094 -1.23586 -1 0.000797876 -1.06047e-06 2.24764 0 0 0 1 
				46
				-4.97383e-05 -0.0633365 -0.997992 0.000767464 -0.000796474 -0.997992 0.0633366 -0.593405 -1 0.000798026 -8.0746e-07 3.33505 0 0 0 1 
				47
				-6.90265e-05 -0.0871571 -0.996195 0.00104359 -0.000795174 -0.996194 0.0871571 0.0117653 -1 0.000798165 -5.41232e-07 4.35935 0 0 0 1 
		</Joint>
			4
				-1
				-6.90265e-05 -0.0871571 -0.996195 0.000250672 -0.000795174 -0.996194 0.0871571 0.00261005 -1 0.000798165 -5.4124e-07 -10.5225 0 0 0 1 
				0
				-4.99684e-05 -0.0636194 -0.997974 0.000198176 -0.000796468 -0.997974 0.0636195 -0.595395 -1 0.000798034 -8.03667e-07 -11.5347 0 0 0 1 
				1
				-2.98882e-05 -0.0387768 -0.999248 0.000141852 -0.000797329 -0.999248 0.0387768 -1.22558 -1 0.000797888 -1.05213e-06 -12.6013 0 0 0 1 
				2
				-1.17759e-05 -0.0163342 -0.999867 9.00952e-05 -0.000797637 -0.999866 0.0163342 -1.79435 -1 0.000797723 -1.25443e-06 -13.564 0 0 0 1 
				3
				1.38777e-06 -1.55795e-06 -1 5.1791e-05 -0.00079765 -1 1.55684e-06 -2.20813 -1 0.00079765 -1.38901e-06 -14.2643 0 0 0 1 
				4
				6.04774e-06 0.00578393 -0.999983 3.80883e-05 -0.000797596 -0.999983 -0.00578394 -2.3547 -1 0.000797618 -1.43439e-06 -14.5124 0 0 0 1 
				5
				4.13343e-06 0.00340728 -0.999994 4.37117e-05 -0.0007976 -0.999994 -0.00340729 -2.29448 -1 0.000797609 -1.41576e-06 -14.4105 0 0 0 1 
				6
				1.62805e-06 0.00029672 -1 5.10855e-05 -0.000797646 -1 -0.000296721 -2.21568 -1 0.000797646 -1.39137e-06 -14.2771 0 0 0 1 
				7
				1.38777e-06 -1.55795e-06 -1 5.1791e-05 -0.00079765 -1 1.55684e-06 -2.20813 -1 0.00079765 -1.38901e-06 -14.2643 0 0 0 1 
				8
				1.38777e-06 -1.55795e-06 -1 5.1791e-05 -0.00079765 -1 1.55684e-06 -2.20813 -1 0.00079765 -1.38901e-06 -14.2643 0 0 0 1 
				9
				1.38777e-06 -1.55795e-06 -1 5.1791e-05 -0.00079765 -1 1.55684e-06 -2.20813 -1 0.00079765 -1.38901e-06 -14.2643 0 0 0 1 
				10
				1.38777e-06 -1.55795e-06 -1 5.1791e-05 -0.00079765 -1 1.55684e-06 -2.20813 -1 0.00079765 -1.38901e-06 -14.2643 0 0 0 1 
				11
				1.38777e-06 -1.55795e-06 -1 5.1791e-05 -0.00079765 -1 1.55684e-06 -2.20813 -1 0.00079765 -1.38901e-06 -14.2643 0 0 0 1 
				12
				1.38777e-06 -1.55795e-06 -1 5.1791e-05 -0.00079765 -1 1.55684e-06 -2.20813 -1 0.00079765 -1.38901e-06 -14.2643 0 0 0 1 
				13
				1.38777e-06 -1.55795e-06 -1 5.1791e-05 -0.00079765 -1 1.55684e-06 -2.20813 -1 0.00079765 -1.38901e-06 -14.2643 0 0 0 1 
				14
				1.38777e-06 -1.55795e-06 -1 5.1791e-05 -0.00079765 -1 1.55684e-06 -2.20813 -1 0.00079765 -1.38901e-06 -14.2643 0 0 0 1 
				15
				1.38777e-06 -1.55795e-06 -1 5.1791e-05 -0.00079765 -1 1.55684e-06 -2.20813 -1 0.00079765 -1.38901e-06 -14.2643 0 0 0 1 
				16
				1.38777e-06 -1.55795e-06 -1 5.1791e-05 -0.00079765 -1 1.55684e-06 -2.20813 -1 0.00079765 -1.38901e-06 -14.2643 0 0 0 1 
				17
				1.38777e-06 -1.55795e-06 -1 5.1791e-05 -0.00079765 -1 1.55684e-06 -2.20813 -1 0.00079765 -1.38901e-06 -14.2643 0 0 0 1 
				18
				1.38777e-06 -1.55795e-06 -1 5.1791e-05 -0.00079765 -1 1.55684e-06 -2.20813 -1 0.00079765 -1.38901e-06 -14.2643 0 0 0 1 
				19
				1.38777e-06 -1.55795e-06 -1 5.1791e-05 -0.00079765 -1 1.55684e-06 -2.20813 -1 0.00079765 -1.38901e-06 -14.2643 0 0 0 1 
				20
				1.37499e-06 -1.74192e-05 -1 5.18285e-05 -0.00079765 -1 1.74181e-05 -2.20773 -1 0.00079765 -1.38889e-06 -14.2636 0 0 0 1 
				21
				1.34396e-06 -5.59401e-05 -1 5.19196e-05 -0.00079765 -1 5.59391e-05 -2.20675 -1 0.00079765 -1.38858e-06 -14.262 0 0 0 1 
				22
				1.30548e-06 -0.000103702 -1 5.20323e-05 -0.00079765 -1 0.000103701 -2.20553 -1 0.00079765 -1.3882e-06 -14.2599 0 0 0 1 
				23
				1.27059e-06 -0.000147021 -1 5.21347e-05 -0.000797651 -1 0.00014702 -2.20444 -1 0.000797651 -1.38786e-06 -14.2581 0 0 0 1 
				24
				1.25058e-06 -0.000171857 -1 5.21934e-05 -0.000797651 -1 0.000171856 -2.20381 -1 0.000797651 -1.38766e-06 -14.257 0 0 0 1 
				25
				1.25591e-06 -0.000165237 -1 5.21777e-05 -0.000797651 -1 0.000165236 -2.20398 -1 0.000797651 -1.38771e-06 -14.2573 0 0 0 1 
				26
				1.29804e-06 -0.000112944 -1 5.20541e-05 -0.000797651 -1 0.000112943 -2.2053 -1 0.000797651 -1.38813e-06 -14.2595 0 0 0 1 
				27
				1.38777e-06 -1.55795e-06 -1 5.1791e-05 -0.00079765 -1 1.55684e-06 -2.20813 -1 0.00079765 -1.38901e-06 -14.2643 0 0 0 1 
				28
				1.94926e-06 0.000695447 -1 5.01425e-05 -0.000797642 -0.999999 -0.000695448 -2.22579 -1 0.000797643 -1.39454e-06 -14.2942 0 0 0 1 
				29
				2.93845e-06 0.00192349 -0.999998 4.7238e-05 -0.000797629 -0.999998 -0.00192349 -2.25689 -1 0.000797633 -1.40421e-06 -14.3469 0 0 0 1 
				30
				4.1254e-06 0.00339721 -0.999994 4.37473e-05 -0.000797611 -0.999994 -0.00339721 -2.29423 -1 0.000797621 -1.41573e-06 -14.41 0 0 0 1 
				31
				4.94603e-06 0.00441621 -0.99999 4.13392e-05 -0.000797598 -0.99999 -0.00441621 -2.32005 -1 0.000797612 -1.42362e-06 -14.4537 0 0 0 1 
				32
				5.32109e-06 0.00488195 -0.999988 4.0219e-05 -0.000797592 -0.999988 -0.00488195 -2.33185 -1 0.000797609 -1.42722e-06 -14.4737 0 0 0 1 
				33
				5.67743e-06 0.00532449 -0.999986 3.91626e-05 -0.000797586 -0.999986 -0.00532449 -2.34306 -1 0.000797605 -1.43062e-06 -14.4927 0 0 0 1 
				34
				5.9861e-06 0.00570782 -0.999984 3.82701e-05 -0.00079758 -0.999983 -0.00570782 -2.35277 -1 0.000797601 -1.43355e-06 -14.5091 0 0 0 1 
				35
				6.21823e-06 0.00599612 -0.999982 3.75725e-05 -0.000797576 -0.999982 -0.00599612 -2.36007 -1 0.000797599 -1.43576e-06 -14.5215 0 0 0 1 
				36
				6.34538e-06 0.00615403 -0.999981 3.721e-05 -0.000797573 -0.999981 -0.00615404 -2.36407 -1 0.000797597 -1.43697e-06 -14.5283 0 0 0 1 
				37
				6.33998e-06 0.00614733 -0.999981 3.72047e-05 -0.000797574 -0.999981 -0.00614733 -2.3639 -1 0.000797597 -1.43691e-06 -14.528 0 0 0 1 
				38
				6.12097e-06 0.00587532 -0.999983 3.78543e-05 -0.000797578 -0.999982 -0.00587532 -2.35702 -1 0.0007976 -1.43484e-06 -14.5163 0 0 0 1 
				39
				6.5491e-06 0.00640706 -0.999979 3.6618e-05 -0.000797569 -0.999979 -0.00640706 -2.37048 -1 0.000797595 -1.43889e-06 -14.5391 0 0 0 1 
				40
				7.99334e-06 0.00820094 -0.999966 3.23481e-05 -0.000797541 -0.999966 -0.00820094 -2.41593 -1 0.00079758 -1.45249e-06 -14.616 0 0 0 1 
				41
				8.82256e-06 0.0092309 -0.999957 2.98637e-05 -0.000797528 -0.999957 -0.0092309 -2.44203 -1 0.000797575 -1.46028e-06 -14.6602 0 0 0 1 
				42
				7.22586e-06 0.007247 -0.999974 3.45991e-05 -0.000797573 -0.999974 -0.007247 -2.39176 -1 0.000797605 -1.44566e-06 -14.5751 0 0 0 1 
				43
				1.38777e-06 -1.55795e-06 -1 5.1791e-05 -0.000797649 -1 1.55684e-06 -2.20813 -1 0.000797649 -1.38901e-06 -14.2643 0 0 0 1 
				44
				-1.10744e-05 -0.0154652 -0.99988 8.80878e-05 -0.000797634 -0.99988 0.0154652 -1.81636 -1 0.00079771 -1.26252e-06 -13.6012 0 0 0 1 
				45
				-2.92671e-05 -0.0380094 -0.999277 0.000140132 -0.00079734 -0.999277 0.0380094 -1.24504 -1 0.000797876 -1.06047e-06 -12.6342 0 0 0 1 
				46
				-4.97383e-05 -0.0633365 -0.997992 0.000197548 -0.000796474 -0.997992 0.0633366 -0.602575 -1 0.000798025 -8.07459e-07 -11.5468 0 0 0 1 
				47
				-6.90265e-05 -0.0871571 -0.996195 0.000250672 -0.000795174 -0.996194 0.0871571 0.00261005 -1 0.000798165 -5.4124e-07 -10.5225 0 0 0 1 
		</Joint>
			5
				-1
				0.996195 0.0871571 2.4103e-06 1.59826 -0.0871571 0.996195 1.67575e-06 -0.139894 -2.25508e-06 -1.87944e-06 1 -10.5225 0 0 0 1 
				0
				0.997974 0.0636195 2.09985e-06 1.60112 -0.0636195 0.997974 1.61807e-06 -0.700141 -1.99265e-06 -1.74838e-06 1 -11.5347 0 0 0 1 
				1
				0.999248 0.0387768 1.80505e-06 1.60318 -0.0387768 0.999248 1.53445e-06 -1.29047 -1.74419e-06 -1.60329e-06 1 -12.6013 0 0 0 1 
				2
				0.999867 0.0163342 1.56516e-06 1.60418 -0.0163342 0.999867 1.41213e-06 -1.82324 -1.54188e-06 -1.43751e-06 1 -13.564 0 0 0 1 
				3
				1 1.55907e-06 1.40731e-06 1.6044 -1.55907e-06 1 1.36447e-06 -2.21082 -1.40731e-06 -1.36447e-06 1 -14.2643 0 0 0 1 
				4
				0.999983 -0.00578393 1.35419e-06 1.60437 0.00578393 0.999983 1.34077e-06 -2.3481 -1.36193e-06 -1.33291e-06 1 -14.5124 0 0 0 1 
				5
				0.999994 -0.00340728 1.37604e-06 1.60439 0.00340728 0.999994 1.32893e-06 -2.2917 -1.38056e-06 -1.32423e-06 1 -14.4105 0 0 0 1 
				6
				1 -0.000296719 1.40454e-06 1.6044 0.000296719 1 1.36161e-06 -2.21789 -1.40495e-06 -1.3612e-06 1 -14.2771 0 0 0 1 
				7
				1 1.55907e-06 1.40731e-06 1.6044 -1.55907e-06 1 1.36447e-06 -2.21082 -1.40731e-06 -1.36447e-06 1 -14.2643 0 0 0 1 
				8
				1 1.55907e-06 1.40731e-06 1.6044 -1.55907e-06 1 1.36447e-06 -2.21082 -1.40731e-06 -1.36447e-06 1 -14.2643 0 0 0 1 
				9
				1 1.55907e-06 1.40731e-06 1.6044 -1.55907e-06 1 1.36447e-06 -2.21082 -1.40731e-06 -1.36447e-06 1 -14.2643 0 0 0 1 
				10
				1 1.55907e-06 1.40731e-06 1.6044 -1.55907e-06 1 1.36447e-06 -2.21082 -1.40731e-06 -1.36447e-06 1 -14.2643 0 0 0 1 
				11
				1 1.55907e-06 1.40731e-06 1.6044 -1.55907e-06 1 1.36447e-06 -2.21082 -1.40731e-06 -1.36447e-06 1 -14.2643 0 0 0 1 
				12
				1 1.55907e-06 1.40731e-06 1.6044 -1.55907e-06 1 1.36447e-06 -2.21082 -1.40731e-06 -1.36447e-06 1 -14.2643 0 0 0 1 
				13
				1 1.55907e-06 1.40731e-06 1.6044 -1.55907e-06 1 1.36447e-06 -2.21082 -1.40731e-06 -1.36447e-06 1 -14.2643 0 0 0 1 
				14
				1 1.55907e-06 1.40731e-06 1.6044 -1.55907e-06 1 1.36447e-06 -2.21082 -1.40731e-06 -1.36447e-06 1 -14.2643 0 0 0 1 
				15
				1 1.55907e-06 1.40731e-06 1.6044 -1.55907e-06 1 1.36447e-06 -2.21082 -1.40731e-06 -1.36447e-06 1 -14.2643 0 0 0 1 
				16
				1 1.55907e-06 1.40731e-06 1.6044 -1.55907e-06 1 1.36447e-06 -2.21082 -1.40731e-06 -1.36447e-06 1 -14.2643 0 0 0 1 
				17
				1 1.55907e-06 1.40731e-06 1.6044 -1.55907e-06 1 1.36447e-06 -2.21082 -1.40731e-06 -1.36447e-06 1 -14.2643 0 0 0 1 
				18
				1 1.55907e-06 1.40731e-06 1.6044 -1.55907e-06 1 1.36447e-06 -2.21082 -1.40731e-06 -1.36447e-06 1 -14.2643 0 0 0 1 
				19
				1 1.55907e-06 1.40731e-06 1.6044 -1.55907e-06 1 1.36447e-06 -2.21082 -1.40731e-06 -1.36447e-06 1 -14.2643 0 0 0 1 
				20
				1 1.74204e-05 1.40746e-06 1.6044 -1.74204e-05 1 1.3646e-06 -2.21044 -1.40743e-06 -1.36462e-06 1 -14.2636 0 0 0 1 
				21
				1 5.59413e-05 1.40782e-06 1.6044 -5.59413e-05 1 1.36491e-06 -2.20952 -1.40774e-06 -1.36499e-06 1 -14.262 0 0 0 1 
				22
				1 0.000103703 1.40826e-06 1.6044 -0.000103703 1 1.36517e-06 -2.20839 -1.40812e-06 -1.36531e-06 1 -14.2599 0 0 0 1 
				23
				1 0.000147022 1.40866e-06 1.6044 -0.000147022 1 1.36539e-06 -2.20736 -1.40846e-06 -1.3656e-06 1 -14.2581 0 0 0 1 
				24
				1 0.000171858 1.40889e-06 1.6044 -0.000171858 1 1.36585e-06 -2.20677 -1.40866e-06 -1.3661e-06 1 -14.257 0 0 0 1 
				25
				1 0.000165239 1.40883e-06 1.6044 -0.000165239 1 1.36564e-06 -2.20693 -1.40861e-06 -1.36587e-06 1 -14.2573 0 0 0 1 
				26
				1 0.000112945 1.40835e-06 1.6044 -0.000112945 1 1.36518e-06 -2.20817 -1.40819e-06 -1.36534e-06 1 -14.2595 0 0 0 1 
				27
				1 1.55907e-06 1.40731e-06 1.6044 -1.55907e-06 1 1.36447e-06 -2.21082 -1.40731e-06 -1.36447e-06 1 -14.2643 0 0 0 1 
				28
				1 -0.000695446 1.40083e-06 1.6044 0.000695446 1 1.35943e-06 -2.22736 -1.40178e-06 -1.35845e-06 1 -14.2942 0 0 0 1 
				29
				0.999998 -0.00192349 1.38951e-06 1.6044 0.00192349 0.999998 1.35089e-06 -2.25649 -1.3921e-06 -1.34821e-06 1 -14.3468 0 0 0 1 
				30
				0.999994 -0.00339721 1.37605e-06 1.60439 0.00339721 0.999994 1.34018e-06 -2.29147 -1.38059e-06 -1.33549e-06 1 -14.41 0 0 0 1 
				31
				0.99999 -0.00441621 1.36682e-06 1.60438 0.00441621 0.99999 1.33332e-06 -2.31565 -1.37269e-06 -1.32727e-06 1 -14.4537 0 0 0 1 
				32
				0.999988 -0.00488195 1.36262e-06 1.60438 0.00488196 0.999988 1.33021e-06 -2.3267 -1.3691e-06 -1.32354e-06 1 -14.4737 0 0 0 1 
				33
				0.999986 -0.00532449 1.35866e-06 1.60438 0.00532449 0.999986 1.32679e-06 -2.3372 -1.3657e-06 -1.31954e-06 1 -14.4927 0 0 0 1 
				34
				0.999984 -0.00570782 1.35523e-06 1.60437 0.00570782 0.999984 1.3239e-06 -2.3463 -1.36276e-06 -1.31615e-06 1 -14.5091 0 0 0 1 
				35
				0.999982 -0.00599612 1.35266e-06 1.60437 0.00599612 0.999982 1.32185e-06 -2.35313 -1.36056e-06 -1.31371e-06 1 -14.5215 0 0 0 1 
				36
