<?xml version='1.0' encoding='UTF-8' ?>
<itpanim>
	<skeleton count>
		25
			0 -1
			1 -0 0 0 0 1 0 0 -0 -0 1 -0 0 0 0 1 
			1 0
			1 -0 0 0 0 1 0 0 -0 -0 1 -0 0 0 0 1 
			2 1
			1 -0 0 0 0 1 0 0 -0 -0 1 -0 0 0 0 1 
			3 2
			1 -0 0 0 0 1 0 0 -0 -0 1 -0 0 0 0 1 
			4 3
			1 -0 0 0 0 1 0 0 -0 -0 1 -0 0 0 0 1 
			5 4
			1 -0 0 0 0 1 0 0 -0 -0 1 -0 0 0 0 1 
			6 5
			1 -0 0 0 0 1 0 0 -0 -0 1 -0 0 0 0 1 
			7 6
			1 -0 0 0 0 1 0 0 -0 -0 1 -0 0 0 0 1 
			8 7
			1 -0 0 0 0 1 0 0 -0 -0 1 -0 0 0 0 1 
			9 4
			1 -0 0 0 0 1 0 0 -0 -0 1 -0 0 0 0 1 
			10 9
			1 -0 0 0 0 1 0 0 -0 -0 1 -0 0 0 0 1 
			11 10
			1 -0 0 0 0 1 0 0 -0 -0 1 -0 0 0 0 1 
			12 11
			-0.994845 -0.0912217 0.0442966 -36.0513 0.0434924 0.0107862 0.998995 79.7539 -0.0916079 0.995772 -0.0067631 -4.15114 0 0 0 1 
			13 4
			1 -0 0 0 0 1 0 0 -0 -0 1 -0 0 0 0 1 
			14 13
			1 -0 0 0 0 1 0 0 -0 -0 1 -0 0 0 0 1 
			15 2
			1 -0 0 0 0 1 0 0 -0 -0 1 -0 0 0 0 1 
			16 15
			1 -0 0 0 0 1 0 0 -0 -0 1 -0 0 0 0 1 
			17 16
			1 -0 0 0 0 1 0 0 -0 -0 1 -0 0 0 0 1 
			18 17
			1 -0 0 0 0 1 0 0 -0 -0 1 -0 0 0 0 1 
			19 18
			1 -0 0 0 0 1 0 0 -0 -0 1 -0 0 0 0 1 
			20 2
			1 -0 0 0 0 1 0 0 -0 -0 1 -0 0 0 0 1 
			21 20
			1 -0 0 0 0 1 0 0 -0 -0 1 -0 0 0 0 1 
			22 21
			1 -0 0 0 0 1 0 0 -0 -0 1 -0 0 0 0 1 
			23 22
			1 -0 0 0 0 1 0 0 -0 -0 1 -0 0 0 0 1 
			24 23
			1 -0 0 0 0 1 0 0 -0 -0 1 -0 0 0 0 1 
	</skeleton>
		<animations>
			49
			0
		</Joint>
			1
		</Joint>
			2
		</Joint>
			3
		</Joint>
			4
		</Joint>
			5
		</Joint>
			6
		</Joint>
			7
		</Joint>
			8
		</Joint>
			9
		</Joint>
			10
		</Joint>
			11
		</Joint>
			12
				-1
				-0.535497 0.820984 0.198063 -13.6306 -0.697574 -0.562175 0.444241 -2.34751 0.476061 0.0997257 0.87374 -56.2261 0 0 0 1 
				0
				-0.56772 0.818278 0.0900886 -15.6914 -0.773286 -0.567614 0.282564 -11.3636 0.282351 0.090753 0.955009 -55.8285 0 0 0 1 
				1
				-0.55429 0.825333 -0.107643 -18.2619 -0.830121 -0.538778 0.143587 -20.0552 0.0605112 0.168945 0.983766 -54.795 0 0 0 1 
				2
				-0.555848 0.814803 -0.164708 -18.9264 -0.820205 -0.569808 -0.0508296 -27.0153 -0.135268 0.106841 0.985032 -53.382 0 0 0 1 
				3
				-0.496435 0.820602 -0.283135 -20.4124 -0.788358 -0.562725 -0.24866 -30.4546 -0.363379 0.0997685 0.926284 -54.9085 0 0 0 1 
				4
				-0.408257 0.825742 -0.3892 -21.9763 -0.675752 -0.560017 -0.479313 -30.0847 -0.613747 0.0673198 0.786628 -60.6166 0 0 0 1 
				5
				-0.266167 0.830316 -0.489623 -23.0514 -0.452338 -0.556136 -0.697212 -26.0349 -0.851203 0.0359004 0.523608 -69.6003 0 0 0 1 
				6
				-0.0857967 0.839489 -0.536561 -22.9131 -0.1409 -0.543358 -0.827593 -18.1507 -0.986299 0.00459694 0.164903 -79.8913 0 0 0 1 
				7
				0.0917332 0.856675 -0.507634 -21.3919 0.188885 -0.515498 -0.835813 -7.31043 -0.977705 -0.0192129 -0.209102 -89.1562 0 0 0 1 
				8
				0.22405 0.881413 -0.415828 -18.9423 0.463293 -0.471708 -0.750234 4.46839 -0.857415 -0.0245601 -0.514039 -95.7863 0 0 0 1 
				9
				0.290834 0.909445 -0.297196 -16.3429 0.642892 -0.415806 -0.64327 14.5703 -0.708594 -0.00397997 -0.705605 -99.6058 0 0 0 1 
				10
				0.299691 0.934856 -0.190343 -14.2845 0.723331 -0.352743 -0.593603 20.404 -0.622076 0.0402165 -0.781924 -101.726 0 0 0 1 
				11
				0.274018 0.953771 -0.12343 -13.1426 0.699296 -0.285705 -0.655254 19.528 -0.660227 0.0932373 -0.745257 -103.54 0 0 0 1 
				12
				0.154482 0.982695 -0.102211 -14.0424 0.243802 -0.138169 -0.959932 -3.90521 -0.957443 0.123373 -0.260927 -103.579 0 0 0 1 
				13
				0.0222961 0.999312 0.0296334 -14.713 -0.764223 0.0361462 -0.643939 -47.6286 -0.644567 -0.00828923 0.764503 -80.0054 0 0 0 1 
				14
				0.118775 0.972196 0.201809 -10.5059 -0.86459 0.00132476 0.502477 -67.0344 0.488239 -0.234163 0.840708 -35.3364 0 0 0 1 
				15
				0.298999 0.930809 0.210224 -4.97574 -0.199457 -0.154475 0.967654 -61.0083 0.933176 -0.331258 0.139468 -10.726 0 0 0 1 
				16
				0.374574 0.908622 0.184662 -2.48918 0.148894 -0.255523 0.955269 -55.7107 0.915164 -0.330324 -0.231001 -4.62035 0 0 0 1 
				17
				0.379331 0.902379 0.2045 -2.07836 0.256673 -0.31497 0.913736 -53.4439 0.888947 -0.294119 -0.351094 -3.23976 0 0 0 1 
				18
				0.345769 0.903595 0.252901 -2.72337 0.250843 -0.348731 0.903031 -52.6278 0.904169 -0.248802 -0.347241 -3.4233 0 0 0 1 
				19
				0.307169 0.903801 0.297979 -3.39282 0.241752 -0.376952 0.894127 -51.6398 0.920437 -0.202611 -0.334283 -4.10413 0 0 0 1 
				20
				0.264418 0.903 0.338636 -4.09088 0.235022 -0.400882 0.885472 -50.5701 0.935333 -0.154548 -0.318225 -4.95455 0 0 0 1 
				21
				0.196158 0.903728 0.380523 -5.35437 0.180661 -0.414727 0.891832 -49.8945 0.963786 -0.106194 -0.244621 -6.41322 0 0 0 1 
				22
				0.113202 0.903659 0.41302 -6.83135 0.0958579 -0.423686 0.900723 -48.8887 0.988937 -0.0623727 -0.134585 -8.96681 0 0 0 1 
				23
				0.0301047 0.901071 0.432626 -8.11642 -0.000499506 -0.432809 0.901486 -46.8138 0.999547 -0.027355 -0.0125795 -13.0051 0 0 0 1 
				24
				-0.049068 0.896146 0.441038 -9.14833 -0.0995563 -0.443759 0.890599 -43.5879 0.993821 -0.000208224 0.110991 -18.159 0 0 0 1 
				25
				-0.129306 0.889768 0.437713 -10.1253 -0.203186 -0.455827 0.866566 -39.5873 0.970564 0.0231147 0.23973 -23.7902 0 0 0 1 
				26
				-0.208539 0.881774 0.423068 -11.0146 -0.30705 -0.469736 0.827689 -34.8074 0.928564 0.0427018 0.368707 -29.6955 0 0 0 1 
				27
				-0.284685 0.871964 0.398288 -11.7773 -0.407113 -0.486123 0.773268 -29.3043 0.867878 0.0579895 0.49338 -35.6567 0 0 0 1 
				28
				-0.357259 0.860872 0.362307 -12.4436 -0.500388 -0.503953 0.704019 -23.1926 0.788656 0.0702231 0.610812 -41.4659 0 0 0 1 
				29
				-0.424102 0.848816 0.315671 -12.9888 -0.580038 -0.522288 0.625117 -16.4939 0.69548 0.0820121 0.71385 -46.9348 0 0 0 1 
				30
				-0.483746 0.835365 0.261067 -13.376 -0.646478 -0.542127 0.536808 -9.48869 0.589962 0.0909046 0.802297 -51.8941 0 0 0 1 
				31
				-0.535497 0.820984 0.198063 -13.6306 -0.697574 -0.562175 0.444241 -2.34751 0.476061 0.0997257 0.87374 -56.2261 0 0 0 1 
				32
				-0.535497 0.820984 0.198063 -13.6306 -0.697574 -0.562175 0.444241 -2.34751 0.476061 0.0997257 0.87374 -56.2261 0 0 0 1 
				33
				-0.535497 0.820984 0.198063 -13.6306 -0.697574 -0.562175 0.444241 -2.34751 0.476061 0.0997257 0.87374 -56.2261 0 0 0 1 
				34
				-0.535497 0.820984 0.198063 -13.6306 -0.697574 -0.562175 0.444241 -2.34751 0.476061 0.0997257 0.87374 -56.2261 0 0 0 1 
				35
				-0.535497 0.820984 0.198063 -13.6306 -0.697574 -0.562175 0.444241 -2.34751 0.476061 0.0997257 0.87374 -56.2261 0 0 0 1 
				36
				-0.535497 0.820984 0.198063 -13.6306 -0.697574 -0.562175 0.444241 -2.34751 0.476061 0.0997257 0.87374 -56.2261 0 0 0 1 
				37
				-0.535497 0.820984 0.198063 -13.6306 -0.697574 -0.562175 0.444241 -2.34751 0.476061 0.0997257 0.87374 -56.2261 0 0 0 1 
				38
				-0.535497 0.820984 0.198063 -13.6306 -0.697574 -0.562175 0.444241 -2.34751 0.476061 0.0997257 0.87374 -56.2261 0 0 0 1 
				39
				-0.535497 0.820984 0.198063 -13.6306 -0.697574 -0.562175 0.444241 -2.34751 0.476061 0.0997257 0.87374 -56.2261 0 0 0 1 
				40
				-0.535497 0.820984 0.198063 -13.6306 -0.697574 -0.562175 0.444241 -2.34751 0.476061 0.0997257 0.87374 -56.2261 0 0 0 1 
				41
				-0.535497 0.820984 0.198063 -13.6306 -0.697574 -0.562175 0.444241 -2.34751 0.476061 0.0997257 0.87374 -56.2261 0 0 0 1 
				42
				-0.535497 0.820984 0.198063 -13.6306 -0.697574 -0.562175 0.444241 -2.34751 0.476061 0.0997257 0.87374 -56.2261 0 0 0 1 
				43
				-0.535497 0.820984 0.198063 -13.6306 -0.697574 -0.562175 0.444241 -2.34751 0.476061 0.0997257 0.87374 -56.2261 0 0 0 1 
				44
				-0.535497 0.820984 0.198063 -13.6306 -0.697574 -0.562175 0.444241 -2.34751 0.476061 0.0997257 0.87374 -56.2261 0 0 0 1 
				45
				-0.535497 0.820984 0.198063 -13.6306 -0.697574 -0.562175 0.444241 -2.34751 0.476061 0.0997257 0.87374 -56.2261 0 0 0 1 
				46
				-0.535497 0.820984 0.198063 -13.6306 -0.697574 -0.562175 0.444241 -2.34751 0.476061 0.0997257 0.87374 -56.2261 0 0 0 1 
				47
				-0.535497 0.820984 0.198063 -13.6306 -0.697574 -0.562175 0.444241 -2.34751 0.476061 0.0997257 0.87374 -56.2261 0 0 0 1 
		</Joint>
			13
		</Joint>
			14
		</Joint>
			15
		</Joint>
			16
		</Joint>
			17
		</Joint>
			18
		</Joint>
			19
		</Joint>
			20
		</Joint>
			21
		</Joint>
			22
		</Joint>
			23
		</Joint>
			24
		</Joint>
		</animation>
</animations>
</itpanim>