<?xml version='1.0' encoding='UTF-8' ?>
<itpanim>
	<skeleton count>
		25
			0 -1
			1 -0 0 0 0 1 0 0 -0 -0 1 -0 0 0 0 1 
			1 0
			1 -0 0 0 0 1 0 0 -0 -0 1 -0 0 0 0 1 
			2 1
			1 -0 0 0 0 1 0 0 -0 -0 1 -0 0 0 0 1 
			3 2
			1 -0 0 0 0 1 0 0 -0 -0 1 -0 0 0 0 1 
			4 3
			1 -0 0 0 0 1 0 0 -0 -0 1 -0 0 0 0 1 
			5 4
			1 -0 0 0 0 1 0 0 -0 -0 1 -0 0 0 0 1 
			6 5
			1 -0 0 0 0 1 0 0 -0 -0 1 -0 0 0 0 1 
			7 6
			1 -0 0 0 0 1 0 0 -0 -0 1 -0 0 0 0 1 
			8 7
			1 -0 0 0 0 1 0 0 -0 -0 1 -0 0 0 0 1 
			9 4
			1 -0 0 0 0 1 0 0 -0 -0 1 -0 0 0 0 1 
			10 9
			1 -0 0 0 0 1 0 0 -0 -0 1 -0 0 0 0 1 
			11 10
			1 -0 0 0 0 1 0 0 -0 -0 1 -0 0 0 0 1 
			12 11
			-0.994845 -0.0912217 0.0442966 -36.0513 0.0434924 0.0107862 0.998995 79.7539 -0.0916079 0.995772 -0.0067631 -4.15114 0 0 0 1 
			13 4
			1 -0 0 0 0 1 0 0 -0 -0 1 -0 0 0 0 1 
			14 13
			1 -0 0 0 0 1 0 0 -0 -0 1 -0 0 0 0 1 
			15 2
			1 -0 0 0 0 1 0 0 -0 -0 1 -0 0 0 0 1 
			16 15
			1 -0 0 0 0 1 0 0 -0 -0 1 -0 0 0 0 1 
			17 16
			1 -0 0 0 0 1 0 0 -0 -0 1 -0 0 0 0 1 
			18 17
			1 -0 0 0 0 1 0 0 -0 -0 1 -0 0 0 0 1 
			19 18
			1 -0 0 0 0 1 0 0 -0 -0 1 -0 0 0 0 1 
			20 2
			1 -0 0 0 0 1 0 0 -0 -0 1 -0 0 0 0 1 
			21 20
			1 -0 0 0 0 1 0 0 -0 -0 1 -0 0 0 0 1 
			22 21
			1 -0 0 0 0 1 0 0 -0 -0 1 -0 0 0 0 1 
			23 22
			1 -0 0 0 0 1 0 0 -0 -0 1 -0 0 0 0 1 
			24 23
			1 -0 0 0 0 1 0 0 -0 -0 1 -0 0 0 0 1 
	</skeleton>
		<animations>
			49
			0
		</Joint>
			1
		</Joint>
			2
		</Joint>
			3
		</Joint>
			4
		</Joint>
			5
		</Joint>
			6
		</Joint>
			7
		</Joint>
			8
		</Joint>
			9
		</Joint>
			10
		</Joint>
			11
		</Joint>
			12
				-1
				-0.994845 0.0434882 -0.0916049 -39.7144 -0.0912188 0.0107874 0.995772 -0.0152491 0.0442926 0.998996 -0.00676486 -78.105 0 0 0 1 
				0
				-0.994845 0.0434882 -0.0916049 -39.7144 -0.0912188 0.0107874 0.995772 -0.0152491 0.0442926 0.998996 -0.00676486 -78.105 0 0 0 1 
				1
				-0.994845 0.0434882 -0.0916049 -39.7144 -0.0912188 0.0107874 0.995772 -0.0152491 0.0442926 0.998996 -0.00676486 -78.105 0 0 0 1 
				2
				-0.994845 0.0434882 -0.0916049 -39.7144 -0.0912188 0.0107874 0.995772 -0.0152491 0.0442926 0.998996 -0.00676486 -78.105 0 0 0 1 
				3
				-0.994845 0.0434882 -0.0916049 -39.7144 -0.0912188 0.0107874 0.995772 -0.0152491 0.0442926 0.998996 -0.00676486 -78.105 0 0 0 1 
				4
				-0.994845 0.0434882 -0.0916049 -39.7144 -0.0912188 0.0107874 0.995772 -0.0152491 0.0442926 0.998996 -0.00676486 -78.105 0 0 0 1 
				5
				-0.994845 0.0434882 -0.0916049 -39.7144 -0.0912188 0.0107874 0.995772 -0.0152491 0.0442926 0.998996 -0.00676486 -78.105 0 0 0 1 
				6
				-0.994845 0.0434882 -0.0916049 -39.7144 -0.0912188 0.0107874 0.995772 -0.0152491 0.0442926 0.998996 -0.00676486 -78.105 0 0 0 1 
				7
				-0.994845 0.0434882 -0.0916049 -39.7144 -0.0912188 0.0107874 0.995772 -0.0152491 0.0442926 0.998996 -0.00676486 -78.105 0 0 0 1 
				8
				-0.994845 0.0434882 -0.0916049 -39.7144 -0.0912188 0.0107874 0.995772 -0.0152491 0.0442926 0.998996 -0.00676486 -78.105 0 0 0 1 
				9
				-0.994845 0.0434882 -0.0916049 -39.7144 -0.0912188 0.0107874 0.995772 -0.0152491 0.0442926 0.998996 -0.00676486 -78.105 0 0 0 1 
				10
				-0.994845 0.0434882 -0.0916049 -39.7144 -0.0912188 0.0107874 0.995772 -0.0152491 0.0442926 0.998996 -0.00676486 -78.105 0 0 0 1 
				11
				-0.994845 0.0434882 -0.0916049 -39.7144 -0.0912188 0.0107874 0.995772 -0.0152491 0.0442926 0.998996 -0.00676486 -78.105 0 0 0 1 
				12
				-0.994845 0.0434882 -0.0916049 -39.7144 -0.0912188 0.0107874 0.995772 -0.0152491 0.0442926 0.998996 -0.00676486 -78.105 0 0 0 1 
				13
				-0.994845 0.0434882 -0.0916049 -39.7144 -0.0912188 0.0107874 0.995772 -0.0152491 0.0442926 0.998996 -0.00676486 -78.105 0 0 0 1 
				14
				-0.994845 0.0434882 -0.0916049 -39.7144 -0.0912188 0.0107874 0.995772 -0.0152491 0.0442926 0.998996 -0.00676486 -78.105 0 0 0 1 
				15
				-0.994845 0.0434882 -0.0916049 -39.7144 -0.0912188 0.0107874 0.995772 -0.0152491 0.0442926 0.998996 -0.00676486 -78.105 0 0 0 1 
				16
				-0.994845 0.0434882 -0.0916049 -39.7144 -0.0912188 0.0107874 0.995772 -0.0152491 0.0442926 0.998996 -0.00676486 -78.105 0 0 0 1 
				17
				-0.994845 0.0434882 -0.0916049 -39.7144 -0.0912188 0.0107874 0.995772 -0.0152491 0.0442926 0.998996 -0.00676486 -78.105 0 0 0 1 
				18
				-0.994845 0.0434882 -0.0916049 -39.7144 -0.0912188 0.0107874 0.995772 -0.0152491 0.0442926 0.998996 -0.00676486 -78.105 0 0 0 1 
				19
				-0.994845 0.0434882 -0.0916049 -39.7144 -0.0912188 0.0107874 0.995772 -0.0152491 0.0442926 0.998996 -0.00676486 -78.105 0 0 0 1 
				20
				-0.994845 0.0434882 -0.0916049 -39.7144 -0.0912188 0.0107874 0.995772 -0.0152491 0.0442926 0.998996 -0.00676486 -78.105 0 0 0 1 
				21
				-0.994845 0.0434882 -0.0916049 -39.7144 -0.0912188 0.0107874 0.995772 -0.0152491 0.0442926 0.998996 -0.00676486 -78.105 0 0 0 1 
				22
				-0.994845 0.0434882 -0.0916049 -39.7144 -0.0912188 0.0107874 0.995772 -0.0152491 0.0442926 0.998996 -0.00676486 -78.105 0 0 0 1 
				23
				-0.994845 0.0434882 -0.0916049 -39.7144 -0.0912188 0.0107874 0.995772 -0.0152491 0.0442926 0.998996 -0.00676486 -78.105 0 0 0 1 
				24
				-0.994845 0.0434882 -0.0916049 -39.7144 -0.0912188 0.0107874 0.995772 -0.0152491 0.0442926 0.998996 -0.00676486 -78.105 0 0 0 1 
				25
				-0.994845 0.0434882 -0.0916049 -39.7144 -0.0912188 0.0107874 0.995772 -0.0152491 0.0442926 0.998996 -0.00676486 -78.105 0 0 0 1 
				26
				-0.994845 0.0434882 -0.0916049 -39.7144 -0.0912188 0.0107874 0.995772 -0.0152491 0.0442926 0.998996 -0.00676486 -78.105 0 0 0 1 
				27
				-0.994845 0.0434882 -0.0916049 -39.7144 -0.0912188 0.0107874 0.995772 -0.0152491 0.0442926 0.998996 -0.00676486 -78.105 0 0 0 1 
				28
				-0.994845 0.0434882 -0.0916049 -39.7144 -0.0912188 0.0107874 0.995772 -0.0152491 0.0442926 0.998996 -0.00676486 -78.105 0 0 0 1 
				29
				-0.994845 0.0434882 -0.0916049 -39.7144 -0.0912188 0.0107874 0.995772 -0.0152491 0.0442926 0.998996 -0.00676486 -78.105 0 0 0 1 
				30
				-0.994845 0.0434882 -0.0916049 -39.7144 -0.0912188 0.0107874 0.995772 -0.0152491 0.0442926 0.998996 -0.00676486 -78.105 0 0 0 1 
				31
				-0.994845 0.0434882 -0.0916049 -39.7144 -0.0912188 0.0107874 0.995772 -0.0152491 0.0442926 0.998996 -0.00676486 -78.105 0 0 0 1 
				32
				-0.994845 0.0434882 -0.0916049 -39.7144 -0.0912188 0.0107874 0.995772 -0.0152491 0.0442926 0.998996 -0.00676486 -78.105 0 0 0 1 
				33
				-0.994845 0.0434882 -0.0916049 -39.7144 -0.0912188 0.0107874 0.995772 -0.0152491 0.0442926 0.998996 -0.00676486 -78.105 0 0 0 1 
				34
				-0.994845 0.0434882 -0.0916049 -39.7144 -0.0912188 0.0107874 0.995772 -0.0152491 0.0442926 0.998996 -0.00676486 -78.105 0 0 0 1 
				35
				-0.994845 0.0434882 -0.0916049 -39.7144 -0.0912188 0.0107874 0.995772 -0.0152491 0.0442926 0.998996 -0.00676486 -78.105 0 0 0 1 
				36
				-0.994845 0.0434882 -0.0916049 -39.7144 -0.0912188 0.0107874 0.995772 -0.0152491 0.0442926 0.998996 -0.00676486 -78.105 0 0 0 1 
				37
				-0.994845 0.0434882 -0.0916049 -39.7144 -0.0912188 0.0107874 0.995772 -0.0152491 0.0442926 0.998996 -0.00676486 -78.105 0 0 0 1 
				38
				-0.994845 0.0434882 -0.0916049 -39.7144 -0.0912188 0.0107874 0.995772 -0.0152491 0.0442926 0.998996 -0.00676486 -78.105 0 0 0 1 
				39
				-0.994845 0.0434882 -0.0916049 -39.7144 -0.0912188 0.0107874 0.995772 -0.0152491 0.0442926 0.998996 -0.00676486 -78.105 0 0 0 1 
				40
				-0.994845 0.0434882 -0.0916049 -39.7144 -0.0912188 0.0107874 0.995772 -0.0152491 0.0442926 0.998996 -0.00676486 -78.105 0 0 0 1 
				41
				-0.994845 0.0434882 -0.0916049 -39.7144 -0.0912188 0.0107874 0.995772 -0.0152491 0.0442926 0.998996 -0.00676486 -78.105 0 0 0 1 
				42
				-0.994845 0.0434882 -0.0916049 -39.7144 -0.0912188 0.0107874 0.995772 -0.0152491 0.0442926 0.998996 -0.00676486 -78.105 0 0 0 1 
				43
				-0.994845 0.0434882 -0.0916049 -39.7144 -0.0912188 0.0107874 0.995772 -0.0152491 0.0442926 0.998996 -0.00676486 -78.105 0 0 0 1 
				44
				-0.994845 0.0434882 -0.0916049 -39.7144 -0.0912188 0.0107874 0.995772 -0.0152491 0.0442926 0.998996 -0.00676486 -78.105 0 0 0 1 
				45
				-0.994845 0.0434882 -0.0916049 -39.7144 -0.0912188 0.0107874 0.995772 -0.0152491 0.0442926 0.998996 -0.00676486 -78.105 0 0 0 1 
				46
				-0.994845 0.0434882 -0.0916049 -39.7144 -0.0912188 0.0107874 0.995772 -0.0152491 0.0442926 0.998996 -0.00676486 -78.105 0 0 0 1 
				47
				-0.994845 0.0434882 -0.0916049 -39.7144 -0.0912188 0.0107874 0.995772 -0.0152491 0.0442926 0.998996 -0.00676486 -78.105 0 0 0 1 
		</Joint>
			13
		</Joint>
			14
		</Joint>
			15
		</Joint>
			16
		</Joint>
			17
		</Joint>
			18
		</Joint>
			19
		</Joint>
			20
		</Joint>
			21
		</Joint>
			22
		</Joint>
			23
		</Joint>
			24
		</Joint>
		</animation>
</animations>
</itpanim>