<?xml version='1.0' encoding='UTF-8' ?>
<itpanim>
	<skeleton count>
		25
			0 -1
			1.37091e-06 -1 -6.12323e-17 1.44664e-05 1 1.37091e-06 -6.12323e-17 -3.33788e-06 6.12323e-17 -6.12323e-17 1 -21.2087 0 0 0 1 
			1 0
			1.3868e-06 4.78456e-08 -1 21.2087 2.75771e-06 -1 -4.78418e-08 1.44663e-05 -1 -2.75771e-06 -1.3868e-06 3.27502e-05 0 0 0 1 
			2 1
			1.40269e-06 -0.000796318 -1 16.0314 0 -1 0.000796318 -0.000903716 -1 -1.11699e-09 -1.40269e-06 3.34038e-06 0 0 0 1 
			3 2
			1.40269e-06 -0.000796318 -1 1.14949 0 -1 0.000796318 0.0109463 -1 -1.11699e-09 -1.40269e-06 3.30752e-06 0 0 0 1 
			4 3
			1.40269e-06 -0.000796318 -1 -13.7324 0 -1 0.000796318 0.013635 -1 -1.11699e-09 -1.40269e-06 3.30006e-06 0 0 0 1 
			5 4
			1 1.37091e-06 4.37113e-08 -1.60435 -1.37091e-06 1 3.58059e-15 -1.09939e-05 -4.37113e-08 -6.35048e-14 1 13.7324 0 0 0 1 
			6 5
			0.994967 0.0993349 -0.0131664 -9.21109 -0.0994537 0.995004 -0.00869969 0.783147 0.0122365 0.00996535 0.999875 13.6196 0 0 0 1 
			7 6
			0.994892 -0.100322 -0.0111756 -24.2735 0.100198 0.994905 -0.011142 -4.1214 0.0122365 0.00996535 0.999875 13.6196 0 0 0 1 
			8 7
			0.994892 -0.100322 -0.0111756 -39.6708 0.0123163 0.0107576 0.999866 13.6163 -0.100188 -0.994897 0.0119382 4.13224 0 0 0 1 
			9 4
			-1 -1.37091e-06 4.37114e-08 -1.60434 -1.37091e-06 1 3.84662e-15 -1.09939e-05 -4.37115e-08 -5.60777e-14 -1 -13.7324 0 0 0 1 
			10 9
			-0.994967 0.0993346 -0.0131667 -9.21109 0.0994535 0.995004 -0.00870241 0.783132 0.0122364 -0.00996808 -0.999875 -13.6196 0 0 0 1 
			11 10
			-0.994892 -0.100322 -0.0111753 -24.2735 -0.100198 0.994905 -0.0111448 -4.12141 0.0122364 -0.00996809 -0.999875 -13.6196 0 0 0 1 
			12 11
			-0.994892 -0.100322 -0.0111753 -39.6708 -0.0123162 0.0107603 0.999866 13.6163 -0.100189 0.994897 -0.0119409 -4.13226 0 0 0 1 
			13 4
			1.34309e-06 -5.95475e-08 -1 -17.1089 -1.40269e-06 -1 5.95456e-08 1.08463e-05 -1 1.40269e-06 -1.34309e-06 -1.9641e-05 0 0 0 1 
			14 13
			1 -0 0 0 0 1 0 0 -0 -0 1 -0 0 0 0 1 
			15 2
			1.37369e-06 -0.0998334 0.995004 -21.1028 0 -0.995004 -0.0998334 2.11735 1 1.3714e-07 -1.36683e-06 -4.58386 0 0 0 1 
			16 15
			1.37369e-06 0.0998334 0.995004 -40.7016 0 -0.995004 0.0998334 -6.09021 1 -1.3714e-07 -1.36683e-06 -4.58386 0 0 0 1 
			17 16
			1.3716e-06 -6.00745e-14 1 -61.0038 0 -1 -6.00745e-14 1.29981e-05 1 8.23984e-20 -1.3716e-06 -4.58385 0 0 0 1 
			18 17
			1.3723e-06 -1 -6.00133e-14 -6.78409 0 6.00133e-14 -1 65.6032 1 1.3723e-06 8.23562e-20 -4.58386 0 0 0 1 
			19 18
			1 -0 0 0 0 1 0 0 -0 -0 1 -0 0 0 0 1 
			20 2
			1.37369e-06 -0.0998334 0.995004 -21.1028 0 -0.995004 -0.0998334 2.11735 1 1.3714e-07 -1.36683e-06 4.58385 0 0 0 1 
			21 20
			1.37369e-06 0.0998334 0.995004 -40.7016 0 -0.995004 0.0998334 -6.09021 1 -1.3714e-07 -1.36683e-06 4.58385 0 0 0 1 
			22 21
			1.3716e-06 -6.00745e-14 1 -61.0038 0 -1 -6.00745e-14 1.29981e-05 1 8.23984e-20 -1.3716e-06 4.58386 0 0 0 1 
			23 22
			1.3723e-06 -1 5.98908e-14 -6.78409 0 -5.98908e-14 -1 65.6032 1 1.3723e-06 -8.21882e-20 4.58386 0 0 0 1 
			24 23
			1 -0 0 0 0 1 0 0 -0 -0 1 -0 0 0 0 1 
	</skeleton>
		<animations>
			17
			0
				-1
				-0.573575 0.819153 -2.02144e-33 3.33786e-06 -0.819153 -0.573575 -1.36318e-32 9.52023e-07 -1.2326e-32 -6.16298e-33 1 25.071 0 0 0 1 
				0
				-0.505843 0.862626 0 3.33786e-06 -0.862626 -0.505843 -0 9.14944e-07 -0 -0 1 24.4575 0 0 0 1 
				1
				-0.429402 0.903114 0 3.33786e-06 -0.903114 -0.429402 -0 8.72588e-07 -0 -0 1 23.7264 0 0 0 1 
				2
				-0.347512 0.937676 0 3.33786e-06 -0.937676 -0.347512 -0 8.28142e-07 -0 -0 1 22.9486 0 0 0 1 
				3
				-0.264082 0.9645 0 3.33786e-06 -0.9645 -0.264082 -0 7.84792e-07 -0 -0 1 22.1952 0 0 0 1 
				4
				-0.183318 0.983054 3.02927e-33 3.33786e-06 -0.983054 -0.183318 -5.64892e-34 7.45622e-07 -0 -3.08149e-33 1 21.5351 0 0 0 1 
				5
				-0.109543 0.993982 5.84489e-34 3.33786e-06 -0.993982 -0.109543 1.23362e-32 7.13718e-07 1.2326e-32 7.70372e-34 1 21.0372 0 0 0 1 
				6
				-0.0470798 0.998891 -1.95544e-34 3.33786e-06 -0.998891 -0.0470798 -1.23304e-32 6.92267e-07 -1.2326e-32 -3.85186e-34 1 20.7725 0 0 0 1 
				7
				1.46474e-06 1 0 3.33786e-06 -1 1.46474e-06 0 6.84453e-07 -0 -0 1 20.8121 0 0 0 1 
				8
				0.0292568 0.999572 -2.44035e-35 3.33786e-06 -0.999572 0.0292568 -1.23319e-32 6.92267e-07 -1.2326e-32 3.85186e-34 1 21.2005 0 0 0 1 
				9
				0.0429396 0.999078 3.84831e-34 3.33786e-06 -0.999078 0.0429396 1.65397e-35 7.13718e-07 -0 -3.85186e-34 1 21.8932 0 0 0 1 
				10
				0.0446992 0.999 1.66159e-34 3.33786e-06 -0.999 0.0446992 -1.23308e-32 7.45622e-07 -1.2326e-32 3.85186e-34 1 22.8191 0 0 0 1 
				11
				0.0381711 0.999271 6.8422e-34 3.33786e-06 -0.999271 0.0381711 1.23611e-32 7.84792e-07 1.2326e-32 -1.15556e-33 1 23.9072 0 0 0 1 
				12
				0.0268715 0.999639 3.31217e-34 3.33786e-06 -0.999639 0.0268715 -1.23215e-32 8.28143e-07 -1.2326e-32 -0 1 25.0885 0 0 0 1 
				13
				0.0143181 0.999897 -1.76485e-34 3.33786e-06 -0.999897 0.0143181 1.23247e-32 8.72589e-07 1.2326e-32 -0 1 26.2943 0 0 0 1 
				14
				0.00414853 0.999992 0 3.33786e-06 -0.999992 0.00414853 0 9.14944e-07 -0 -0 1 27.4535 0 0 0 1 
				15
				1.46474e-06 1 0 3.33786e-06 -1 1.46474e-06 0 9.52023e-07 -0 -0 1 28.4949 0 0 0 1 
		</Joint>
			1
				-1
				1.33158e-06 -0.573574 -0.819154 3.33786e-06 0 -0.819154 0.573574 9.52023e-07 -1 -7.6376e-07 -1.09077e-06 25.071 0 0 0 1 
				0
				1.33158e-06 -0.505841 -0.862627 3.33786e-06 0 -0.862627 0.505841 9.14944e-07 -1 -6.73569e-07 -1.14866e-06 24.4575 0 0 0 1 
				1
				1.33158e-06 -0.4294 -0.903114 3.33786e-06 0 -0.903114 0.4294 8.72588e-07 -1 -5.71781e-07 -1.20257e-06 23.7264 0 0 0 1 
				2
				1.33158e-06 -0.34751 -0.937676 3.33786e-06 0 -0.937676 0.34751 8.28142e-07 -1 -4.62738e-07 -1.24859e-06 22.9486 0 0 0 1 
				3
				1.33158e-06 -0.264081 -0.964501 3.33786e-06 0 -0.964501 0.264081 7.84792e-07 -1 -3.51645e-07 -1.28431e-06 22.1952 0 0 0 1 
				4
				1.33158e-06 -0.183317 -0.983054 3.33786e-06 0 -0.983054 0.183317 7.45622e-07 -1 -2.44101e-07 -1.30902e-06 21.5351 0 0 0 1 
				5
				1.33158e-06 -0.109542 -0.993982 3.33786e-06 0 -0.993982 0.109542 7.13718e-07 -1 -1.45864e-07 -1.32357e-06 21.0372 0 0 0 1 
				6
				1.33158e-06 -0.0470785 -0.998891 3.33786e-06 0 -0.998891 0.0470785 6.92267e-07 -1 -6.26888e-08 -1.3301e-06 20.7725 0 0 0 1 
				7
				1.33158e-06 2.79632e-06 -1 3.33786e-06 0 -1 -2.79632e-06 6.84453e-07 -1 3.72352e-12 -1.33158e-06 20.8121 0 0 0 1 
				8
				1.33158e-06 0.0292581 -0.999572 3.33786e-06 0 -0.999572 -0.0292581 6.92267e-07 -1 3.89595e-08 -1.33101e-06 21.2005 0 0 0 1 
				9
				1.33158e-06 0.0429409 -0.999078 3.33786e-06 0 -0.999078 -0.0429409 7.13718e-07 -1 5.71793e-08 -1.33035e-06 21.8932 0 0 0 1 
				10
				1.33158e-06 0.0447005 -0.999 3.33786e-06 0 -0.999 -0.0447005 7.45622e-07 -1 5.95223e-08 -1.33025e-06 22.8191 0 0 0 1 
				11
				1.33158e-06 0.0381725 -0.999271 3.33786e-06 0 -0.999271 -0.0381725 7.84792e-07 -1 5.08297e-08 -1.33061e-06 23.9072 0 0 0 1 
				12
				1.33158e-06 0.0268729 -0.999639 3.33786e-06 0 -0.999639 -0.0268729 8.28143e-07 -1 3.57834e-08 -1.3311e-06 25.0885 0 0 0 1 
				13
				1.33158e-06 0.0143195 -0.999897 3.33786e-06 0 -0.999897 -0.0143195 8.72589e-07 -1 1.90675e-08 -1.33144e-06 26.2943 0 0 0 1 
				14
				1.33158e-06 0.00414986 -0.999992 3.33786e-06 0 -0.999992 -0.00414986 9.14944e-07 -1 5.52587e-09 -1.33157e-06 27.4535 0 0 0 1 
				15
				1.33158e-06 2.79632e-06 -1 3.33786e-06 0 -1 -2.79632e-06 9.52023e-07 -1 3.72352e-12 -1.33158e-06 28.4949 0 0 0 1 
		</Joint>
			2
				-1
				-0.000271969 -0.342021 -0.939692 0.00405821 -0.000750183 -0.939692 0.342021 0.0111246 -1 0.00079796 -1.01208e-06 19.8936 0 0 0 1 
				0
				-0.000237119 -0.298446 -0.954427 0.0035426 -0.000761877 -0.954426 0.298446 0.0112993 -1 0.000797923 -1.06652e-06 19.2802 0 0 0 1 
				1
				-0.000199109 -0.250909 -0.968011 0.00298011 -0.000772643 -0.96801 0.250909 0.0114605 -1 0.000797885 -1.12314e-06 18.549 0 0 0 1 
				2
				-0.000159549 -0.201424 -0.979504 0.00239453 -0.000781727 -0.979504 0.201424 0.0115969 -1 0.000797842 -1.1797e-06 17.7712 0 0 0 1 
				3
				-0.000120145 -0.152125 -0.988361 0.0018111 -0.000788701 -0.988361 0.152125 0.0117023 -1 0.000797799 -1.2344e-06 17.0178 0 0 0 1 
				4
				-8.26116e-05 -0.105156 -0.994456 0.0012552 -0.000793468 -0.994455 0.105156 0.0117749 -1 0.000797756 -1.28454e-06 16.3578 0 0 0 1 
				5
				-4.8678e-05 -0.0626832 -0.998033 0.000752483 -0.000796227 -0.998033 0.0626832 0.0118176 -1 0.000797712 -1.3278e-06 15.8598 0 0 0 1 
				6
				-2.01042e-05 -0.0269117 -0.999638 0.000329056 -0.000797422 -0.999638 0.0269117 0.011837 -1 0.000797674 -1.36304e-06 15.5951 0 0 0 1 
				7
				1.3879e-06 -1.39499e-06 -1 1.05015e-05 -0.000797649 -1 1.39388e-06 0.0118417 -1 0.000797649 -1.38901e-06 15.6348 0 0 0 1 
				8
				1.47392e-05 0.0167175 -0.99986 -0.000187421 -0.000797499 -0.99986 -0.0167175 0.0118403 -1 0.000797634 -1.40489e-06 16.0231 0 0 0 1 
				9
				2.09853e-05 0.0245397 -0.999699 -0.000280023 -0.00079735 -0.999699 -0.0245397 0.0118385 -1 0.000797624 -1.41222e-06 16.7158 0 0 0 1 
				10
				2.17887e-05 0.0255459 -0.999674 -0.000291935 -0.000797327 -0.999673 -0.0255459 0.0118383 -1 0.000797623 -1.41316e-06 17.6417 0 0 0 1 
				11
				1.88082e-05 0.0218133 -0.999762 -0.000247747 -0.000797406 -0.999762 -0.0218134 0.0118394 -1 0.000797627 -1.40966e-06 18.7298 0 0 0 1 
				12
				1.36504e-05 0.0153542 -0.999882 -0.00017128 -0.000797518 -0.999882 -0.0153542 0.0118408 -1 0.000797633 -1.40359e-06 19.9112 0 0 0 1 
				13
				7.92126e-06 0.00817975 -0.999967 -8.63476e-05 -0.000797603 -0.999966 -0.00817975 0.0118418 -1 0.000797641 -1.3968e-06 21.117 0 0 0 1 
				14
				3.28034e-06 0.00236831 -0.999997 -1.75511e-05 -0.000797641 -0.999997 -0.00236831 0.0118422 -1 0.000797647 -1.39127e-06 22.2761 0 0 0 1 
				15
				1.3879e-06 -1.39499e-06 -1 1.05015e-05 -0.000797649 -1 1.39388e-06 0.0118423 -1 0.000797649 -1.38901e-06 23.3176 0 0 0 1 
		</Joint>
			3
				-1
				-6.90265e-05 -0.0871571 -0.996195 0.00104359 -0.000795174 -0.996194 0.0871571 0.0117654 -1 0.000798165 -5.41232e-07 5.01172 0 0 0 1 
				0
				-5.97474e-05 -0.0756946 -0.997131 0.00091077 -0.000795879 -0.997131 0.0756946 0.0117772 -1 0.000798118 -6.67788e-07 4.39829 0 0 0 1 
				1
				-4.97712e-05 -0.0633632 -0.997991 0.000767815 -0.000796513 -0.99799 0.0633632 0.0117883 -1 0.000798066 -7.98426e-07 3.66712 0 0 0 1 
				2
				-3.95173e-05 -0.0506821 -0.998715 0.000620698 -0.000797022 -0.998715 0.0506821 0.0117982 -1 0.000798001 -9.28249e-07 2.8893 0 0 0 1 
				3
				-2.94066e-05 -0.0381712 -0.999271 0.000475413 -0.000797388 -0.999271 0.0381712 0.0118063 -1 0.000797929 -1.05208e-06 2.13594 0 0 0 1 
				4
				-1.98485e-05 -0.0263357 -0.999653 0.00033783 -0.000797608 -0.999653 0.0263357 0.0118126 -1 0.000797854 -1.16392e-06 1.47587 0 0 0 1 
				5
				-1.12516e-05 -0.0156816 -0.999877 0.000213855 -0.000797694 -0.999877 0.0156816 0.0118169 -1 0.000797772 -1.25891e-06 0.977933 0 0 0 1 
				6
				-4.03383e-06 -0.00672975 -0.999977 0.000109582 -0.000797689 -0.999977 0.00672975 0.0118196 -1 0.000797698 -1.33452e-06 0.713243 0 0 0 1 
				7
				1.38788e-06 -1.42479e-06 -1 3.11401e-05 -0.000797649 -1 1.42368e-06 0.0118212 -1 0.000797649 -1.38901e-06 0.752872 0 0 0 1 
				8
				4.75466e-06 0.00417848 -0.999991 -1.76231e-05 -0.000797605 -0.999991 -0.00417848 0.011822 -1 0.000797618 -1.42185e-06 1.14123 0 0 0 1 
				9
				6.32953e-06 0.00613431 -0.999981 -4.04477e-05 -0.000797575 -0.999981 -0.00613432 0.0118223 -1 0.000797599 -1.43683e-06 1.83392 0 0 0 1 
				10
				6.53228e-06 0.00638616 -0.99998 -4.33871e-05 -0.000797571 -0.999979 -0.00638616 0.0118224 -1 0.000797596 -1.43874e-06 2.75984 0 0 0 1 
				11
				5.78056e-06 0.00545256 -0.999985 -3.24909e-05 -0.000797584 -0.999985 -0.00545256 0.0118223 -1 0.000797603 -1.4316e-06 3.84792 0 0 0 1 
				12
				4.48008e-06 0.00383762 -0.999993 -1.36451e-05 -0.000797606 -0.999992 -0.00383762 0.0118222 -1 0.000797617 -1.41914e-06 5.02928 0 0 0 1 
				13
				3.03543e-06 0.0020439 -0.999998 7.28243e-06 -0.000797627 -0.999998 -0.0020439 0.011822 -1 0.000797632 -1.40516e-06 6.23509 0 0 0 1 
				14
				1.86504e-06 0.000590909 -1 2.42314e-05 -0.000797643 -1 -0.00059091 0.0118218 -1 0.000797644 -1.39371e-06 7.39425 0 0 0 1 
				15
				1.38788e-06 -1.42479e-06 -1 3.11401e-05 -0.000797649 -1 1.42368e-06 0.0118218 -1 0.000797649 -1.38901e-06 8.43567 0 0 0 1 
		</Joint>
			4
				-1
				-6.90265e-05 -0.0871571 -0.996195 0.000250672 -0.000795174 -0.996194 0.0871571 0.00261016 -1 0.000798165 -5.4124e-07 -9.87016 0 0 0 1 
				0
				-5.97474e-05 -0.0756946 -0.997131 0.000225125 -0.000795879 -0.997131 0.0756946 0.00261391 -1 0.000798118 -6.67788e-07 -10.4836 0 0 0 1 
				1
				-4.97712e-05 -0.0633632 -0.99799 0.00019748 -0.000796513 -0.99799 0.0633632 0.00261795 -1 0.000798066 -7.98425e-07 -11.2148 0 0 0 1 
				2
				-3.95173e-05 -0.0506821 -0.998715 0.000168864 -0.000797022 -0.998715 0.0506821 0.00262218 -1 0.000798001 -9.28245e-07 -11.9926 0 0 0 1 
				3
				-2.94066e-05 -0.0381712 -0.999271 0.000140409 -0.000797388 -0.999271 0.0381712 0.00262637 -1 0.000797929 -1.05209e-06 -12.7459 0 0 0 1 
				4
				-1.98485e-05 -0.0263357 -0.999653 0.000113247 -0.000797608 -0.999653 0.0263357 0.00263036 -1 0.000797854 -1.16392e-06 -13.406 0 0 0 1 
				5
				-1.12516e-05 -0.0156816 -0.999877 8.85644e-05 -0.000797694 -0.999877 0.0156816 0.002634 -1 0.000797772 -1.25891e-06 -13.904 0 0 0 1 
				6
				-4.03383e-06 -0.00672975 -0.999977 6.76378e-05 -0.000797689 -0.999977 0.00672975 0.00263708 -1 0.000797698 -1.33452e-06 -14.1686 0 0 0 1 
				7
				1.38788e-06 -1.42479e-06 -1 5.17907e-05 -0.000797649 -1 1.42368e-06 0.00263932 -1 0.000797649 -1.38901e-06 -14.129 0 0 0 1 
				8
				4.75466e-06 0.00417848 -0.999991 4.18934e-05 -0.000797605 -0.999991 -0.00417848 0.00264074 -1 0.000797618 -1.42185e-06 -13.7406 0 0 0 1 
				9
				6.32953e-06 0.00613432 -0.999981 3.72472e-05 -0.000797575 -0.999981 -0.00613432 0.00264146 -1 0.000797599 -1.43683e-06 -13.048 0 0 0 1 
				10
				6.53228e-06 0.00638616 -0.99998 3.66481e-05 -0.000797571 -0.999979 -0.00638616 0.00264161 -1 0.000797596 -1.43874e-06 -12.122 0 0 0 1 
				11
				5.78056e-06 0.00545256 -0.999985 3.88673e-05 -0.000797584 -0.999985 -0.00545256 0.0026414 -1 0.000797603 -1.4316e-06 -11.034 0 0 0 1 
				12
				4.48008e-06 0.00383762 -0.999993 4.27015e-05 -0.000797606 -0.999992 -0.00383762 0.00264095 -1 0.000797617 -1.41914e-06 -9.85261 0 0 0 1 
				13
				3.03543e-06 0.0020439 -0.999998 4.69526e-05 -0.000797627 -0.999998 -0.0020439 0.00264044 -1 0.000797632 -1.40516e-06 -8.64679 0 0 0 1 
				14
				1.86504e-06 0.000590909 -1 5.03906e-05 -0.000797643 -1 -0.00059091 0.00264004 -1 0.000797644 -1.39371e-06 -7.48764 0 0 0 1 
				15
				1.38788e-06 -1.42479e-06 -1 5.17907e-05 -0.000797649 -1 1.42368e-06 0.00263992 -1 0.000797649 -1.38901e-06 -6.44621 0 0 0 1 
		</Joint>
			5
				-1
				0.996195 0.0871571 2.4103e-06 1.59826 -0.0871571 0.996195 1.67575e-06 -0.139894 -2.25508e-06 -1.87944e-06 1 -9.87016 0 0 0 1 
				0
				0.997131 0.0756946 2.26116e-06 1.59977 -0.0756946 0.997131 1.66646e-06 -0.121503 -2.12853e-06 -1.83284e-06 1 -10.4836 0 0 0 1 
				1
				0.99799 0.0633632 2.10671e-06 1.60115 -0.0633632 0.99799 1.65059e-06 -0.101717 -1.99789e-06 -1.78076e-06 1 -11.2148 0 0 0 1 
				2
				0.998715 0.0506821 1.95263e-06 1.60232 -0.0506821 0.998715 1.61895e-06 -0.0813702 -1.86807e-06 -1.71583e-06 1 -11.9926 0 0 0 1 
				3
				0.999271 0.0381712 1.80573e-06 1.60322 -0.0381712 0.999271 1.57658e-06 -0.0612957 -1.74423e-06 -1.64436e-06 1 -12.7459 0 0 0 1 
				4
				0.999653 0.0263357 1.67316e-06 1.60383 -0.0263357 0.999653 1.52582e-06 -0.0423045 -1.6324e-06 -1.56936e-06 1 -13.406 0 0 0 1 
				5
				0.999877 0.0156816 1.56055e-06 1.6042 -0.0156816 0.999877 1.46302e-06 -0.0252086 -1.53741e-06 -1.48731e-06 1 -13.9039 0 0 0 1 
				6
				0.999977 0.00672975 1.47128e-06 1.60436 -0.00672975 0.999977 1.40331e-06 -0.0108439 -1.4618e-06 -1.41318e-06 1 -14.1686 0 0 0 1 
				7
				1 1.42591e-06 1.40731e-06 1.6044 -1.42591e-06 1 1.36436e-06 -4.7164e-05 -1.40731e-06 -1.36436e-06 1 -14.129 0 0 0 1 
				8
				0.999991 -0.00417848 1.36889e-06 1.60439 0.00417848 0.999991 1.33895e-06 0.0066603 -1.37447e-06 -1.33322e-06 1 -13.7406 0 0 0 1 
				9
				0.999981 -0.00613431 1.3514e-06 1.60437 0.00613431 0.999981 1.32236e-06 0.00979888 -1.35949e-06 -1.31405e-06 1 -13.048 0 0 0 1 
				10
				0.999979 -0.00638616 1.34918e-06 1.60437 0.00638616 0.999979 1.31967e-06 0.0102031 -1.35758e-06 -1.31103e-06 1 -12.122 0 0 0 1 
				11
				0.999985 -0.00545256 1.35751e-06 1.60438 0.00545256 0.999985 1.32584e-06 0.00870505 -1.36472e-06 -1.31841e-06 1 -11.034 0 0 0 1 
				12
				0.999993 -0.00383762 1.37206e-06 1.60439 0.00383762 0.999993 1.33703e-06 0.00611364 -1.37718e-06 -1.33176e-06 1 -9.8526 0 0 0 1 
				13
				0.999998 -0.0020439 1.38841e-06 1.6044 0.0020439 0.999998 1.34977e-06 0.00323537 -1.39116e-06 -1.34693e-06 1 -8.64679 0 0 0 1 
				14
				1 -0.000590908 1.40181e-06 1.6044 0.000590907 1 1.35978e-06 0.000903863 -1.40261e-06 -1.35896e-06 1 -7.48764 0 0 0 1 
				15
				1 1.42591e-06 1.40731e-06 1.6044 -1.42591e-06 1 1.36436e-06 -4.65605e-05 -1.40731e-06 -1.36436e-06 1 -6.44621 0 0 0 1 
		</Joint>
			6
				-1
				0.112922 -0.0327947 -0.993063 9.04144 0.148164 0.988837 -0.0158073 -0.791098 0.982495 -0.145352 0.11652 -9.87018 0 0 0 1 
				0
				0.0923762 -0.0784946 -0.992626 9.04994 0.0973208 0.992827 -0.0694536 -0.687064 0.990957 -0.0901872 0.0993527 -10.4836 0 0 0 1 
				1
				0.0786099 -0.131322 -0.988218 9.05775 0.0442366 0.990769 -0.128142 -0.575142 0.995923 -0.0336422 0.0836934 -11.2148 0 0 0 1 
				2
				0.072637 -0.186836 -0.979702 9.06433 -0.00941501 0.982125 -0.187996 -0.460047 0.997314 0.0228794 0.0695795 -11.9926 0 0 0 1 
				3
				0.0743427 -0.24053 -0.96779 9.06938 -0.0630069 0.967404 -0.245274 -0.346496 0.99524 0.0792118 0.0567644 -12.7459 0 0 0 1 
				4
				0.0835828 -0.288161 -0.953927 9.07285 -0.116834 0.947841 -0.29656 -0.239074 0.989628 0.136239 0.045556 -13.406 0 0 0 1 
				5
				0.0992263 -0.325898 -0.940183 9.07489 -0.169671 0.925468 -0.338705 -0.142376 0.980493 0.193131 0.0365351 -13.904 0 0 0 1 
				6
				0.118387 -0.350365 -0.929101 9.0758 -0.221689 0.902738 -0.368671 -0.061126 0.967904 0.249617 0.0292009 -14.1686 0 0 0 1 
				7
				0.137908 -0.358679 -0.923217 9.07601 -0.273551 0.882073 -0.383557 -5.78179e-05 0.95192 0.305443 0.0235275 -14.129 0 0 0 1 
				8
				0.154538 -0.349512 -0.924099 9.07593 -0.326137 0.864859 -0.381647 0.0378803 0.932605 0.360362 0.0196641 -13.7406 0 0 0 1 
				9
				0.166224 -0.325569 -0.930792 9.07584 -0.379719 0.85 -0.365121 0.0556321 0.910046 0.414132 0.0176653 -13.048 0 0 0 1 
				10
				0.171931 -0.290605 -0.941269 9.07583 -0.434025 0.835414 -0.337202 0.057918 0.884343 0.46651 0.0175041 -12.122 0 0 0 1 
				11
				0.171456 -0.248271 -0.953396 9.07588 -0.488396 0.819024 -0.301112 0.0494445 0.855612 0.517262 0.0191717 -11.034 0 0 0 1 
				12
				0.165388 -0.202043 -0.965311 9.07595 -0.541942 0.799149 -0.260116 0.0347868 0.823982 0.566162 0.022674 -9.85261 0 0 0 1 
				13
				0.155122 -0.155245 -0.975621 9.07599 -0.593701 0.774686 -0.217669 0.0185066 0.789592 0.612993 0.0280017 -8.6468 0 0 0 1 
				14
				0.142888 -0.111009 -0.983494 9.07601 -0.642791 0.745194 -0.1775 0.00531889 0.752597 0.657544 0.0351239 -7.48765 0 0 0 1 
				15
				0.131636 -0.071996 -0.98868 9.07601 -0.688528 0.710883 -0.143439 -5.72144e-05 0.713163 0.699616 0.0440064 -6.44622 0 0 0 1 
		</Joint>
			7
				-1
				-0.0189883 0.116044 -0.993063 10.7801 -0.95636 -0.291762 -0.0158072 1.49024 -0.291572 0.949426 0.11652 5.2576 0 0 0 1 
				0
				0.0346326 0.116169 -0.992626 10.4723 -0.947915 -0.31086 -0.0694534 0.811415 -0.316636 0.943329 0.0993527 4.77447 0 0 0 1 
				1
				0.0922638 0.122116 -0.988218 10.2681 -0.935066 -0.330502 -0.128142 0.105982 -0.342256 0.935872 0.0836934 4.11977 0 0 0 1 
				2
				0.150054 0.13292 -0.979702 10.1827 -0.917917 -0.349408 -0.187997 -0.605013 -0.367304 0.927495 0.0695795 3.36336 0 0 0 1 
				3
				0.204363 0.147029 -0.96779 10.2141 -0.897049 -0.367619 -0.245274 -1.31663 -0.39184 0.91828 0.0567644 2.57808 0 0 0 1 
				4
				0.251632 0.163415 -0.953927 10.3598 -0.873445 -0.386192 -0.29656 -2.03801 -0.416862 0.907827 0.045556 1.83158 0 0 0 1 
				5
				0.288819 0.180664 -0.940183 10.6027 -0.849362 -0.4048 -0.338705 -2.75486 -0.441778 0.896381 0.0365351 1.193 0 0 0 1 
				6
				0.313525 0.196146 -0.929101 10.8987 -0.827076 -0.424295 -0.368671 -3.47454 -0.466526 0.884025 0.0292009 0.734482 0 0 0 1 
				7
				0.32352 0.207374 -0.923217 11.1994 -0.808831 -0.445731 -0.383557 -4.21201 -0.491046 0.870816 0.0235275 0.527988 0 0 0 1 
				8
				0.317753 0.212306 -0.924099 11.4554 -0.79594 -0.46992 -0.381647 -4.98376 -0.515279 0.856797 0.0196641 0.618968 0 0 0 1 
				9
				0.298666 0.210771 -0.930792 11.6352 -0.787465 -0.496573 -0.365121 -5.79102 -0.539163 0.842016 0.0176653 0.964282 0 0 0 1 
				10
				0.269518 0.203401 -0.941269 11.7231 -0.781541 -0.52487 -0.337202 -6.62489 -0.562631 0.826522 0.0175041 1.49446 0 0 0 1 
				11
				0.233391 0.191218 -0.953396 11.7158 -0.776262 -0.553849 -0.301112 -7.47054 -0.585616 0.810362 0.0191717 2.14016 0 0 0 1 
				12
				0.193213 0.175623 -0.965311 11.6225 -0.77003 -0.582575 -0.260116 -8.30966 -0.608048 0.793576 0.022674 2.83449 0 0 0 1 
				13
				0.151868 0.15843 -0.975621 11.4645 -0.761718 -0.610251 -0.217669 -9.1229 -0.629859 0.776205 0.0280017 3.5108 0 0 0 1 
				14
				0.112247 0.141918 -0.983494 11.2761 -0.750753 -0.636289 -0.1775 -9.89194 -0.650976 0.758285 0.0351239 4.10033 0 0 0 1 
				15
				0.0770646 0.128734 -0.98868 11.1028 -0.737141 -0.660339 -0.143439 -10.6015 -0.67133 0.739851 0.0440064 4.53458 0 0 0 1 
		</Joint>
			8
				-1
				-0.0189883 -0.99297 -0.116835 10.4878 -0.956361 -0.0160396 0.291749 -13.2352 -0.291572 0.117276 -0.949333 0.768166 0 0 0 1 
				0
				0.0346327 -0.992533 -0.11696 11.0055 -0.947915 -0.069701 0.310805 -13.7839 -0.316636 0.100104 -0.94325 -0.100879 0 0 0 1 
				1
				0.0922638 -0.98812 -0.122903 11.6887 -0.935066 -0.128405 0.330399 -14.2915 -0.342256 0.0844386 -0.935805 -1.15005 0 0 0 1 
				2
				0.150054 -0.979596 -0.1337 12.4932 -0.917917 -0.188275 0.349258 -14.7385 -0.367304 0.0703181 -0.927439 -2.29213 0 0 0 1 
				3
				0.204363 -0.967673 -0.147799 13.3607 -0.897049 -0.245567 0.367423 -15.1288 -0.39184 0.0574956 -0.918235 -3.45521 0 0 0 1 
				4
				0.251632 -0.953797 -0.164175 14.2343 -0.873445 -0.296867 0.385956 -15.4867 -0.416862 0.0462789 -0.907791 -4.58696 0 0 0 1 
				5
				0.288819 -0.940039 -0.181412 15.0497 -0.849362 -0.339027 0.40453 -15.8328 -0.441777 0.0372489 -0.896351 -5.60919 0 0 0 1 
				6
				0.313525 -0.928944 -0.196886 15.7261 -0.827076 -0.369009 0.424001 -16.2093 -0.466526 0.0299048 -0.884002 -6.44876 0 0 0 1 
				7
				0.32352 -0.923052 -0.208109 16.1808 -0.808831 -0.383912 0.445425 -16.6658 -0.491046 0.0242209 -0.870797 -7.03281 0 0 0 1 
				8
				0.317753 -0.92393 -0.213042 16.3479 -0.79594 -0.382021 0.469616 -17.2391 -0.515279 0.0203464 -0.856781 -7.31495 0 0 0 1 
				9
				0.298666 -0.930624 -0.211512 16.2339 -0.787465 -0.365517 0.496282 -17.9159 -0.539163 0.0183357 -0.842002 -7.33739 0 0 0 1 
				10
				0.269518 -0.941107 -0.20415 15.873 -0.781541 -0.33762 0.524601 -18.6585 -0.562631 0.0181623 -0.826508 -7.16855 0 0 0 1 
				11
				0.233391 -0.953244 -0.191977 15.3094 -0.776262 -0.301553 0.553609 -19.4229 -0.585616 0.019817 -0.810346 -6.87675 0 0 0 1 
				12
				0.193213 -0.965171 -0.176391 14.5974 -0.77003 -0.26058 0.582368 -20.1661 -0.608048 0.0233059 -0.793558 -6.52781 0 0 0 1 
				13
				0.151868 -0.975494 -0.159207 13.8028 -0.761718 -0.218155 0.610077 -20.8513 -0.629859 0.0286197 -0.776182 -6.18734 0 0 0 1 
				14
				0.112247 -0.98338 -0.142701 13.0044 -0.750753 -0.178007 0.636147 -21.4515 -0.650977 0.0357277 -0.758257 -5.92296 0 0 0 1 
				15
				0.0770646 -0.988577 -0.129521 12.2894 -0.737141 -0.143965 0.660225 -21.9515 -0.67133 0.0445955 -0.739816 -5.8021 0 0 0 1 
		</Joint>
			9
				-1
				-0.996195 0.0871571 3.16105e-06 -1.59823 0.0871571 0.996195 -2.16318e-06 0.139758 -3.33756e-06 -1.87944e-06 -1 -9.87016 0 0 0 1 
				0
				-0.997131 0.0756946 3.31543e-06 -1.59972 0.0756946 0.997131 -2.08979e-06 0.121369 -3.46411e-06 -1.83284e-06 -1 -10.4836 0 0 0 1 
				1
				-0.99799 0.0633632 3.47468e-06 -1.6011 0.0633632 0.99799 -2.00496e-06 0.101587 -3.59474e-06 -1.78076e-06 -1 -11.2148 0 0 0 1 
				2
				-0.998715 0.0506821 3.63281e-06 -1.60225 0.0506821 0.998715 -1.9024e-06 0.0812442 -3.72456e-06 -1.71583e-06 -1 -11.9926 0 0 0 1 
				3
				-0.999271 0.0381712 3.78283e-06 -1.60314 0.0381712 0.999271 -1.79006e-06 0.0611751 -3.8484e-06 -1.64436e-06 -1 -12.7459 0 0 0 1 
				4
				-0.999653 0.0263357 3.91753e-06 -1.60375 0.0263357 0.999653 -1.67311e-06 0.0421898 -3.96024e-06 -1.56936e-06 -1 -13.406 0 0 0 1 
				5
				-0.999877 0.0156816 4.0314e-06 -1.6041 0.0156816 0.999877 -1.55072e-06 0.0251 -4.05522e-06 -1.48731e-06 -1 -13.904 0 0 0 1 
				6
				-0.999977 0.00672975 4.12123e-06 -1.60426 0.00672975 0.999977 -1.44095e-06 0.0107409 -4.13083e-06 -1.41318e-06 -1 -14.1686 0 0 0 1 
				7
				-1 1.42146e-06 4.18533e-06 -1.6043 1.42145e-06 1 -1.36437e-06 -5.14993e-05 -4.18533e-06 -1.36436e-06 -1 -14.129 0 0 0 1 
				8
				-0.999991 -0.00417848 4.2237e-06 -1.60428 -0.00417848 0.999991 -1.31559e-06 -0.00675607 -4.21817e-06 -1.33322e-06 -1 -13.7406 0 0 0 1 
				9
				-0.999981 -0.00613432 4.24113e-06 -1.60426 -0.00613432 0.999981 -1.28805e-06 -0.00989316 -4.23315e-06 -1.31405e-06 -1 -13.048 0 0 0 1 
				10
				-0.999979 -0.00638616 4.24334e-06 -1.60426 -0.00638616 0.999979 -1.28396e-06 -0.010297 -4.23505e-06 -1.31103e-06 -1 -12.122 0 0 0 1 
				11
				-0.999985 -0.00545256 4.23504e-06 -1.60427 -0.00545256 0.999985 -1.29534e-06 -0.00879946 -4.22792e-06 -1.31841e-06 -1 -11.034 0 0 0 1 
				12
				-0.999993 -0.00383762 4.22054e-06 -1.60428 -0.00383762 0.999993 -1.31557e-06 -0.00620901 -4.21546e-06 -1.33176e-06 -1 -9.85261 0 0 0 1 
				13
				-0.999998 -0.0020439 4.20422e-06 -1.60429 -0.0020439 0.999998 -1.33834e-06 -0.00333178 -4.20147e-06 -1.34693e-06 -1 -8.64679 0 0 0 1 
				14
				-1 -0.000590912 4.19083e-06 -1.60429 -0.000590912 1 -1.35648e-06 -0.00100109 -4.19003e-06 -1.35896e-06 -1 -7.48764 0 0 0 1 
				15
				-1 1.42146e-06 4.18533e-06 -1.6043 1.42145e-06 1 -1.36437e-06 -5.08921e-05 -4.18533e-06 -1.36436e-06 -1 -6.44621 0 0 0 1 
		</Joint>
			10
				-1
				0.237443 0.519487 -0.820826 -9.04141 0.493742 0.663159 0.562529 0.790962 0.836564 -0.538845 -0.0990298 -9.87019 0 0 0 1 
				0
				0.160954 0.478148 -0.863405 -9.0499 0.45614 0.739739 0.494695 0.68693 0.875231 -0.473457 -0.0990385 -10.4836 0 0 0 1 
				1
				0.0891451 0.420448 -0.902926 -9.05769 0.407598 0.811753 0.418235 0.575012 0.908799 -0.405315 -0.0990102 -11.2148 0 0 0 1 
				2
				0.0260399 0.349701 -0.9365 -9.06426 0.348162 0.874991 0.336413 0.459921 0.937073 -0.334814 -0.0989679 -11.9926 0 0 0 1 
				3
				-0.0253222 0.270618 -0.962353 -9.0693 0.279269 0.92625 0.253118 0.346375 0.959879 -0.262346 -0.09903 -12.746 0 0 0 1 
				4
				-0.0629802 0.18875 -0.980003 -9.07277 0.203273 0.963795 0.172565 0.23896 0.977094 -0.18834 -0.099068 -13.406 0 0 0 1 
				5
				-0.0864457 0.110097 -0.990154 -9.0748 0.122893 0.987463 0.0990682 0.142267 0.988648 -0.113119 -0.098892 -13.904 0 0 0 1 
				6
				-0.0977081 0.0406976 -0.994383 -9.0757 0.0404795 0.998499 0.0368886 0.061023 0.994391 -0.0366478 -0.0992089 -14.1687 0 0 0 1 
				7
				-0.0985626 -0.0138766 -0.995034 -9.0759 -0.0396198 0.999164 -0.0100097 -4.08788e-05 0.994342 0.0384365 -0.09903 -14.129 0 0 0 1 
				8
				-0.0933993 -0.0503804 -0.994353 -9.07583 -0.118495 0.992183 -0.0391403 -0.0379761 0.988552 0.11417 -0.098639 -13.7407 0 0 0 1 
				9
				-0.086812 -0.0708088 -0.993705 -9.07573 -0.195087 0.979367 -0.052744 -0.0557264 0.976937 0.18928 -0.0988346 -13.048 0 0 0 1 
				10
				-0.0809005 -0.0789538 -0.99359 -9.07572 -0.269352 0.9615 -0.0544725 -0.058012 0.959637 0.263219 -0.0990522 -12.1221 0 0 0 1 
				11
				-0.076852 -0.0787595 -0.993927 -9.07577 -0.341423 0.938684 -0.0479827 -0.0495389 0.936763 0.335662 -0.0990301 -11.034 0 0 0 1 
				12
				-0.0752395 -0.0740928 -0.994409 -9.07584 -0.411212 0.910799 -0.0367497 -0.0348822 0.908429 0.406148 -0.0989959 -9.85264 0 0 0 1 
				13
				-0.075406 -0.068609 -0.99479 -9.07589 -0.478583 0.877707 -0.024257 -0.018603 0.874799 0.47426 -0.0990195 -8.64682 0 0 0 1 
				14
				-0.0754995 -0.0656338 -0.994983 -9.07591 -0.543403 0.839353 -0.0141342 -0.00541615 0.836071 0.539609 -0.0990363 -7.48767 0 0 0 1 
				15
				-0.0727784 -0.0679004 -0.995034 -9.07591 -0.605552 0.795743 -0.0100098 -4.02715e-05 0.792471 0.601816 -0.0990301 -6.44624 0 0 0 1 
		</Joint>
			11
				-1
				-0.535497 0.198717 -0.820826 -5.38542 -0.697574 0.443793 0.562529 8.39326 0.476061 0.873819 -0.0990298 3.01066 0 0 0 1 
				0
				-0.491901 0.112094 -0.863405 -6.57164 -0.781829 0.379501 0.494695 7.71027 0.383115 0.918376 -0.0990385 2.9926 0 0 0 1 
				1
				-0.428386 0.0347781 -0.902926 -7.6851 -0.857119 0.300709 0.418235 6.85093 0.286063 0.953082 -0.0990102 2.77828 0 0 0 1 
				2
				-0.349523 -0.0283271 -0.9365 -8.66332 -0.918291 0.208729 0.336413 5.82068 0.185945 0.977563 -0.0989679 2.43579 0 0 0 1 
				3
				-0.261531 -0.0740067 -0.962353 -9.4592 -0.961548 0.106561 0.253118 4.64637 0.083817 0.991548 -0.09903 2.03359 0 0 0 1 
				4
				-0.171502 -0.100898 -0.980003 -10.0425 -0.984996 -0.00184481 0.172565 3.36882 -0.0192195 0.994895 -0.099068 1.63859 0 0 0 1 
				5
				-0.086722 -0.109879 -0.990154 -10.4058 -0.988713 -0.112393 0.0990682 2.03448 -0.122172 0.98757 -0.098892 1.31854 0 0 0 1 
				6
				-0.0137621 -0.104947 -0.994383 -10.5801 -0.974406 -0.221746 0.0368886 0.684299 -0.224371 0.96944 -0.0992089 1.14229 0 0 0 1 
				7
				0.0416214 -0.0904147 -0.995034 -10.5935 -0.945612 -0.325143 -0.0100097 -0.61008 -0.322624 0.941333 -0.0990301 1.18116 0 0 0 1 
				8
				0.0771171 -0.072901 -0.994353 -10.5139 -0.905042 -0.423518 -0.0391403 -1.86247 -0.418273 0.902949 -0.098639 1.48037 0 0 0 1 
				9
				0.0960587 -0.0576447 -0.993705 -10.4124 -0.855119 -0.515742 -0.0527439 -3.05954 -0.509455 0.854803 -0.0988346 1.99421 0 0 0 1 
				10
				0.103023 -0.0465289 -0.99359 -10.3214 -0.797014 -0.601499 -0.0544725 -4.20532 -0.595109 0.797517 -0.0990522 2.65378 0 0 0 1 
				11
				0.102495 -0.0400503 -0.993927 -10.2591 -0.7312 -0.680474 -0.0479827 -5.30653 -0.674419 0.731677 -0.0990301 3.38964 0 0 0 1 
				12
				0.0986341 -0.03771 -0.994409 -10.2343 -0.658042 -0.752084 -0.0367498 -6.36644 -0.746493 0.657988 -0.0989959 4.13473 0 0 0 1 
				13
				0.0947735 -0.0375668 -0.99479 -10.2369 -0.57795 -0.815711 -0.0242571 -7.38749 -0.81055 0.577238 -0.0990195 4.82272 0 0 0 1 
				14
				0.0931702 -0.0364319 -0.994983 -10.2384 -0.491444 -0.870795 -0.0141341 -8.37236 -0.865911 0.490296 -0.0990363 5.38557 0 0 0 1 
				15
				0.0947798 -0.0303966 -0.995034 -10.1965 -0.399125 -0.916842 -0.0100098 -9.32391 -0.911985 0.398092 -0.0990301 5.75568 0 0 0 1 
		</Joint>
			12
				-1
				-0.535497 0.820984 0.198063 -13.6306 -0.697574 -0.562175 0.444241 -2.34751 0.476061 0.0997256 0.87374 10.3407 0 0 0 1 
				0
				-0.494775 0.863484 0.0979519 -14.1456 -0.791886 -0.49441 0.358435 -4.3278 0.357931 0.0997778 0.928402 8.89154 0 0 0 1 
				1
				-0.429644 0.902935 0.0106542 -14.2811 -0.872238 -0.418033 0.253869 -6.34641 0.233681 0.0997804 0.96718 7.18289 0 0 0 1 
				2
				-0.346039 0.936454 -0.0575414 -14.045 -0.932277 -0.336307 0.133255 -8.31853 0.105435 0.0997557 0.98941 5.29884 0 0 0 1 
				3
				-0.25192 0.962272 -0.102805 -13.4861 -0.967434 -0.253117 0.00144847 -10.1589 -0.0246279 0.0998222 0.9947 3.32414 0 0 0 1 
				4
				-0.156195 0.979905 -0.124055 -12.6832 -0.975603 -0.172673 -0.135582 -11.7975 -0.154279 0.0998508 0.982969 1.34266 0 0 0 1 
				5
				-0.0676649 0.990057 -0.123327 -11.7411 -0.957198 -0.0992847 -0.27187 -13.189 -0.281411 0.099652 0.954399 -0.562583 0 0 0 1 
				6
				0.00640023 0.994298 -0.106443 -10.792 -0.914632 -0.0372091 -0.40257 -14.3189 -0.404235 0.0999329 0.909179 -2.31243 0 0 0 1 
				7
				0.0602041 0.99497 -0.0800552 -9.95265 -0.852823 0.00959398 -0.522112 -15.17 -0.518718 0.0997062 0.849112 -3.78637 0 0 0 1 
				8
				0.0925195 0.994312 -0.0527701 -9.32653 -0.775012 0.038638 -0.630764 -15.7977 -0.625137 0.0992555 0.774178 -4.95992 0 0 0 1 
				9
				0.108035 0.993681 -0.0304333 -8.93336 -0.684608 0.052165 -0.727042 -16.2261 -0.720861 0.0993808 0.685918 -5.85003 0 0 0 1 
				10
				0.112171 0.993579 -0.0147991 -8.7351 -0.583679 0.0538274 -0.810198 -16.4772 -0.804199 0.0995188 0.585969 -6.50931 0 0 0 1 
				11
				0.10993 0.993923 -0.00577024 -8.68093 -0.473664 0.0472825 -0.879435 -16.565 -0.873818 0.0994091 0.475983 -6.9946 0 0 0 1 
				12
				0.105591 0.994408 -0.00191681 -8.71563 -0.356042 0.0360063 -0.933776 -16.4985 -0.928485 0.0992809 0.357853 -7.35926 0 0 0 1 
				13
				0.101946 0.99479 -0.000343164 -8.77768 -0.232417 0.0234828 -0.972333 -16.2864 -0.967259 0.0992056 0.2336 -7.65757 0 0 0 1 
				14
				0.0999738 0.994986 0.00284084 -8.80383 -0.10454 0.0133432 -0.994432 -15.9393 -0.989483 0.0991201 0.10535 -7.94714 0 0 0 1 
				15
				0.0987458 0.995044 0.0117146 -8.73714 0.0257435 0.00921383 -0.999626 -15.4694 -0.99478 0.0990105 -0.024706 -8.28642 0 0 0 1 
		</Joint>
			13
				-1
				6.58427e-07 -1.34472e-06 -1 1.76019e-05 0 -1 1.34472e-06 -7.47713e-05 -1 -8.85398e-13 -6.58427e-07 -13.2467 0 0 0 1 
				0
				7.25735e-07 -1.36537e-06 -1 2.33862e-05 0 -1 1.36537e-06 -7.34008e-05 -1 -9.90898e-13 -7.25735e-07 -13.8601 0 0 0 1 
				1
				8.17107e-07 -1.11367e-06 -1 2.94264e-05 0 -1 1.11367e-06 -7.14975e-05 -1 -9.09991e-13 -8.17107e-07 -14.5913 0 0 0 1 
				2
				9.21406e-07 -1.23754e-06 -1 3.54325e-05 0 -1 1.23754e-06 -6.8992e-05 -1 -1.14027e-12 -9.21406e-07 -15.3691 0 0 0 1 
				3
				1.03276e-06 -1.38704e-06 -1 4.11164e-05 0 -1 1.38704e-06 -6.60279e-05 -1 -1.43248e-12 -1.03276e-06 -16.1225 0 0 0 1 
				4
				1.14178e-06 -1.27197e-06 -1 4.62276e-05 0 -1 1.27197e-06 -6.27945e-05 -1 -1.45231e-12 -1.14178e-06 -16.7825 0 0 0 1 
				5
				1.23998e-06 -1.54152e-06 -1 5.05729e-05 0 -1 1.54152e-06 -5.94362e-05 -1 -1.91146e-12 -1.23998e-06 -17.2805 0 0 0 1 
				6
				1.3235e-06 -1.41095e-06 -1 5.40175e-05 0 -1 1.41095e-06 -5.63457e-05 -1 -1.8674e-12 -1.3235e-06 -17.5452 0 0 0 1 
				7
				1.38685e-06 -1.42368e-06 -1 5.64769e-05 0 -1 1.42368e-06 -5.39729e-05 -1 -1.97444e-12 -1.38685e-06 -17.5055 0 0 0 1 
				8
				1.42608e-06 -1.43975e-06 -1 5.79477e-05 0 -1 1.43975e-06 -5.24044e-05 -1 -2.0532e-12 -1.42608e-06 -17.1172 0 0 0 1 
				9
				1.44447e-06 -1.57731e-06 -1 5.86191e-05 0 -1 1.57731e-06 -5.15832e-05 -1 -2.27837e-12 -1.44447e-06 -16.4245 0 0 0 1 
				10
				1.44685e-06 -1.30362e-06 -1 5.87045e-05 0 -1 1.30362e-06 -5.14102e-05 -1 -1.88614e-12 -1.44685e-06 -15.4986 0 0 0 1 
				11
				1.43811e-06 -1.56867e-06 -1 5.83855e-05 0 -1 1.56867e-06 -5.16717e-05 -1 -2.25592e-12 -1.43811e-06 -14.4105 0 0 0 1 
				12
				1.42294e-06 -1.43101e-06 -1 5.78286e-05 0 -1 1.43101e-06 -5.21883e-05 -1 -2.03624e-12 -1.42294e-06 -13.2291 0 0 0 1 
				13
				1.40608e-06 -1.42958e-06 -1 5.72018e-05 0 -1 1.42958e-06 -5.27753e-05 -1 -2.0101e-12 -1.40608e-06 -12.0233 0 0 0 1 
				14
				1.39242e-06 -1.54106e-06 -1 5.6688e-05 0 -1 1.54106e-06 -5.32329e-05 -1 -2.14581e-12 -1.39242e-06 -10.8642 0 0 0 1 
				15
				1.38685e-06 -1.42368e-06 -1 5.64769e-05 0 -1 1.42368e-06 -5.33694e-05 -1 -1.97444e-12 -1.38685e-06 -9.82274 0 0 0 1 
		</Joint>
			14
		</Joint>
			15
				-1
				0.202201 -0.303987 0.930971 3.75488 -0.408259 -0.890233 -0.202014 -2.62919 0.89019 -0.33923 -0.304112 25.071 0 0 0 1 
				0
				0.190918 -0.215009 0.957769 3.95414 -0.403168 -0.906795 -0.1232 -2.3187 0.89499 -0.36262 -0.259808 24.4575 0 0 0 1 
				1
				0.183139 -0.111555 0.976737 4.13974 -0.385899 -0.921953 -0.0329415 -1.96831 0.904181 -0.370889 -0.211894 23.7264 0 0 0 1 
				2
				0.174954 -0.000307095 0.984577 4.29817 -0.357262 -0.931864 0.0631928 -1.59294 0.917472 -0.362808 -0.163143 22.9486 0 0 0 1 
				3
				0.163495 0.110979 0.980282 4.42113 -0.31969 -0.934075 0.159067 -1.21052 0.93331 -0.339393 -0.117237 22.1952 0 0 0 1 
				4
				0.14847 0.214362 0.965404 4.50619 -0.278223 -0.927738 0.248787 -0.840307 0.948972 -0.305535 -0.0781003 21.5351 0 0 0 1 
				5
				0.13356 0.302522 0.943738 4.55627 -0.240584 -0.913887 0.327001 -0.502133 0.961395 -0.270722 -0.0492772 21.0372 0 0 0 1 
				6
				0.125913 0.369615 0.920614 4.57876 -0.214325 -0.895949 0.389025 -0.215808 0.968613 -0.246294 -0.033594 20.7725 0 0 0 1 
				7
				0.130828 0.411718 0.901872 4.58386 -0.200051 -0.880014 0.43076 5.18299e-06 0.971011 -0.236776 -0.0327655 20.8121 0 0 0 1 
				8
				0.138737 0.430318 0.891952 4.58191 -0.170454 -0.876845 0.449543 0.134108 0.97555 -0.214405 -0.0483017 21.2005 0 0 0 1 
				9
				0.14211 0.430929 0.891126 4.57964 -0.115799 -0.886843 0.447325 0.196828 0.983054 -0.166761 -0.0761282 21.8932 0 0 0 1 
				10
				0.1456 0.41695 0.897192 4.57928 -0.0546758 -0.902079 0.428094 0.204893 0.987831 -0.111385 -0.108546 22.8191 0 0 0 1 
				11
				0.142978 0.395586 0.907231 4.58052 0.0251669 -0.917806 0.396231 0.17497 0.989406 -0.03382 -0.141182 23.9072 0 0 0 1 
				12
				0.136561 0.371203 0.918455 4.5822 0.11655 -0.926722 0.357215 0.123174 0.983752 0.0582647 -0.169818 25.0885 0 0 0 1 
				13
				0.139458 0.343674 0.928676 4.58339 0.17899 -0.931141 0.317708 0.0656311 0.973917 0.121917 -0.191369 26.2943 0 0 0 1 
				14
				0.14085 0.320866 0.936593 4.58382 0.235316 -0.929763 0.283139 0.0190152 0.961659 0.180515 -0.206462 27.4535 0 0 0 1 
				15
				0.140951 0.305597 0.94167 4.58386 0.27928 -0.924809 0.258322 5.78653e-06 0.949808 0.226579 -0.2157 28.4949 0 0 0 1 
		</Joint>
			16
				-1
				0.34424 -0.121622 0.930971 7.79839 0.208217 -0.956994 -0.202013 -10.7933 0.915502 0.263385 -0.304112 42.8725 0 0 0 1 
				0
				0.282553 -0.0533138 0.957769 7.77201 0.235722 -0.96398 -0.1232 -10.381 0.929838 0.260578 -0.259808 42.355 0 0 0 1 
				1
				0.213492 0.0201383 0.976737 7.80204 0.242178 -0.969672 -0.0329417 -9.68529 0.946452 0.243577 -0.211894 41.8077 0 0 0 1 
				2
				0.144371 0.0988233 0.984577 7.79679 0.233259 -0.970359 0.063193 -8.73727 0.961638 0.220538 -0.163143 41.2956 0 0 0 1 
				3
				0.0812405 0.18013 0.980282 7.69061 0.216409 -0.963257 0.159067 -7.60349 0.972917 0.199219 -0.117237 40.859 0 0 0 1 
				4
				0.0272215 0.259333 0.965404 7.4752 0.201721 -0.947319 0.248787 -6.40406 0.979065 0.18797 -0.0781003 40.5121 0 0 0 1 
				5
				-0.0188672 0.330154 0.943738 7.22713 0.202012 -0.92318 0.327001 -5.31319 0.979201 0.196816 -0.0492772 40.2626 0 0 0 1 
				6
				-0.0617253 0.385564 0.920614 7.0967 0.229942 -0.892068 0.389025 -4.50176 0.971245 0.2357 -0.033594 40.1423 0 0 0 1 
				7
				-0.104437 0.41919 0.901872 7.20008 0.290996 -0.854264 0.43076 -4.00051 0.951007 0.307429 -0.0327655 40.2299 0 0 0 1 
				8
				-0.135726 0.431277 0.891952 7.35629 0.368129 -0.813875 0.449543 -3.27453 0.919815 0.389368 -0.0483017 40.709 0 0 0 1 
				9
				-0.150546 0.428055 0.891126 7.42147 0.449734 -0.773072 0.447325 -2.11885 0.880384 0.468112 -0.0761282 41.5517 0 0 0 1 
				10
				-0.157044 0.412775 0.897192 7.49091 0.538963 -0.725434 0.428094 -0.888483 0.82756 0.550782 -0.108546 42.5732 0 0 0 1 
				11
				-0.151408 0.392437 0.907231 7.43971 0.620762 -0.676503 0.396231 0.678243 0.76924 0.623167 -0.141182 43.6928 0 0 0 1 
				12
				-0.138614 0.370441 0.918455 7.31307 0.692817 -0.62642 0.357215 2.45388 0.707666 0.685836 -0.169818 44.761 0 0 0 1 
				13
				-0.134693 0.345569 0.928676 7.37219 0.769642 -0.553817 0.317708 3.64498 0.624107 0.757541 -0.191369 45.7702 0 0 0 1 
				14
				-0.13176 0.324705 0.936593 7.40045 0.830497 -0.479694 0.283139 4.72472 0.541215 0.815144 -0.206462 46.6842 0 0 0 1 
				15
				-0.132672 0.309282 0.94167 7.40252 0.873987 -0.411602 0.258322 5.5849 0.467488 0.85728 -0.2157 47.4887 0 0 0 1 
		</Joint>
			17
				-1
				-6.99788e-07 -0.00366236 0.999994 14.6823 1.81491e-06 -0.999994 -0.00366236 -6.62952 1 1.81233e-06 7.0643e-07 61.1802 0 0 0 1 
				0
