<?xml version='1.0' encoding='UTF-8' ?>
<itpanim>
	<skeleton count>
		25
			0 -1
			1 -0 0 0 0 1 0 0 -0 -0 1 -0 0 0 0 1 
			1 0
			1 -0 0 0 0 1 0 0 -0 -0 1 -0 0 0 0 1 
			2 1
			1 -0 0 0 0 1 0 0 -0 -0 1 -0 0 0 0 1 
			3 2
			1 -0 0 0 0 1 0 0 -0 -0 1 -0 0 0 0 1 
			4 3
			1 -0 0 0 0 1 0 0 -0 -0 1 -0 0 0 0 1 
			5 4
			1 -0 0 0 0 1 0 0 -0 -0 1 -0 0 0 0 1 
			6 5
			1 -0 0 0 0 1 0 0 -0 -0 1 -0 0 0 0 1 
			7 6
			1 -0 0 0 0 1 0 0 -0 -0 1 -0 0 0 0 1 
			8 7
			1 -0 0 0 0 1 0 0 -0 -0 1 -0 0 0 0 1 
			9 4
			1 -0 0 0 0 1 0 0 -0 -0 1 -0 0 0 0 1 
			10 9
			1 -0 0 0 0 1 0 0 -0 -0 1 -0 0 0 0 1 
			11 10
			1 -0 0 0 0 1 0 0 -0 -0 1 -0 0 0 0 1 
			12 11
			-0.994845 -0.0912217 0.0442966 -36.0513 0.0434924 0.0107862 0.998995 79.7539 -0.0916079 0.995772 -0.0067631 -4.15114 0 0 0 1 
			13 4
			1 -0 0 0 0 1 0 0 -0 -0 1 -0 0 0 0 1 
			14 13
			1 -0 0 0 0 1 0 0 -0 -0 1 -0 0 0 0 1 
			15 2
			1 -0 0 0 0 1 0 0 -0 -0 1 -0 0 0 0 1 
			16 15
			1 -0 0 0 0 1 0 0 -0 -0 1 -0 0 0 0 1 
			17 16
			1 -0 0 0 0 1 0 0 -0 -0 1 -0 0 0 0 1 
			18 17
			1 -0 0 0 0 1 0 0 -0 -0 1 -0 0 0 0 1 
			19 18
			1 -0 0 0 0 1 0 0 -0 -0 1 -0 0 0 0 1 
			20 2
			1 -0 0 0 0 1 0 0 -0 -0 1 -0 0 0 0 1 
			21 20
			1 -0 0 0 0 1 0 0 -0 -0 1 -0 0 0 0 1 
			22 21
			1 -0 0 0 0 1 0 0 -0 -0 1 -0 0 0 0 1 
			23 22
			1 -0 0 0 0 1 0 0 -0 -0 1 -0 0 0 0 1 
			24 23
			1 -0 0 0 0 1 0 0 -0 -0 1 -0 0 0 0 1 
	</skeleton>
		<animations>
			49
			0
		</Joint>
			1
		</Joint>
			2
		</Joint>
			3
		</Joint>
			4
		</Joint>
			5
		</Joint>
			6
		</Joint>
			7
		</Joint>
			8
		</Joint>
			9
		</Joint>
			10
		</Joint>
			11
		</Joint>
			12
				-1
				-0.535497 0.820984 0.198063 -13.6306 -0.697574 -0.562175 0.444241 -2.3475 0.476061 0.0997259 0.873739 -56.2261 0 0 0 1 
				0
				-0.567719 0.818278 0.0900885 -15.6914 -0.773286 -0.567613 0.282565 -11.3636 0.282352 0.0907532 0.955008 -55.8285 0 0 0 1 
				1
				-0.55429 0.825333 -0.107643 -18.2619 -0.830121 -0.538778 0.143587 -20.0552 0.0605112 0.168945 0.983766 -54.795 0 0 0 1 
				2
				-0.555848 0.814803 -0.164708 -18.9264 -0.820205 -0.569807 -0.0508292 -27.0153 -0.135268 0.106841 0.985032 -53.382 0 0 0 1 
				3
				-0.496434 0.820602 -0.283135 -20.4123 -0.788358 -0.562724 -0.248661 -30.4546 -0.363378 0.0997681 0.926284 -54.9085 0 0 0 1 
				4
				-0.408258 0.825741 -0.3892 -21.9763 -0.675752 -0.560017 -0.479311 -30.0847 -0.613746 0.0673203 0.786628 -60.6166 0 0 0 1 
				5
				-0.266167 0.830316 -0.489623 -23.0514 -0.452338 -0.556136 -0.697211 -26.0349 -0.851202 0.0359007 0.523609 -69.6003 0 0 0 1 
				6
				-0.0857971 0.839488 -0.536561 -22.9132 -0.140902 -0.543358 -0.827592 -18.1507 -0.986298 0.00459746 0.164904 -79.8913 0 0 0 1 
				7
				0.0917331 0.856676 -0.507634 -21.3919 0.188885 -0.515498 -0.835814 -7.31043 -0.977705 -0.0192127 -0.209102 -89.1561 0 0 0 1 
				8
				0.224049 0.881413 -0.415827 -18.9423 0.463293 -0.471707 -0.750235 4.46836 -0.857415 -0.02456 -0.514038 -95.7863 0 0 0 1 
				9
				0.290834 0.909445 -0.297196 -16.3429 0.642891 -0.415805 -0.64327 14.5702 -0.708594 -0.00397977 -0.705604 -99.6058 0 0 0 1 
				10
				0.299691 0.934855 -0.190343 -14.2845 0.72333 -0.352743 -0.593603 20.4039 -0.622076 0.0402167 -0.781923 -101.726 0 0 0 1 
				11
				0.274018 0.953771 -0.12343 -13.1426 0.699295 -0.285705 -0.655254 19.5279 -0.660227 0.0932374 -0.745256 -103.54 0 0 0 1 
				12
				0.154482 0.982694 -0.102211 -14.0424 0.243801 -0.138169 -0.959932 -3.90523 -0.957443 0.123373 -0.260926 -103.579 0 0 0 1 
				13
				0.0222963 0.999312 0.0296336 -14.713 -0.764223 0.0361464 -0.643938 -47.6286 -0.644566 -0.00828929 0.764503 -80.0053 0 0 0 1 
				14
				0.118775 0.972196 0.201808 -10.5059 -0.864589 0.00132444 0.502478 -67.0343 0.48824 -0.234163 0.840707 -35.3364 0 0 0 1 
				15
				0.298998 0.930809 0.210224 -4.97576 -0.199457 -0.154475 0.967654 -61.0083 0.933175 -0.331257 0.139468 -10.7261 0 0 0 1 
				16
				0.374574 0.908622 0.184662 -2.48918 0.148895 -0.255523 0.955268 -55.7107 0.915163 -0.330324 -0.231001 -4.62036 0 0 0 1 
				17
				0.379332 0.902378 0.2045 -2.07835 0.256673 -0.314971 0.913735 -53.4439 0.888947 -0.294119 -0.351095 -3.23976 0 0 0 1 
				18
				0.34577 0.903595 0.252902 -2.72339 0.250843 -0.348731 0.90303 -52.6277 0.904168 -0.248802 -0.347241 -3.42333 0 0 0 1 
				19
				0.307168 0.9038 0.297979 -3.39282 0.241752 -0.376952 0.894127 -51.6398 0.920436 -0.202611 -0.334283 -4.10415 0 0 0 1 
				20
				0.264418 0.903 0.338636 -4.09088 0.235023 -0.400882 0.885471 -50.5701 0.935333 -0.154547 -0.318226 -4.95458 0 0 0 1 
				21
				0.196158 0.903728 0.380523 -5.35438 0.180662 -0.414727 0.891831 -49.8945 0.963786 -0.106193 -0.244621 -6.41323 0 0 0 1 
				22
				0.113202 0.903659 0.413019 -6.83135 0.0958587 -0.423685 0.900723 -48.8887 0.988937 -0.0623724 -0.134586 -8.96682 0 0 0 1 
				23
				0.0301048 0.901074 0.432618 -8.11642 -0.000498361 -0.4328 0.901489 -46.8138 0.999546 -0.0273548 -0.0125803 -13.0051 0 0 0 1 
				24
				-0.0490679 0.896146 0.441038 -9.14831 -0.0995562 -0.443759 0.890599 -43.5879 0.993821 -0.000208279 0.110991 -18.159 0 0 0 1 
				25
				-0.129306 0.889767 0.437714 -10.1253 -0.203186 -0.455828 0.866566 -39.5873 0.970564 0.0231147 0.23973 -23.7902 0 0 0 1 
				26
				-0.208538 0.881773 0.423069 -11.0146 -0.30705 -0.469736 0.827688 -34.8073 0.928564 0.0427018 0.368706 -29.6955 0 0 0 1 
				27
				-0.284685 0.871964 0.398288 -11.7773 -0.407113 -0.486123 0.773268 -29.3043 0.867878 0.0579896 0.49338 -35.6567 0 0 0 1 
				28
				-0.357259 0.860871 0.362306 -12.4436 -0.500388 -0.503953 0.704019 -23.1926 0.788655 0.0702235 0.610812 -41.4659 0 0 0 1 
				29
				-0.424102 0.848816 0.31567 -12.9888 -0.580038 -0.522287 0.625117 -16.4939 0.69548 0.0820123 0.713849 -46.9349 0 0 0 1 
				30
				-0.483745 0.835365 0.261067 -13.376 -0.646478 -0.542127 0.536809 -9.48868 0.589963 0.0909048 0.802296 -51.8941 0 0 0 1 
				31
				-0.535496 0.820984 0.198063 -13.6306 -0.697574 -0.562175 0.444241 -2.3475 0.476061 0.0997258 0.873739 -56.2261 0 0 0 1 
				32
				-0.535496 0.820984 0.198063 -13.6306 -0.697574 -0.562175 0.444241 -2.3475 0.476061 0.0997258 0.873739 -56.2261 0 0 0 1 
				33
				-0.535496 0.820984 0.198063 -13.6306 -0.697574 -0.562175 0.444241 -2.3475 0.476061 0.0997258 0.873739 -56.2261 0 0 0 1 
				34
				-0.535496 0.820984 0.198063 -13.6306 -0.697574 -0.562175 0.444241 -2.3475 0.476061 0.0997258 0.873739 -56.2261 0 0 0 1 
				35
				-0.535496 0.820984 0.198063 -13.6306 -0.697574 -0.562175 0.444241 -2.3475 0.476061 0.0997258 0.873739 -56.2261 0 0 0 1 
				36
				-0.535496 0.820984 0.198063 -13.6306 -0.697574 -0.562175 0.444241 -2.3475 0.476061 0.0997258 0.873739 -56.2261 0 0 0 1 
				37
				-0.535496 0.820984 0.198063 -13.6306 -0.697574 -0.562175 0.444241 -2.3475 0.476061 0.0997258 0.873739 -56.2261 0 0 0 1 
				38
				-0.535496 0.820984 0.198063 -13.6306 -0.697574 -0.562175 0.444241 -2.3475 0.476061 0.0997258 0.873739 -56.2261 0 0 0 1 
				39
				-0.535496 0.820984 0.198063 -13.6306 -0.697574 -0.562175 0.444241 -2.3475 0.476061 0.0997258 0.873739 -56.2261 0 0 0 1 
				40
				-0.535496 0.820984 0.198063 -13.6306 -0.697574 -0.562175 0.444241 -2.3475 0.476061 0.0997258 0.873739 -56.2261 0 0 0 1 
				41
				-0.535496 0.820984 0.198063 -13.6306 -0.697574 -0.562175 0.444241 -2.3475 0.476061 0.0997258 0.873739 -56.2261 0 0 0 1 
				42
				-0.535496 0.820984 0.198063 -13.6306 -0.697574 -0.562175 0.444241 -2.3475 0.476061 0.0997258 0.873739 -56.2261 0 0 0 1 
				43
				-0.535496 0.820984 0.198063 -13.6306 -0.697574 -0.562175 0.444241 -2.3475 0.476061 0.0997258 0.873739 -56.2261 0 0 0 1 
				44
				-0.535496 0.820984 0.198063 -13.6306 -0.697574 -0.562175 0.444241 -2.3475 0.476061 0.0997258 0.873739 -56.2261 0 0 0 1 
				45
				-0.535496 0.820984 0.198063 -13.6306 -0.697574 -0.562175 0.444241 -2.3475 0.476061 0.0997258 0.873739 -56.2261 0 0 0 1 
				46
				-0.535496 0.820984 0.198063 -13.6306 -0.697574 -0.562175 0.444241 -2.3475 0.476061 0.0997258 0.873739 -56.2261 0 0 0 1 
				47
				-0.535496 0.820984 0.198063 -13.6306 -0.697574 -0.562175 0.444241 -2.3475 0.476061 0.0997258 0.873739 -56.2261 0 0 0 1 
		</Joint>
			13
		</Joint>
			14
		</Joint>
			15
		</Joint>
			16
		</Joint>
			17
		</Joint>
			18
		</Joint>
			19
		</Joint>
			20
		</Joint>
			21
		</Joint>
			22
		</Joint>
			23
		</Joint>
			24
		</Joint>
		</animation>
</animations>
</itpanim>