<?xml version='1.0' encoding='UTF-8' ?>
<itpanim>
	<skeleton count>
		25
			0 -1
			1 -0 0 0 0 1 0 0 -0 -0 1 -0 0 0 0 1 
			1 0
			1 -0 0 0 0 1 0 0 -0 -0 1 -0 0 0 0 1 
			2 1
			1 -0 0 0 0 1 0 0 -0 -0 1 -0 0 0 0 1 
			3 2
			1 -0 0 0 0 1 0 0 -0 -0 1 -0 0 0 0 1 
			4 3
			1 -0 0 0 0 1 0 0 -0 -0 1 -0 0 0 0 1 
			5 4
			1 -0 0 0 0 1 0 0 -0 -0 1 -0 0 0 0 1 
			6 5
			1 -0 0 0 0 1 0 0 -0 -0 1 -0 0 0 0 1 
			7 6
			1 -0 0 0 0 1 0 0 -0 -0 1 -0 0 0 0 1 
			8 7
			1 -0 0 0 0 1 0 0 -0 -0 1 -0 0 0 0 1 
			9 4
			1 -0 0 0 0 1 0 0 -0 -0 1 -0 0 0 0 1 
			10 9
			1 -0 0 0 0 1 0 0 -0 -0 1 -0 0 0 0 1 
			11 10
			1 -0 0 0 0 1 0 0 -0 -0 1 -0 0 0 0 1 
			12 11
			1 -1.23089e-07 1.0145e-07 3.3937 1.23089e-07 1 8.3532e-08 -1.38735e-05 -1.0145e-07 -8.3532e-08 1 -6.06011 0 0 0 1 
			13 4
			1 -0 0 0 0 1 0 0 -0 -0 1 -0 0 0 0 1 
			14 13
			1 -0 0 0 0 1 0 0 -0 -0 1 -0 0 0 0 1 
			15 2
			1 -0 0 0 0 1 0 0 -0 -0 1 -0 0 0 0 1 
			16 15
			1 -0 0 0 0 1 0 0 -0 -0 1 -0 0 0 0 1 
			17 16
			1 -0 0 0 0 1 0 0 -0 -0 1 -0 0 0 0 1 
			18 17
			1 -0 0 0 0 1 0 0 -0 -0 1 -0 0 0 0 1 
			19 18
			1 -0 0 0 0 1 0 0 -0 -0 1 -0 0 0 0 1 
			20 2
			1 -0 0 0 0 1 0 0 -0 -0 1 -0 0 0 0 1 
			21 20
			1 -0 0 0 0 1 0 0 -0 -0 1 -0 0 0 0 1 
			22 21
			1 -0 0 0 0 1 0 0 -0 -0 1 -0 0 0 0 1 
			23 22
			1 -0 0 0 0 1 0 0 -0 -0 1 -0 0 0 0 1 
			24 23
			1 -0 0 0 0 1 0 0 -0 -0 1 -0 0 0 0 1 
	</skeleton>
		<animations>
			33
			0
		</Joint>
			1
		</Joint>
			2
		</Joint>
			3
		</Joint>
			4
		</Joint>
			5
		</Joint>
			6
		</Joint>
			7
		</Joint>
			8
		</Joint>
			9
		</Joint>
			10
		</Joint>
			11
		</Joint>
			12
				-1
				0.597424 -0.761506 -0.251383 -29.3789 0.475086 0.0835519 0.875964 23.682 -0.646048 -0.64275 0.411697 0.839456 0 0 0 1 
				0
				0.598869 -0.761503 -0.247931 -29.5469 0.470021 0.083554 0.878692 23.266 -0.648411 -0.642754 0.40796 1.15386 0 0 0 1 
				1
				0.60043 -0.7615 -0.244135 -29.7281 0.46445 0.0835562 0.881649 22.5564 -0.650976 -0.642757 0.403849 1.50088 0 0 0 1 
				2
				0.602069 -0.761497 -0.240074 -29.9185 0.458484 0.0835586 0.884766 21.5774 -0.653686 -0.64276 0.399443 1.87307 0 0 0 1 
				3
				0.603751 -0.761493 -0.235823 -30.1146 0.452234 0.0835612 0.887976 20.3531 -0.656482 -0.642764 0.394823 2.26301 0 0 0 1 
				4
				0.605443 -0.76149 -0.231457 -30.3127 0.445809 0.0835637 0.891219 18.9077 -0.659313 -0.642768 0.390072 2.66354 0 0 0 1 
				5
				0.607113 -0.761486 -0.227052 -30.5094 0.439321 0.0835659 0.894435 17.2649 -0.662126 -0.642772 0.385271 3.06759 0 0 0 1 
				6
				0.608732 -0.761483 -0.222686 -30.701 0.432886 0.0835687 0.897566 15.4488 -0.664871 -0.642776 0.380506 3.46794 0 0 0 1 
				7
				0.610273 -0.761479 -0.218441 -30.8839 0.426623 0.0835711 0.90056 13.4833 -0.667503 -0.642779 0.375866 3.85747 0 0 0 1 
				8
				0.61171 -0.761476 -0.214393 -31.0547 0.420647 0.0835734 0.903367 11.3921 -0.669975 -0.642782 0.371436 4.22937 0 0 0 1 
				9
				0.613023 -0.761473 -0.210622 -31.2102 0.415076 0.0835751 0.90594 9.19887 -0.672246 -0.642786 0.367303 4.57694 0 0 0 1 
				10
				0.614188 -0.76147 -0.207209 -31.3468 0.410031 0.0835772 0.908234 6.92726 -0.674275 -0.642789 0.363558 4.89337 0 0 0 1 
				11
				0.615186 -0.761468 -0.204237 -31.4613 0.405634 0.0835786 0.910207 4.60098 -0.676023 -0.642792 0.360294 5.1719 0 0 0 1 
				12
				0.615997 -0.761466 -0.201785 -31.5504 0.402005 0.08358 0.911815 2.24347 -0.677451 -0.642794 0.357598 5.40606 0 0 0 1 
				13
				0.616602 -0.761464 -0.199933 -31.6109 0.399263 0.0835806 0.913019 -0.121786 -0.678521 -0.642795 0.355561 5.5894 0 0 0 1 
				14
				0.616982 -0.761464 -0.198763 -31.6394 0.39753 0.0835814 0.913775 -2.47113 -0.679194 -0.642797 0.354273 5.71523 0 0 0 1 
				15
				0.617113 -0.761463 -0.198357 -31.6326 0.396928 0.0835813 0.914037 -4.78093 -0.679426 -0.642797 0.353825 5.77677 0 0 0 1 
				16
				0.616982 -0.761464 -0.198763 -31.5885 0.39753 0.0835815 0.913775 -7.02959 -0.679194 -0.642797 0.354273 5.76967 0 0 0 1 
				17
				0.616602 -0.761464 -0.199933 -31.5094 0.399263 0.0835807 0.913019 -9.20302 -0.678521 -0.642795 0.355561 5.69785 0 0 0 1 
				18
				0.615997 -0.761466 -0.201785 -31.3991 0.402005 0.08358 0.911815 -11.2893 -0.677451 -0.642794 0.357598 5.56768 0 0 0 1 
				19
				0.615186 -0.761468 -0.204237 -31.2615 0.405634 0.0835786 0.910206 -13.2764 -0.676023 -0.642792 0.360294 5.38539 0 0 0 1 
				20
				0.614188 -0.76147 -0.207209 -31.1001 0.410031 0.0835771 0.908234 -15.1522 -0.674275 -0.642789 0.363558 5.15705 0 0 0 1 
				21
				0.613023 -0.761473 -0.210622 -30.9184 0.415076 0.0835752 0.90594 -16.9045 -0.672246 -0.642786 0.367303 4.88868 0 0 0 1 
				22
				0.61171 -0.761476 -0.214393 -30.7204 0.420647 0.0835733 0.903366 -18.5213 -0.669975 -0.642782 0.371436 4.5866 0 0 0 1 
				23
				0.610273 -0.761479 -0.218441 -30.5097 0.426624 0.0835711 0.90056 -19.9907 -0.667502 -0.642779 0.375866 4.25722 0 0 0 1 
				24
				0.608732 -0.761483 -0.222687 -30.2902 0.432887 0.0835686 0.897567 -21.3006 -0.664872 -0.642776 0.380507 3.90681 0 0 0 1 
				25
				0.607113 -0.761486 -0.227052 -30.0656 0.439321 0.0835662 0.894435 -22.4391 -0.662126 -0.642772 0.385271 3.54175 0 0 0 1 
				26
				0.605443 -0.76149 -0.231457 -29.8399 0.445809 0.0835637 0.891219 -23.3943 -0.659313 -0.642768 0.390072 3.16872 0 0 0 1 
				27
				0.603751 -0.761493 -0.235823 -29.6171 0.452234 0.0835613 0.887976 -24.1546 -0.656482 -0.642764 0.394823 2.79453 0 0 0 1 
				28
				0.602069 -0.761497 -0.240074 -29.4012 0.458484 0.0835588 0.884766 -24.7082 -0.653686 -0.64276 0.399442 2.42583 0 0 0 1 
				29
				0.60043 -0.7615 -0.244136 -29.196 0.464451 0.083556 0.881649 -25.0433 -0.650976 -0.642757 0.403849 2.06933 0 0 0 1 
				30
				0.598869 -0.761503 -0.247931 -29.0058 0.470021 0.0835541 0.878692 -25.1484 -0.648411 -0.642754 0.407961 1.73203 0 0 0 1 
				31
				0.597424 -0.761506 -0.251383 -28.8346 0.475086 0.0835519 0.875964 -25.0119 -0.646048 -0.64275 0.411697 1.42097 0 0 0 1 
		</Joint>
			13
		</Joint>
			14
		</Joint>
			15
		</Joint>
			16
		</Joint>
			17
		</Joint>
			18
		</Joint>
			19
		</Joint>
			20
		</Joint>
			21
		</Joint>
			22
		</Joint>
			23
		</Joint>
			24
		</Joint>
		</animation>
</animations>
</itpanim>