<?xml version='1.0' encoding='UTF-8' ?>
<itpanim>
	<skeleton count>
		25
			0 -1
			1 -0 0 0 0 1 0 0 -0 -0 1 -0 0 0 0 1 
			1 0
			1 -0 0 0 0 1 0 0 -0 -0 1 -0 0 0 0 1 
			2 1
			1 -0 0 0 0 1 0 0 -0 -0 1 -0 0 0 0 1 
			3 2
			1 -0 0 0 0 1 0 0 -0 -0 1 -0 0 0 0 1 
			4 3
			1 -0 0 0 0 1 0 0 -0 -0 1 -0 0 0 0 1 
			5 4
			1 -0 0 0 0 1 0 0 -0 -0 1 -0 0 0 0 1 
			6 5
			1 -0 0 0 0 1 0 0 -0 -0 1 -0 0 0 0 1 
			7 6
			1 -0 0 0 0 1 0 0 -0 -0 1 -0 0 0 0 1 
			8 7
			1 -0 0 0 0 1 0 0 -0 -0 1 -0 0 0 0 1 
			9 4
			1 -0 0 0 0 1 0 0 -0 -0 1 -0 0 0 0 1 
			10 9
			1 -0 0 0 0 1 0 0 -0 -0 1 -0 0 0 0 1 
			11 10
			1 -0 0 0 0 1 0 0 -0 -0 1 -0 0 0 0 1 
			12 11
			1 -2.30218e-08 -7.1974e-08 0.938822 2.30218e-08 1 -4.3237e-08 -2.84634e-05 7.1974e-08 4.3237e-08 1 -14.3453 0 0 0 1 
			13 4
			1 -0 0 0 0 1 0 0 -0 -0 1 -0 0 0 0 1 
			14 13
			1 -0 0 0 0 1 0 0 -0 -0 1 -0 0 0 0 1 
			15 2
			1 -0 0 0 0 1 0 0 -0 -0 1 -0 0 0 0 1 
			16 15
			1 -0 0 0 0 1 0 0 -0 -0 1 -0 0 0 0 1 
			17 16
			1 -0 0 0 0 1 0 0 -0 -0 1 -0 0 0 0 1 
			18 17
			1 -0 0 0 0 1 0 0 -0 -0 1 -0 0 0 0 1 
			19 18
			1 -0 0 0 0 1 0 0 -0 -0 1 -0 0 0 0 1 
			20 2
			1 -0 0 0 0 1 0 0 -0 -0 1 -0 0 0 0 1 
			21 20
			1 -0 0 0 0 1 0 0 -0 -0 1 -0 0 0 0 1 
			22 21
			1 -0 0 0 0 1 0 0 -0 -0 1 -0 0 0 0 1 
			23 22
			1 -0 0 0 0 1 0 0 -0 -0 1 -0 0 0 0 1 
			24 23
			1 -0 0 0 0 1 0 0 -0 -0 1 -0 0 0 0 1 
	</skeleton>
		<animations>
			33
			0
		</Joint>
			1
		</Joint>
			2
		</Joint>
			3
		</Joint>
			4
		</Joint>
			5
		</Joint>
			6
		</Joint>
			7
		</Joint>
			8
		</Joint>
			9
		</Joint>
			10
		</Joint>
			11
		</Joint>
			12
				-1
				0.597424 -0.761506 -0.251383 -26.924 0.475086 0.0835517 0.875964 23.6821 -0.646048 -0.64275 0.411697 9.12466 0 0 0 1 
				0
				0.598869 -0.761503 -0.247931 -27.0936 0.470021 0.0835538 0.878692 23.4058 -0.648411 -0.642754 0.40796 9.43739 0 0 0 1 
				1
				0.600429 -0.7615 -0.244135 -27.2793 0.46445 0.0835561 0.881649 23.1035 -0.650976 -0.642756 0.403849 9.77955 0 0 0 1 
				2
				0.602069 -0.761497 -0.240074 -27.4771 0.458484 0.0835584 0.884766 22.7816 -0.653686 -0.64276 0.399442 10.1439 0 0 0 1 
				3
				0.603751 -0.761493 -0.235823 -27.6831 0.452234 0.0835611 0.887976 22.4462 -0.656483 -0.642764 0.394823 10.5232 0 0 0 1 
				4
				0.605443 -0.76149 -0.231457 -27.8936 0.445809 0.0835635 0.891219 22.1037 -0.659313 -0.642768 0.390072 10.9106 0 0 0 1 
				5
				0.607113 -0.761486 -0.227052 -28.1047 0.439321 0.0835658 0.894435 21.7599 -0.662126 -0.642772 0.385271 11.2991 0 0 0 1 
				6
				0.608732 -0.761483 -0.222686 -28.3128 0.432886 0.0835686 0.897566 21.4211 -0.664872 -0.642776 0.380506 11.6818 0 0 0 1 
				7
				0.610272 -0.76148 -0.218441 -28.5141 0.426623 0.0835709 0.90056 21.0933 -0.667503 -0.642779 0.375866 12.0518 0 0 0 1 
				8
				0.61171 -0.761477 -0.214393 -28.7048 0.420647 0.0835732 0.903367 20.7824 -0.669975 -0.642782 0.371436 12.4024 0 0 0 1 
				9
				0.613023 -0.761473 -0.210622 -28.8816 0.415076 0.0835749 0.90594 20.4942 -0.672246 -0.642786 0.367303 12.7273 0 0 0 1 
				10
				0.614188 -0.76147 -0.207209 -29.0407 0.410031 0.083577 0.908234 20.2345 -0.674276 -0.642789 0.363558 13.0197 0 0 0 1 
				11
				0.615186 -0.761468 -0.204237 -29.1787 0.405634 0.0835784 0.910207 20.0093 -0.676024 -0.642792 0.360294 13.2731 0 0 0 1 
				12
				0.615997 -0.761466 -0.201785 -29.292 0.402005 0.0835798 0.911815 19.8241 -0.677451 -0.642794 0.357598 13.4813 0 0 0 1 
				13
				0.616602 -0.761465 -0.199933 -29.3774 0.399263 0.0835804 0.913019 19.6846 -0.678521 -0.642795 0.355561 13.6381 0 0 0 1 
				14
				0.616982 -0.761464 -0.198763 -29.4312 0.39753 0.0835813 0.913775 19.5966 -0.679194 -0.642797 0.354273 13.7369 0 0 0 1 
				15
				0.617113 -0.761463 -0.198357 -29.4499 0.396928 0.0835811 0.914037 19.5661 -0.679427 -0.642797 0.353825 13.7712 0 0 0 1 
				16
				0.616982 -0.761464 -0.198763 -29.4312 0.39753 0.0835813 0.913775 19.5966 -0.679194 -0.642796 0.354273 13.7369 0 0 0 1 
				17
				0.616602 -0.761464 -0.199933 -29.3774 0.399263 0.0835805 0.913019 19.6846 -0.678521 -0.642795 0.355561 13.6381 0 0 0 1 
				18
				0.615997 -0.761466 -0.201785 -29.292 0.402005 0.0835798 0.911815 19.8241 -0.677451 -0.642794 0.357598 13.4813 0 0 0 1 
				19
				0.615186 -0.761468 -0.204237 -29.1787 0.405634 0.0835784 0.910207 20.0093 -0.676024 -0.642792 0.360294 13.2731 0 0 0 1 
				20
				0.614188 -0.761471 -0.207209 -29.0407 0.410031 0.0835769 0.908234 20.2345 -0.674276 -0.642789 0.363558 13.0197 0 0 0 1 
				21
				0.613023 -0.761473 -0.210622 -28.8816 0.415076 0.083575 0.90594 20.4942 -0.672246 -0.642786 0.367303 12.7273 0 0 0 1 
				22
				0.61171 -0.761476 -0.214393 -28.7048 0.420647 0.0835731 0.903367 20.7824 -0.669975 -0.642782 0.371435 12.4024 0 0 0 1 
				23
				0.610272 -0.76148 -0.218441 -28.5141 0.426623 0.0835709 0.90056 21.0933 -0.667503 -0.642779 0.375866 12.0518 0 0 0 1 
				24
				0.608732 -0.761483 -0.222687 -28.3128 0.432887 0.0835684 0.897567 21.4211 -0.664872 -0.642775 0.380506 11.6818 0 0 0 1 
				25
				0.607113 -0.761486 -0.227052 -28.1047 0.439321 0.083566 0.894435 21.7599 -0.662126 -0.642772 0.385271 11.2991 0 0 0 1 
				26
				0.605443 -0.76149 -0.231457 -27.8936 0.445809 0.0835635 0.891219 22.1037 -0.659313 -0.642768 0.390072 10.9106 0 0 0 1 
				27
				0.603751 -0.761494 -0.235823 -27.6831 0.452234 0.0835611 0.887976 22.4462 -0.656483 -0.642764 0.394823 10.5232 0 0 0 1 
				28
				0.602069 -0.761497 -0.240074 -27.4771 0.458484 0.0835586 0.884766 22.7816 -0.653686 -0.64276 0.399442 10.1439 0 0 0 1 
				29
				0.600429 -0.7615 -0.244136 -27.2793 0.46445 0.0835558 0.881649 23.1035 -0.650976 -0.642757 0.403849 9.77955 0 0 0 1 
				30
				0.598869 -0.761503 -0.247931 -27.0936 0.470021 0.0835539 0.878692 23.4058 -0.648411 -0.642754 0.407961 9.43739 0 0 0 1 
				31
				0.597424 -0.761506 -0.251383 -26.924 0.475086 0.0835517 0.875964 23.6821 -0.646048 -0.64275 0.411697 9.12466 0 0 0 1 
		</Joint>
			13
		</Joint>
			14
		</Joint>
			15
		</Joint>
			16
		</Joint>
			17
		</Joint>
			18
		</Joint>
			19
		</Joint>
			20
		</Joint>
			21
		</Joint>
			22
		</Joint>
			23
		</Joint>
			24
		</Joint>
		</animation>
</animations>
</itpanim>