<?xml version='1.0' encoding='UTF-8' ?>
<itpanim>
	<skeleton count>
		25
			0 -1
			1 -0 0 0 0 1 0 0 -0 -0 1 -0 0 0 0 1 
			1 0
			1 -0 0 0 0 1 0 0 -0 -0 1 -0 0 0 0 1 
			2 1
			1 -0 0 0 0 1 0 0 -0 -0 1 -0 0 0 0 1 
			3 2
			1 -0 0 0 0 1 0 0 -0 -0 1 -0 0 0 0 1 
			4 3
			1 -0 0 0 0 1 0 0 -0 -0 1 -0 0 0 0 1 
			5 4
			1 -0 0 0 0 1 0 0 -0 -0 1 -0 0 0 0 1 
			6 5
			1 -0 0 0 0 1 0 0 -0 -0 1 -0 0 0 0 1 
			7 6
			1 -0 0 0 0 1 0 0 -0 -0 1 -0 0 0 0 1 
			8 7
			1 -0 0 0 0 1 0 0 -0 -0 1 -0 0 0 0 1 
			9 4
			1 -0 0 0 0 1 0 0 -0 -0 1 -0 0 0 0 1 
			10 9
			1 -0 0 0 0 1 0 0 -0 -0 1 -0 0 0 0 1 
			11 10
			1 -0 0 0 0 1 0 0 -0 -0 1 -0 0 0 0 1 
			12 11
			-0.994845 -0.0912216 0.0442967 4.79519 0.0434925 0.0107861 0.998995 7.40614e-06 -0.0916078 0.995772 -0.00676301 -0.984697 0 0 0 1 
			13 4
			1 -0 0 0 0 1 0 0 -0 -0 1 -0 0 0 0 1 
			14 13
			1 -0 0 0 0 1 0 0 -0 -0 1 -0 0 0 0 1 
			15 2
			1 -0 0 0 0 1 0 0 -0 -0 1 -0 0 0 0 1 
			16 15
			1 -0 0 0 0 1 0 0 -0 -0 1 -0 0 0 0 1 
			17 16
			1 -0 0 0 0 1 0 0 -0 -0 1 -0 0 0 0 1 
			18 17
			1 -0 0 0 0 1 0 0 -0 -0 1 -0 0 0 0 1 
			19 18
			1 -0 0 0 0 1 0 0 -0 -0 1 -0 0 0 0 1 
			20 2
			1 -0 0 0 0 1 0 0 -0 -0 1 -0 0 0 0 1 
			21 20
			1 -0 0 0 0 1 0 0 -0 -0 1 -0 0 0 0 1 
			22 21
			1 -0 0 0 0 1 0 0 -0 -0 1 -0 0 0 0 1 
			23 22
			1 -0 0 0 0 1 0 0 -0 -0 1 -0 0 0 0 1 
			24 23
			1 -0 0 0 0 1 0 0 -0 -0 1 -0 0 0 0 1 
	</skeleton>
		<animations>
			49
			0
		</Joint>
			1
		</Joint>
			2
		</Joint>
			3
		</Joint>
			4
		</Joint>
			5
		</Joint>
			6
		</Joint>
			7
		</Joint>
			8
		</Joint>
			9
		</Joint>
			10
		</Joint>
			11
		</Joint>
			12
				-1
				-0.535497 0.820984 0.198063 30.7641 -0.697574 -0.562175 0.444241 -0.914241 0.476061 0.0997256 0.87374 21.6597 0 0 0 1 
				0
				-0.56772 0.818278 0.0900887 28.7033 -0.773286 -0.567615 0.282564 -9.9303 0.282351 0.0907529 0.955009 22.0573 0 0 0 1 
				1
				-0.55429 0.825333 -0.107643 26.1328 -0.830121 -0.538778 0.143586 -18.6219 0.0605112 0.168945 0.983766 23.0908 0 0 0 1 
				2
				-0.555848 0.814803 -0.164708 25.4683 -0.820205 -0.569808 -0.0508297 -25.5821 -0.135268 0.106841 0.985032 24.5038 0 0 0 1 
				3
				-0.496435 0.820602 -0.283135 23.9823 -0.788358 -0.562725 -0.24866 -29.0213 -0.363379 0.0997684 0.926284 22.9773 0 0 0 1 
				4
				-0.408257 0.825742 -0.3892 22.4184 -0.675752 -0.560017 -0.479313 -28.6514 -0.613747 0.0673197 0.786628 17.2692 0 0 0 1 
				5
				-0.266167 0.830316 -0.489623 21.3433 -0.452337 -0.556136 -0.697212 -24.6017 -0.851203 0.0359002 0.523608 8.28547 0 0 0 1 
				6
				-0.0857968 0.839489 -0.536561 21.4816 -0.1409 -0.543358 -0.827593 -16.7175 -0.986299 0.00459682 0.164903 -2.00555 0 0 0 1 
				7
				0.0917331 0.856675 -0.507635 23.0028 0.188885 -0.515499 -0.835813 -5.87716 -0.977705 -0.0192131 -0.209102 -11.2704 0 0 0 1 
				8
				0.22405 0.881413 -0.415828 25.4524 0.463293 -0.471708 -0.750234 5.90166 -0.857415 -0.0245603 -0.514039 -17.9005 0 0 0 1 
				9
				0.290834 0.909445 -0.297196 28.0518 0.642892 -0.415806 -0.64327 16.0035 -0.708594 -0.00398009 -0.705605 -21.72 0 0 0 1 
				10
				0.299691 0.934855 -0.190343 30.1102 0.723331 -0.352744 -0.593603 21.8372 -0.622076 0.0402164 -0.781924 -23.8406 0 0 0 1 
				11
				0.274018 0.953771 -0.12343 31.2521 0.699296 -0.285705 -0.655254 20.9612 -0.660227 0.0932372 -0.745257 -25.6546 0 0 0 1 
				12
				0.154482 0.982695 -0.102211 30.3523 0.243802 -0.138169 -0.959932 -2.47194 -0.957443 0.123373 -0.260927 -25.6933 0 0 0 1 
				13
				0.022296 0.999312 0.0296335 29.6817 -0.764223 0.0361461 -0.643939 -46.1953 -0.644567 -0.00828932 0.764503 -2.11959 0 0 0 1 
				14
				0.118775 0.972196 0.201809 33.8888 -0.86459 0.00132469 0.502477 -65.6011 0.488239 -0.234164 0.840708 42.5494 0 0 0 1 
				15
				0.298999 0.930809 0.210224 39.419 -0.199457 -0.154475 0.967654 -59.575 0.933176 -0.331258 0.139468 67.1597 0 0 0 1 
				16
				0.374574 0.908622 0.184662 41.9055 0.148894 -0.255523 0.955269 -54.2775 0.915164 -0.330324 -0.231001 73.2654 0 0 0 1 
				17
				0.379332 0.902379 0.2045 42.3164 0.256672 -0.31497 0.913736 -52.0107 0.888947 -0.294119 -0.351094 74.646 0 0 0 1 
				18
				0.34577 0.903595 0.252901 41.6713 0.250842 -0.348731 0.903031 -51.1945 0.904169 -0.248802 -0.347241 74.4625 0 0 0 1 
				19
				0.307169 0.903801 0.297979 41.0019 0.241752 -0.376952 0.894127 -50.2065 0.920437 -0.202611 -0.334283 73.7816 0 0 0 1 
				20
				0.264418 0.903 0.338636 40.3038 0.235022 -0.400882 0.885472 -49.1369 0.935333 -0.154548 -0.318225 72.9312 0 0 0 1 
				21
				0.196158 0.903728 0.380523 39.0403 0.180661 -0.414727 0.891831 -48.4613 0.963786 -0.106194 -0.244621 71.4726 0 0 0 1 
				22
				0.113202 0.903659 0.41302 37.5634 0.0958578 -0.423686 0.900723 -47.4555 0.988937 -0.0623728 -0.134585 68.919 0 0 0 1 
				23
				0.0301048 0.90107 0.432626 36.2783 -0.000499596 -0.432809 0.901486 -45.3806 0.999547 -0.0273552 -0.0125794 64.8807 0 0 0 1 
				24
				-0.0490679 0.896146 0.441038 35.2464 -0.0995564 -0.44376 0.890599 -42.1547 0.993821 -0.000208342 0.110991 59.7268 0 0 0 1 
				25
				-0.129306 0.889768 0.437713 34.2694 -0.203186 -0.455828 0.866566 -38.154 0.970564 0.0231146 0.23973 54.0956 0 0 0 1 
				26
				-0.208538 0.881774 0.423068 33.3801 -0.30705 -0.469736 0.827689 -33.3741 0.928564 0.0427017 0.368707 48.1903 0 0 0 1 
				27
				-0.284685 0.871964 0.398288 32.6174 -0.407113 -0.486123 0.773268 -27.8711 0.867878 0.0579894 0.49338 42.2291 0 0 0 1 
				28
				-0.357259 0.860872 0.362307 31.9511 -0.500389 -0.503953 0.704019 -21.7593 0.788655 0.070223 0.610812 36.4199 0 0 0 1 
				29
				-0.424102 0.848816 0.315671 31.4059 -0.580038 -0.522288 0.625116 -15.0606 0.69548 0.0820119 0.71385 30.9509 0 0 0 1 
				30
				-0.483746 0.835365 0.261067 31.0187 -0.646478 -0.542128 0.536808 -8.05542 0.589962 0.0909045 0.802297 25.9917 0 0 0 1 
				31
				-0.535497 0.820984 0.198063 30.7641 -0.697574 -0.562175 0.444241 -0.91424 0.476061 0.0997256 0.87374 21.6597 0 0 0 1 
				32
				-0.535497 0.820984 0.198063 30.7641 -0.697574 -0.562175 0.444241 -0.91424 0.476061 0.0997256 0.87374 21.6597 0 0 0 1 
				33
				-0.535497 0.820984 0.198063 30.7641 -0.697574 -0.562175 0.444241 -0.91424 0.476061 0.0997256 0.87374 21.6597 0 0 0 1 
				34
				-0.535497 0.820984 0.198063 30.7641 -0.697574 -0.562175 0.444241 -0.91424 0.476061 0.0997256 0.87374 21.6597 0 0 0 1 
				35
				-0.535497 0.820984 0.198063 30.7641 -0.697574 -0.562175 0.444241 -0.91424 0.476061 0.0997256 0.87374 21.6597 0 0 0 1 
				36
				-0.535497 0.820984 0.198063 30.7641 -0.697574 -0.562175 0.444241 -0.91424 0.476061 0.0997256 0.87374 21.6597 0 0 0 1 
				37
				-0.535497 0.820984 0.198063 30.7641 -0.697574 -0.562175 0.444241 -0.91424 0.476061 0.0997256 0.87374 21.6597 0 0 0 1 
				38
				-0.535497 0.820984 0.198063 30.7641 -0.697574 -0.562175 0.444241 -0.91424 0.476061 0.0997256 0.87374 21.6597 0 0 0 1 
				39
				-0.535497 0.820984 0.198063 30.7641 -0.697574 -0.562175 0.444241 -0.91424 0.476061 0.0997256 0.87374 21.6597 0 0 0 1 
				40
				-0.535497 0.820984 0.198063 30.7641 -0.697574 -0.562175 0.444241 -0.91424 0.476061 0.0997256 0.87374 21.6597 0 0 0 1 
				41
				-0.535497 0.820984 0.198063 30.7641 -0.697574 -0.562175 0.444241 -0.91424 0.476061 0.0997256 0.87374 21.6597 0 0 0 1 
				42
				-0.535497 0.820984 0.198063 30.7641 -0.697574 -0.562175 0.444241 -0.91424 0.476061 0.0997256 0.87374 21.6597 0 0 0 1 
				43
				-0.535497 0.820984 0.198063 30.7641 -0.697574 -0.562175 0.444241 -0.91424 0.476061 0.0997256 0.87374 21.6597 0 0 0 1 
				44
				-0.535497 0.820984 0.198063 30.7641 -0.697574 -0.562175 0.444241 -0.91424 0.476061 0.0997256 0.87374 21.6597 0 0 0 1 
				45
				-0.535497 0.820984 0.198063 30.7641 -0.697574 -0.562175 0.444241 -0.91424 0.476061 0.0997256 0.87374 21.6597 0 0 0 1 
				46
				-0.535497 0.820984 0.198063 30.7641 -0.697574 -0.562175 0.444241 -0.91424 0.476061 0.0997256 0.87374 21.6597 0 0 0 1 
				47
				-0.535497 0.820984 0.198063 30.7641 -0.697574 -0.562175 0.444241 -0.91424 0.476061 0.0997256 0.87374 21.6597 0 0 0 1 
		</Joint>
			13
		</Joint>
			14
		</Joint>
			15
		</Joint>
			16
		</Joint>
			17
		</Joint>
			18
		</Joint>
			19
		</Joint>
			20
		</Joint>
			21
		</Joint>
			22
		</Joint>
			23
		</Joint>
			24
		</Joint>
		</animation>
</animations>
</itpanim>