<?xml version='1.0' encoding='UTF-8' ?>
<itpanim>
	<skeleton count>
		25
			0 -1
			1 -0 0 0 0 1 0 0 -0 -0 1 -0 0 0 0 1 
			1 0
			1 -0 0 0 0 1 0 0 -0 -0 1 -0 0 0 0 1 
			2 1
			1 -0 0 0 0 1 0 0 -0 -0 1 -0 0 0 0 1 
			3 2
			1 -0 0 0 0 1 0 0 -0 -0 1 -0 0 0 0 1 
			4 3
			1 -0 0 0 0 1 0 0 -0 -0 1 -0 0 0 0 1 
			5 4
			1 -0 0 0 0 1 0 0 -0 -0 1 -0 0 0 0 1 
			6 5
			1 -0 0 0 0 1 0 0 -0 -0 1 -0 0 0 0 1 
			7 6
			1 -0 0 0 0 1 0 0 -0 -0 1 -0 0 0 0 1 
			8 7
			1 -0 0 0 0 1 0 0 -0 -0 1 -0 0 0 0 1 
			9 4
			1 -0 0 0 0 1 0 0 -0 -0 1 -0 0 0 0 1 
			10 9
			1 -0 0 0 0 1 0 0 -0 -0 1 -0 0 0 0 1 
			11 10
			1 -0 0 0 0 1 0 0 -0 -0 1 -0 0 0 0 1 
			12 11
			1 1.03763e-07 -1.94857e-07 3.53979 -1.03763e-07 1 -1.0246e-07 -1.97809e-05 1.94857e-07 1.0246e-07 1 11.6109 0 0 0 1 
			13 4
			1 -0 0 0 0 1 0 0 -0 -0 1 -0 0 0 0 1 
			14 13
			1 -0 0 0 0 1 0 0 -0 -0 1 -0 0 0 0 1 
			15 2
			1 -0 0 0 0 1 0 0 -0 -0 1 -0 0 0 0 1 
			16 15
			1 -0 0 0 0 1 0 0 -0 -0 1 -0 0 0 0 1 
			17 16
			1 -0 0 0 0 1 0 0 -0 -0 1 -0 0 0 0 1 
			18 17
			1 -0 0 0 0 1 0 0 -0 -0 1 -0 0 0 0 1 
			19 18
			1 -0 0 0 0 1 0 0 -0 -0 1 -0 0 0 0 1 
			20 2
			1 -0 0 0 0 1 0 0 -0 -0 1 -0 0 0 0 1 
			21 20
			1 -0 0 0 0 1 0 0 -0 -0 1 -0 0 0 0 1 
			22 21
			1 -0 0 0 0 1 0 0 -0 -0 1 -0 0 0 0 1 
			23 22
			1 -0 0 0 0 1 0 0 -0 -0 1 -0 0 0 0 1 
			24 23
			1 -0 0 0 0 1 0 0 -0 -0 1 -0 0 0 0 1 
	</skeleton>
		<animations>
			49
			0
		</Joint>
			1
		</Joint>
			2
		</Joint>
			3
		</Joint>
			4
		</Joint>
			5
		</Joint>
			6
		</Joint>
			7
		</Joint>
			8
		</Joint>
			9
		</Joint>
			10
		</Joint>
			11
		</Joint>
			12
				-1
				0.617458 -0.761052 -0.198863 -28.3072 0.444768 0.129268 0.886268 22.9661 -0.648789 -0.635681 0.418309 -16.4707 0 0 0 1 
				0
				0.647841 -0.758261 -0.0730965 -25.417 0.249035 0.120128 0.961016 23.1764 -0.719919 -0.640789 0.266658 -25.2625 0 0 0 1 
				1
				0.629838 -0.764447 0.137567 -22.0212 0.0273892 0.198859 0.979645 24.0033 -0.776243 -0.61325 0.146187 -33.6889 0 0 0 1 
				2
				0.621811 -0.753891 0.212129 -20.6626 -0.168154 0.136025 0.97633 25.3109 -0.764902 -0.642763 -0.0421882 -40.5683 0 0 0 1 
				3
				0.549694 -0.760619 0.34539 -18.9381 -0.393108 0.129288 0.910357 23.6842 -0.73709 -0.636194 -0.227937 -43.8466 0 0 0 1 
				4
				0.440609 -0.767418 0.465762 -17.6689 -0.638175 0.097125 0.763741 17.9178 -0.631345 -0.633749 -0.446953 -43.2964 0 0 0 1 
				5
				0.268352 -0.773714 0.573894 -17.3667 -0.866803 0.0659781 0.494267 8.94009 -0.420285 -0.630091 -0.652952 -39.1045 0 0 0 1 
				6
				0.0545179 -0.785392 0.616594 -18.6793 -0.99056 0.0352428 0.132474 -1.24955 -0.125774 -0.617995 -0.776056 -31.1967 0 0 0 1 
				7
				-0.1518 -0.806086 0.571999 -21.5919 -0.970696 0.0125049 -0.239985 -10.322 0.186296 -0.591667 -0.784362 -20.4789 0 0 0 1 
				8
				-0.303138 -0.834927 0.459352 -25.3971 -0.841813 0.00871117 -0.5397 -16.7118 0.446609 -0.550292 -0.705493 -8.92945 0 0 0 1 
				9
				-0.379369 -0.867002 0.323088 -29.0737 -0.688299 0.0310929 -0.724761 -20.3055 0.618323 -0.497333 -0.608553 0.91742 0 0 0 1 
				10
				-0.391685 -0.896077 0.208875 -31.7477 -0.600614 0.0770303 -0.79582 -22.2715 0.697026 -0.437164 -0.568368 6.55224 0 0 0 1 
				11
				-0.365642 -0.918662 0.149554 -32.8841 -0.640103 0.131544 -0.756944 -24.0435 0.675703 -0.372501 -0.636136 5.5876 0 0 0 1 
				12
				-0.218337 -0.95956 0.177692 -29.8531 -0.947133 0.164498 -0.275465 -24.374 0.235095 -0.228442 -0.944746 -17.6638 0 0 0 1 
				13
				0.0189803 -0.997825 0.0631253 -24.1531 -0.651193 0.0355715 0.758078 -1.32478 -0.758675 -0.0554953 -0.649101 -61.3004 0 0 0 1 
				14
				-0.0176667 -0.977678 -0.209364 -24.5897 0.483588 -0.191631 0.854061 43.273 -0.875117 -0.0861576 0.476179 -81.3116 0 0 0 1 
				15
				-0.237926 -0.926593 -0.291233 -29.5509 0.943091 -0.292108 0.158909 68.1641 -0.232315 -0.23685 0.943362 -75.984 0 0 0 1 
				16
				-0.345687 -0.895261 -0.281084 -32.2374 0.932142 -0.29323 -0.212434 74.429 0.107761 -0.335446 0.935876 -70.9779 0 0 0 1 
				17
				-0.361413 -0.882023 -0.30235 -32.7918 0.907321 -0.257975 -0.331991 75.8505 0.214826 -0.394314 0.893513 -68.7677 0 0 0 1 
				18
				-0.326818 -0.878147 -0.349355 -32.2326 0.921005 -0.213014 -0.326152 75.6479 0.211992 -0.42835 0.878394 -67.8947 0 0 0 1 
				19
				-0.286866 -0.873731 -0.392814 -31.6869 0.935479 -0.167165 -0.311344 74.9493 0.206366 -0.456783 0.865311 -66.8449 0 0 0 1 
				20
				-0.243062 -0.868622 -0.431761 -31.1277 0.948429 -0.119443 -0.293627 74.0809 0.20348 -0.480864 0.852858 -65.7101 0 0 0 1 
				21
				-0.168934 -0.865941 -0.470752 -29.997 0.973298 -0.0712551 -0.218206 72.576 0.15541 -0.495044 0.854857 -64.9118 0 0 0 1 
				22
				-0.0775565 -0.863115 -0.499017 -28.7325 0.993901 -0.0275778 -0.106771 69.9716 0.0783941 -0.504254 0.85999 -63.7576 0 0 0 1 
				23
				0.0143725 -0.85816 -0.513181 -27.8222 0.999846 0.00719383 0.0159727 65.9039 -0.0100154 -0.513332 0.858132 -61.5465 0 0 0 1 
				24
				0.10192 -0.851055 -0.51509 -27.3182 0.989615 0.033981 0.139668 60.7451 -0.101362 -0.523976 0.84568 -58.2048 0 0 0 1 
				25
				0.190167 -0.842576 -0.503887 -26.9607 0.961774 0.0568729 0.267873 55.1202 -0.197046 -0.535566 0.821183 -54.0935 0 0 0 1 
				26
				0.276605 -0.832487 -0.480058 -26.7736 0.91525 0.0759426 0.395664 49.2337 -0.292928 -0.548816 0.78294 -49.2124 0 0 0 1 
				27
				0.358799 -0.820556 -0.444918 -26.7808 0.850234 0.0906116 0.518548 43.3047 -0.385183 -0.564339 0.730175 -43.6224 0 0 0 1 
				28
				0.435998 -0.807352 -0.397604 -26.9328 0.766928 0.102158 0.63355 37.5382 -0.470879 -0.58116 0.663721 -37.4362 0 0 0 1 
				29
				0.505635 -0.793164 -0.339446 -27.2437 0.67008 0.113213 0.733604 32.1233 -0.543439 -0.598392 0.588728 -30.6789 0 0 0 1 
				30
				0.566358 -0.777578 -0.273151 -27.7173 0.561357 0.121298 0.818636 27.2278 -0.60342 -0.616976 0.505197 -23.6343 0 0 0 1 
				31
				0.617458 -0.761052 -0.198863 -28.3072 0.444768 0.129268 0.886268 22.9661 -0.648789 -0.635681 0.418309 -16.4707 0 0 0 1 
				32
				0.617458 -0.761052 -0.198863 -28.3072 0.444768 0.129268 0.886268 22.9661 -0.648789 -0.635681 0.418309 -16.4707 0 0 0 1 
				33
				0.617458 -0.761052 -0.198863 -28.3072 0.444768 0.129268 0.886268 22.9661 -0.648789 -0.635681 0.418309 -16.4707 0 0 0 1 
				34
				0.617458 -0.761052 -0.198863 -28.3072 0.444768 0.129268 0.886268 22.9661 -0.648789 -0.635681 0.418309 -16.4707 0 0 0 1 
				35
				0.617458 -0.761052 -0.198863 -28.3072 0.444768 0.129268 0.886268 22.9661 -0.648789 -0.635681 0.418309 -16.4707 0 0 0 1 
				36
				0.617458 -0.761052 -0.198863 -28.3072 0.444768 0.129268 0.886268 22.9661 -0.648789 -0.635681 0.418309 -16.4707 0 0 0 1 
				37
				0.617458 -0.761052 -0.198863 -28.3072 0.444768 0.129268 0.886268 22.9661 -0.648789 -0.635681 0.418309 -16.4707 0 0 0 1 
				38
				0.617458 -0.761052 -0.198863 -28.3072 0.444768 0.129268 0.886268 22.9661 -0.648789 -0.635681 0.418309 -16.4707 0 0 0 1 
				39
				0.617458 -0.761052 -0.198863 -28.3072 0.444768 0.129268 0.886268 22.9661 -0.648789 -0.635681 0.418309 -16.4707 0 0 0 1 
				40
				0.617458 -0.761052 -0.198863 -28.3072 0.444768 0.129268 0.886268 22.9661 -0.648789 -0.635681 0.418309 -16.4707 0 0 0 1 
				41
				0.617458 -0.761052 -0.198863 -28.3072 0.444768 0.129268 0.886268 22.9661 -0.648789 -0.635681 0.418309 -16.4707 0 0 0 1 
				42
				0.617458 -0.761052 -0.198863 -28.3072 0.444768 0.129268 0.886268 22.9661 -0.648789 -0.635681 0.418309 -16.4707 0 0 0 1 
				43
				0.617458 -0.761052 -0.198863 -28.3072 0.444768 0.129268 0.886268 22.9661 -0.648789 -0.635681 0.418309 -16.4707 0 0 0 1 
				44
				0.617458 -0.761052 -0.198863 -28.3072 0.444768 0.129268 0.886268 22.9661 -0.648789 -0.635681 0.418309 -16.4707 0 0 0 1 
				45
				0.617458 -0.761052 -0.198863 -28.3072 0.444768 0.129268 0.886268 22.9661 -0.648789 -0.635681 0.418309 -16.4707 0 0 0 1 
				46
				0.617458 -0.761052 -0.198863 -28.3072 0.444768 0.129268 0.886268 22.9661 -0.648789 -0.635681 0.418309 -16.4707 0 0 0 1 
				47
				0.617458 -0.761052 -0.198863 -28.3072 0.444768 0.129268 0.886268 22.9661 -0.648789 -0.635681 0.418309 -16.4707 0 0 0 1 
		</Joint>
			13
		</Joint>
			14
		</Joint>
			15
		</Joint>
			16
		</Joint>
			17
		</Joint>
			18
		</Joint>
			19
		</Joint>
			20
		</Joint>
			21
		</Joint>
			22
		</Joint>
			23
		</Joint>
			24
		</Joint>
		</animation>
</animations>
</itpanim>