<?xml version='1.0' encoding='UTF-8' ?>
<itpanim>
	<skeleton count>
		6
			0 -1
			7.54979e-08 1.74956e-16 1 77.70831 -1.23338e-07 -7.54979e-08 -0.108151.23338e-07 1 -9.48669e-15 3.3834e-060 0 0 1
			1 0
			1 -0 0 00 1 0 0-0 -0 1 -00 0 0 1
			2 1
			0.0172388 4.37049e-08 0.999851 47.01170.999851 -1.24073e-07 -0.0172388 -0.9187061.23301e-07 1 -4.58373e-08 -1.13294e-070 0 0 1
			3 2
			-0.0172381 4.79559e-08 0.999852 31.67870.999852 -1.22492e-07 0.0172381 0.1734181.23301e-07 1 -4.58373e-08 -1.13291e-070 0 0 1
			4 3
			4.64388e-08 -1.40246e-17 1 16.33271 -1.23301e-07 -4.64388e-08 -0.1081441.23301e-07 1 -5.71193e-15 7.00595e-070 0 0 1
			5 4
			4.64388e-08 -1.40246e-17 1 0.4596781 -1.23301e-07 -4.64388e-08 -0.1081441.23301e-07 1 -5.71193e-15 6.75895e-090 0 0 1
	</skeleton>
		<animations>
			0
				-1
				6.12323e-17 1 1.557e-07 0.108144 0 -1.557e-07 1 -3.39674e-06 1 -6.12323e-17 -9.53386e-24 -77.7083 0 0 0 1 
				0
				-0.022505 0.999747 1.55228e-07 0.108144 -3.84501e-08 -1.56132e-07 1 -3.39674e-06 0.999747 0.022505 4.19541e-08 -77.7083 0 0 0 1 
				1
				-0.0817375 0.996654 1.49462e-07 0.108144 -1.3965e-07 -1.61417e-07 1 -3.39674e-06 0.996654 0.0817375 1.52376e-07 -77.7083 0 0 0 1 
				2
				-0.164926 0.986306 1.30171e-07 0.108144 -2.81778e-07 -1.79096e-07 1 -3.39674e-06 0.986306 0.164926 3.07457e-07 -77.7083 0 0 0 1 
				3
				-0.258819 0.965926 9.21782e-08 0.108144 -4.42196e-07 -2.13916e-07 1 -3.39674e-06 0.965926 0.258819 4.82494e-07 -77.7083 0 0 0 1 
				4
				-0.350323 0.936629 3.75625e-08 0.108144 -5.98532e-07 -2.6397e-07 1 -3.39674e-06 0.936629 0.350323 6.53077e-07 -77.7083 0 0 0 1 
				5
				-0.42754 0.903996 -2.32715e-08 0.108144 -7.30458e-07 -3.19723e-07 1 -3.39674e-06 0.903996 0.42754 7.97026e-07 -77.7083 0 0 0 1 
				6
				-0.480384 0.877058 -7.34895e-08 0.108144 -8.20742e-07 -3.65747e-07 1 -3.39674e-06 0.877058 0.480384 8.95537e-07 -77.7083 0 0 0 1 
				7
				-0.5 0.866025 -9.40576e-08 0.108144 -8.54257e-07 -3.84597e-07 1 -3.39674e-06 0.866025 0.5 9.32107e-07 -77.7083 0 0 0 1 
				8
				-0.48665 0.873597 -7.99425e-08 0.108144 -8.31448e-07 -3.71661e-07 1 -3.39674e-06 0.873597 0.48665 9.07219e-07 -77.7083 0 0 0 1 
				9
				-0.449594 0.893233 -4.33367e-08 0.108144 -7.68137e-07 -3.38113e-07 1 -3.39674e-06 0.893233 0.449594 8.38139e-07 -77.7083 0 0 0 1 
				10
				-0.39303 0.919526 5.6783e-09 0.108144 -6.71497e-07 -2.93191e-07 1 -3.39674e-06 0.919526 0.39303 7.32692e-07 -77.7083 0 0 0 1 
				11
				-0.321421 0.946936 5.67779e-08 0.108144 -5.49152e-07 -2.4636e-07 1 -3.39674e-06 0.946936 0.321421 5.99197e-07 -77.7083 0 0 0 1 
				12
				-0.239993 0.970775 1.01218e-07 0.108144 -4.10031e-07 -2.05632e-07 1 -3.39674e-06 0.970775 0.239993 4.47397e-07 -77.7083 0 0 0 1 
				13
				-0.154816 0.987943 1.33224e-07 0.108144 -2.64504e-07 -1.76299e-07 1 -3.39674e-06 0.987943 0.154816 2.88609e-07 -77.7083 0 0 0 1 
				14
				-0.0725452 0.997365 1.50788e-07 0.108144 -1.23944e-07 -1.60201e-07 1 -3.39674e-06 0.997365 0.0725452 1.3524e-07 -77.7083 0 0 0 1 
				15
				6.12323e-17 1 1.557e-07 0.108144 0 -1.557e-07 1 -3.39674e-06 1 -6.12323e-17 -9.53386e-24 -77.7083 0 0 0 1 
				16
				0.072545 0.997365 1.50788e-07 0.108144 1.23944e-07 -1.60201e-07 1 -3.39674e-06 0.997365 -0.072545 -1.35239e-07 -77.7083 0 0 0 1 
				17
				0.154816 0.987943 1.33224e-07 0.108144 2.64504e-07 -1.76299e-07 1 -3.39674e-06 0.987943 -0.154816 -2.88609e-07 -77.7083 0 0 0 1 
				18
				0.239993 0.970775 1.01218e-07 0.108144 4.10031e-07 -2.05632e-07 1 -3.39674e-06 0.970775 -0.239993 -4.47397e-07 -77.7083 0 0 0 1 
				19
				0.321421 0.946936 5.67779e-08 0.108144 5.49152e-07 -2.4636e-07 1 -3.39674e-06 0.946936 -0.321421 -5.99197e-07 -77.7083 0 0 0 1 
				20
				0.39303 0.919526 5.6782e-09 0.108144 6.71497e-07 -2.93191e-07 1 -3.39674e-06 0.919526 -0.39303 -7.32692e-07 -77.7083 0 0 0 1 
				21
				0.449594 0.893233 -4.33367e-08 0.108144 7.68137e-07 -3.38113e-07 1 -3.39674e-06 0.893233 -0.449594 -8.38139e-07 -77.7083 0 0 0 1 
				22
				0.48665 0.873597 -7.99424e-08 0.108144 8.31448e-07 -3.71661e-07 1 -3.39674e-06 0.873597 -0.48665 -9.07219e-07 -77.7083 0 0 0 1 
				23
				0.5 0.866025 -9.40575e-08 0.108144 8.54257e-07 -3.84597e-07 1 -3.39674e-06 0.866025 -0.5 -9.32106e-07 -77.7083 0 0 0 1 
				24
				0.480384 0.877059 -7.34894e-08 0.108144 8.20742e-07 -3.65747e-07 1 -3.39674e-06 0.877059 -0.480384 -8.95537e-07 -77.7083 0 0 0 1 
				25
				0.42754 0.903996 -2.32715e-08 0.108144 7.30458e-07 -3.19723e-07 1 -3.39674e-06 0.903996 -0.42754 -7.97026e-07 -77.7083 0 0 0 1 
				26
				0.350323 0.936629 3.75626e-08 0.108144 5.98531e-07 -2.6397e-07 1 -3.39674e-06 0.936629 -0.350323 -6.53077e-07 -77.7083 0 0 0 1 
				27
				0.258819 0.965926 9.21782e-08 0.108144 4.42196e-07 -2.13916e-07 1 -3.39674e-06 0.965926 -0.258819 -4.82494e-07 -77.7083 0 0 0 1 
				28
				0.164926 0.986306 1.30171e-07 0.108144 2.81778e-07 -1.79096e-07 1 -3.39674e-06 0.986306 -0.164926 -3.07457e-07 -77.7083 0 0 0 1 
				29
				0.0817375 0.996654 1.49462e-07 0.108144 1.3965e-07 -1.61417e-07 1 -3.39674e-06 0.996654 -0.0817375 -1.52376e-07 -77.7083 0 0 0 1 
				30
				0.0225049 0.999747 1.55228e-07 0.108144 3.84499e-08 -1.56132e-07 1 -3.39674e-06 0.999747 -0.0225049 -4.19539e-08 -77.7083 0 0 0 1 
				31
				6.12323e-17 1 1.557e-07 0.108144 0 -1.557e-07 1 -3.39674e-06 1 -6.12323e-17 -9.53386e-24 -77.7083 0 0 0 1 
				32
				6.12323e-17 1 1.557e-07 0.108144 0 -1.557e-07 1 -3.39674e-06 1 -6.12323e-17 -9.53386e-24 -77.7083 0 0 0 1 
				33
				6.12323e-17 1 1.557e-07 0.108144 0 -1.557e-07 1 -3.39674e-06 1 -6.12323e-17 -9.53386e-24 -77.7083 0 0 0 1 
				34
				6.12323e-17 1 1.557e-07 0.108144 0 -1.557e-07 1 -3.39674e-06 1 -6.12323e-17 -9.53386e-24 -77.7083 0 0 0 1 
				35
				6.12323e-17 1 1.557e-07 0.108144 0 -1.557e-07 1 -3.39674e-06 1 -6.12323e-17 -9.53386e-24 -77.7083 0 0 0 1 
				36
				6.12323e-17 1 1.557e-07 0.108144 0 -1.557e-07 1 -3.39674e-06 1 -6.12323e-17 -9.53386e-24 -77.7083 0 0 0 1 
				37
				6.12323e-17 1 1.557e-07 0.108144 0 -1.557e-07 1 -3.39674e-06 1 -6.12323e-17 -9.53386e-24 -77.7083 0 0 0 1 
				38
				6.12323e-17 1 1.557e-07 0.108144 0 -1.557e-07 1 -3.39674e-06 1 -6.12323e-17 -9.53386e-24 -77.7083 0 0 0 1 
				39
				6.12323e-17 1 1.557e-07 0.108144 0 -1.557e-07 1 -3.39674e-06 1 -6.12323e-17 -9.53386e-24 -77.7083 0 0 0 1 
				40
				6.12323e-17 1 1.557e-07 0.108144 0 -1.557e-07 1 -3.39674e-06 1 -6.12323e-17 -9.53386e-24 -77.7083 0 0 0 1 
				41
				6.12323e-17 1 1.557e-07 0.108144 0 -1.557e-07 1 -3.39674e-06 1 -6.12323e-17 -9.53386e-24 -77.7083 0 0 0 1 
				42
				6.12323e-17 1 1.557e-07 0.108144 0 -1.557e-07 1 -3.39674e-06 1 -6.12323e-17 -9.53386e-24 -77.7083 0 0 0 1 
				43
				6.12323e-17 1 1.557e-07 0.108144 0 -1.557e-07 1 -3.39674e-06 1 -6.12323e-17 -9.53386e-24 -77.7083 0 0 0 1 
				44
				6.12323e-17 1 1.557e-07 0.108144 0 -1.557e-07 1 -3.39674e-06 1 -6.12323e-17 -9.53386e-24 -77.7083 0 0 0 1 
				45
				6.12323e-17 1 1.557e-07 0.108144 0 -1.557e-07 1 -3.39674e-06 1 -6.12323e-17 -9.53386e-24 -77.7083 0 0 0 1 
				46
				6.12323e-17 1 1.557e-07 0.108144 0 -1.557e-07 1 -3.39674e-06 1 -6.12323e-17 -9.53386e-24 -77.7083 0 0 0 1 
				47
				6.12323e-17 1 1.557e-07 0.108144 0 -1.557e-07 1 -3.39674e-06 1 -6.12323e-17 -9.53386e-24 -77.7083 0 0 0 1 
				48
				6.12323e-17 1 1.557e-07 0.108144 0 -1.557e-07 1 -3.39674e-06 1 -6.12323e-17 -9.53386e-24 -77.7083 0 0 0 1 
				49
				6.12323e-17 1 1.557e-07 0.108144 0 -1.557e-07 1 -3.39674e-06 1 -6.12323e-17 -9.53386e-24 -77.7083 0 0 0 1 
				50
				6.12323e-17 1 1.557e-07 0.108144 0 -1.557e-07 1 -3.39674e-06 1 -6.12323e-17 -9.53386e-24 -77.7083 0 0 0 1 
				51
				6.12323e-17 1 1.557e-07 0.108144 0 -1.557e-07 1 -3.39674e-06 1 -6.12323e-17 -9.53386e-24 -77.7083 0 0 0 1 
				52
				6.12323e-17 1 1.557e-07 0.108144 0 -1.557e-07 1 -3.39674e-06 1 -6.12323e-17 -9.53386e-24 -77.7083 0 0 0 1 
				53
				6.12323e-17 1 1.557e-07 0.108144 0 -1.557e-07 1 -3.39674e-06 1 -6.12323e-17 -9.53386e-24 -77.7083 0 0 0 1 
				54
				6.12323e-17 1 1.557e-07 0.108144 0 -1.557e-07 1 -3.39674e-06 1 -6.12323e-17 -9.53386e-24 -77.7083 0 0 0 1 
				55
				6.12323e-17 1 1.557e-07 0.108144 0 -1.557e-07 1 -3.39674e-06 1 -6.12323e-17 -9.53386e-24 -77.7083 0 0 0 1 
				56
				6.12323e-17 1 1.557e-07 0.108144 0 -1.557e-07 1 -3.39674e-06 1 -6.12323e-17 -9.53386e-24 -77.7083 0 0 0 1 
				57
				6.12323e-17 1 1.557e-07 0.108144 0 -1.557e-07 1 -3.39674e-06 1 -6.12323e-17 -9.53386e-24 -77.7083 0 0 0 1 
				58
				6.12323e-17 1 1.557e-07 0.108144 0 -1.557e-07 1 -3.39674e-06 1 -6.12323e-17 -9.53386e-24 -77.7083 0 0 0 1 
				59
				6.12323e-17 1 1.557e-07 0.108144 0 -1.557e-07 1 -3.39674e-06 1 -6.12323e-17 -9.53386e-24 -77.7083 0 0 0 1 
				60
				6.12323e-17 1 1.557e-07 0.108144 0 -1.557e-07 1 -3.39674e-06 1 -6.12323e-17 -9.53386e-24 -77.7083 0 0 0 1 
				61
				6.12323e-17 1 1.557e-07 0.108144 0 -1.557e-07 1 -3.39674e-06 1 -6.12323e-17 -9.53386e-24 -77.7083 0 0 0 1 
				62
				6.12323e-17 1 1.557e-07 0.108144 0 -1.557e-07 1 -3.39674e-06 1 -6.12323e-17 -9.53386e-24 -77.7083 0 0 0 1 
				63
				6.12323e-17 1 1.557e-07 0.108144 0 -1.557e-07 1 -3.39674e-06 1 -6.12323e-17 -9.53386e-24 -77.7083 0 0 0 1 
				64
				6.12323e-17 1 1.557e-07 0.108144 0 -1.557e-07 1 -3.39674e-06 1 -6.12323e-17 -9.53386e-24 -77.7083 0 0 0 1 
				65
				6.12323e-17 1 1.557e-07 0.108144 0 -1.557e-07 1 -3.39674e-06 1 -6.12323e-17 -9.53386e-24 -77.7083 0 0 0 1 
				66
				6.12323e-17 1 1.557e-07 0.108144 0 -1.557e-07 1 -3.39674e-06 1 -6.12323e-17 -9.53386e-24 -77.7083 0 0 0 1 
				67
				6.12323e-17 1 1.557e-07 0.108144 0 -1.557e-07 1 -3.39674e-06 1 -6.12323e-17 -9.53386e-24 -77.7083 0 0 0 1 
				68
				6.12323e-17 1 1.557e-07 0.108144 0 -1.557e-07 1 -3.39674e-06 1 -6.12323e-17 -9.53386e-24 -77.7083 0 0 0 1 
				69
				6.12323e-17 1 1.557e-07 0.108144 0 -1.557e-07 1 -3.39674e-06 1 -6.12323e-17 -9.53386e-24 -77.7083 0 0 0 1 
				70
				6.12323e-17 1 1.557e-07 0.108144 0 -1.557e-07 1 -3.39674e-06 1 -6.12323e-17 -9.53386e-24 -77.7083 0 0 0 1 
				71
				6.12323e-17 1 1.557e-07 0.108144 0 -1.557e-07 1 -3.39674e-06 1 -6.12323e-17 -9.53386e-24 -77.7083 0 0 0 1 
				72
				6.12323e-17 1 1.557e-07 0.108144 0 -1.557e-07 1 -3.39674e-06 1 -6.12323e-17 -9.53386e-24 -77.7083 0 0 0 1 
				73
				6.12323e-17 1 1.557e-07 0.108144 0 -1.557e-07 1 -3.39674e-06 1 -6.12323e-17 -9.53386e-24 -77.7083 0 0 0 1 
				74
				6.12323e-17 1 1.557e-07 0.108144 0 -1.557e-07 1 -3.39674e-06 1 -6.12323e-17 -9.53386e-24 -77.7083 0 0 0 1 
				75
				6.12323e-17 1 1.557e-07 0.108144 0 -1.557e-07 1 -3.39674e-06 1 -6.12323e-17 -9.53386e-24 -77.7083 0 0 0 1 
				76
				6.12323e-17 1 1.557e-07 0.108144 0 -1.557e-07 1 -3.39674e-06 1 -6.12323e-17 -9.53386e-24 -77.7083 0 0 0 1 
				77
				6.12323e-17 1 1.557e-07 0.108144 0 -1.557e-07 1 -3.39674e-06 1 -6.12323e-17 -9.53386e-24 -77.7083 0 0 0 1 
				78
				6.12323e-17 1 1.557e-07 0.108144 0 -1.557e-07 1 -3.39674e-06 1 -6.12323e-17 -9.53386e-24 -77.7083 0 0 0 1 
				79
				6.12323e-17 1 1.557e-07 0.108144 0 -1.557e-07 1 -3.39674e-06 1 -6.12323e-17 -9.53386e-24 -77.7083 0 0 0 1 
		</Joint>
			1
		</Joint>
			2
				-1
				0.0172387 0.999851 1.55663e-07 0.108141 4.31469e-08 -1.5643e-07 1 -2.05534e-06 0.999851 -0.0172387 -4.58371e-08 -47.0205 0 0 0 1 
				0
				-0.0502598 0.998736 1.57301e-07 -0.921677 1.17374e-08 -1.5691e-07 1 -3.18215e-06 0.998736 0.0502598 -3.83634e-09 -47.0397 0 0 0 1 
				1
				-0.22627 0.974065 1.57065e-07 -3.62451 -6.88591e-08 -1.77242e-07 1 -6.13488e-06 0.974065 0.22627 1.07178e-07 -47.2742 0 0 0 1 
				2
				-0.46161 0.887083 1.45373e-07 -7.37194 -1.67295e-07 -2.50933e-07 1 -1.01989e-05 0.887083 0.46161 2.64238e-07 -48.0546 0 0 0 1 
				3
				-0.694812 0.719191 1.15511e-07 -11.4713 -2.38422e-07 -3.90953e-07 1 -1.45633e-05 0.719191 0.694812 4.4311e-07 -49.5726 0 0 0 1 
				4
				-0.870643 0.491915 6.8099e-08 -15.2556 -2.45229e-07 -5.7247e-07 1 -1.84566e-05 0.491915 0.870643 6.19049e-07 -51.7109 0 0 0 1 
				5
				-0.965686 0.259714 1.25701e-08 -18.2213 -1.87515e-07 -7.45628e-07 1 -2.13528e-05 0.259714 0.965686 7.68742e-07 -54.0317 0 0 0 1 
				6
				-0.99641 0.0846584 -3.45377e-08 -20.0965 -1.08221e-07 -8.65767e-07 1 -2.30711e-05 0.0846584 0.99641 8.71821e-07 -55.8991 0 0 0 1 
				7
				-0.999851 0.0172385 -5.40766e-08 -20.7552 -6.97593e-08 -9.09147e-07 1 -2.36451e-05 0.0172385 0.999851 9.10214e-07 -56.6513 0 0 0 1 
				8
				-0.997998 0.0632405 -4.06541e-08 -20.3093 -9.64823e-08 -8.79737e-07 1 -2.32585e-05 0.0632405 0.997998 8.84078e-07 -56.1359 0 0 0 1 
				9
				-0.982173 0.187978 -6.14023e-09 -19.0208 -1.58613e-07 -7.96075e-07 1 -2.20989e-05 0.187978 0.982173 8.11699e-07 -54.7831 0 0 0 1 
				10
				-0.930045 0.367447 3.92504e-08 -16.9259 -2.21334e-07 -6.67038e-07 1 -2.01096e-05 0.367447 0.930045 7.01704e-07 -52.9353 0 0 0 1 
				11
				-0.821735 0.569869 8.51335e-08 -14.088 -2.51054e-07 -5.11403e-07 1 -1.72741e-05 0.569869 0.821735 5.63306e-07 -50.9645 0 0 0 1 
				12
				-0.651709 0.758469 1.22971e-07 -10.6641 -2.28638e-07 -3.58586e-07 1 -1.37134e-05 0.758469 0.651709 4.07109e-07 -49.2137 0 0 0 1 
				13
				-0.434139 0.900846 1.47518e-07 -6.92104 -1.56734e-07 -2.39289e-07 1 -9.71274e-06 0.900846 0.434139 2.45078e-07 -47.9315 0 0 0 1 
				14
				-0.199245 0.97995 1.57537e-07 -3.20628 -5.67139e-08 -1.72291e-07 1 -5.67875e-06 0.97995 0.199245 8.99049e-08 -47.2204 0 0 0 1 
				15
				0.0172387 0.999851 1.55663e-07 0.108141 4.31469e-08 -1.5643e-07 1 -2.05534e-06 0.999851 -0.0172387 -4.58371e-08 -47.0205 0 0 0 1 
				16
				0.232907 0.972499 1.43967e-07 3.42256 1.42062e-07 -1.82061e-07 1 1.56807e-06 0.972499 -0.232907 -1.80558e-07 -47.2204 0 0 0 1 
				17
				0.464935 0.885345 1.18864e-07 7.13732 2.38765e-07 -2.59644e-07 1 5.60207e-06 0.885345 -0.464935 -3.32107e-07 -47.9315 0 0 0 1 
				18
				0.677468 0.735553 7.94095e-08 10.8804 3.04886e-07 -3.88768e-07 1 9.60275e-06 0.735553 -0.677468 -4.87637e-07 -49.2137 0 0 0 1 
				19
				0.840892 0.541204 2.83816e-08 14.3043 3.19813e-07 -5.49349e-07 1 1.31635e-05 0.541204 -0.840892 -6.35027e-07 -50.9645 0 0 0 1 
				20
				0.942159 0.335167 -2.79197e-08 17.1421 2.82242e-07 -7.10085e-07 1 1.5999e-05 0.335167 -0.942159 -7.63611e-07 -52.9353 0 0 0 1 
				21
				0.988069 0.154009 -8.05458e-08 19.2371 2.12726e-07 -8.41788e-07 1 1.79882e-05 0.154009 -0.988069 -8.64507e-07 -54.7831 0 0 0 1 
				22
				0.999585 0.0287997 -1.19234e-07 20.5256 1.45977e-07 -9.26468e-07 1 1.91478e-05 0.0287997 -0.999585 -9.30288e-07 -56.1359 0 0 0 1 
				23
				0.999851 -0.0172389 -1.34038e-07 20.9715 1.17574e-07 -9.56094e-07 1 1.95344e-05 -0.0172389 -0.999851 -9.53925e-07 -56.6513 0 0 0 1 
				24
				0.998736 0.0502597 -1.12446e-07 20.3128 1.58502e-07 -9.12368e-07 1 1.89605e-05 0.0502597 -0.998736 -9.19181e-07 -55.8991 0 0 0 1 
				25
				0.974065 0.22627 -5.91309e-08 18.4376 2.44324e-07 -7.90456e-07 1 1.72421e-05 0.22627 -0.974065 -8.25238e-07 -54.0317 0 0 0 1 
				26
				0.887083 0.46161 6.99113e-09 15.4719 3.10943e-07 -6.12689e-07 1 1.43459e-05 0.46161 -0.887083 -6.8704e-07 -51.7109 0 0 0 1 
				27
				0.719191 0.694812 6.87934e-08 11.6876 3.13095e-07 -4.23091e-07 1 1.04526e-05 0.694812 -0.719191 -5.21826e-07 -49.5726 0 0 0 1 
				28
				0.491915 0.870643 1.14904e-07 7.58823 2.4876e-07 -2.72527e-07 1 6.08823e-06 0.870643 -0.491915 -3.50642e-07 -48.0546 0 0 0 1 
				29
				0.259714 0.965686 1.41788e-07 3.84079 1.53953e-07 -1.88231e-07 1 2.02421e-06 0.965686 -0.259714 -1.97557e-07 -47.2742 0 0 0 1 
				30
				0.0846586 0.99641 1.53081e-07 1.13796 7.44648e-08 -1.59959e-07 1 -9.28525e-07 0.99641 -0.0846586 -8.77394e-08 -47.0397 0 0 0 1 
				31
				0.0172387 0.999851 1.55663e-07 0.108141 4.31469e-08 -1.5643e-07 1 -2.05534e-06 0.999851 -0.0172387 -4.58371e-08 -47.0205 0 0 0 1 
				32
				0.0172387 0.999851 1.55663e-07 0.108141 4.31469e-08 -1.5643e-07 1 -2.05534e-06 0.999851 -0.0172387 -4.58371e-08 -47.0205 0 0 0 1 
				33
				0.0172387 0.999851 1.55663e-07 0.108141 4.31469e-08 -1.5643e-07 1 -2.05534e-06 0.999851 -0.0172387 -4.58371e-08 -47.0205 0 0 0 1 
				34
				0.0172387 0.999851 1.55663e-07 0.108141 4.31469e-08 -1.5643e-07 1 -2.05534e-06 0.999851 -0.0172387 -4.58371e-08 -47.0205 0 0 0 1 
				35
				0.0172387 0.999851 1.55663e-07 0.108141 4.31469e-08 -1.5643e-07 1 -2.05534e-06 0.999851 -0.0172387 -4.58371e-08 -47.0205 0 0 0 1 
				36
				0.0172387 0.999851 1.55663e-07 0.108141 4.31469e-08 -1.5643e-07 1 -2.05534e-06 0.999851 -0.0172387 -4.58371e-08 -47.0205 0 0 0 1 
				37
				0.0172387 0.999851 1.55663e-07 0.108141 4.31469e-08 -1.5643e-07 1 -2.05534e-06 0.999851 -0.0172387 -4.58371e-08 -47.0205 0 0 0 1 
				38
				0.0172387 0.999851 1.55663e-07 0.108141 4.31469e-08 -1.5643e-07 1 -2.05534e-06 0.999851 -0.0172387 -4.58371e-08 -47.0205 0 0 0 1 
				39
				0.0172387 0.999851 1.55663e-07 0.108141 4.31469e-08 -1.5643e-07 1 -2.05534e-06 0.999851 -0.0172387 -4.58371e-08 -47.0205 0 0 0 1 
				40
				0.0172387 0.999851 1.55663e-07 0.108141 4.31469e-08 -1.5643e-07 1 -2.05534e-06 0.999851 -0.0172387 -4.58371e-08 -47.0205 0 0 0 1 
				41
				0.0172387 0.999851 1.55663e-07 0.108141 4.31469e-08 -1.5643e-07 1 -2.05534e-06 0.999851 -0.0172387 -4.58371e-08 -47.0205 0 0 0 1 
				42
				0.0172387 0.999851 1.55663e-07 0.108141 4.31469e-08 -1.5643e-07 1 -2.05534e-06 0.999851 -0.0172387 -4.58371e-08 -47.0205 0 0 0 1 
				43
				0.0172387 0.999851 1.55663e-07 0.108141 4.31469e-08 -1.5643e-07 1 -2.05534e-06 0.999851 -0.0172387 -4.58371e-08 -47.0205 0 0 0 1 
				44
				0.0172387 0.999851 1.55663e-07 0.108141 4.31469e-08 -1.5643e-07 1 -2.05534e-06 0.999851 -0.0172387 -4.58371e-08 -47.0205 0 0 0 1 
				45
				0.0172387 0.999851 1.55663e-07 0.108141 4.31469e-08 -1.5643e-07 1 -2.05534e-06 0.999851 -0.0172387 -4.58371e-08 -47.0205 0 0 0 1 
				46
				0.0172387 0.999851 1.55663e-07 0.108141 4.31469e-08 -1.5643e-07 1 -2.05534e-06 0.999851 -0.0172387 -4.58371e-08 -47.0205 0 0 0 1 
				47
				0.0172387 0.999851 1.55663e-07 0.108141 4.31469e-08 -1.5643e-07 1 -2.05534e-06 0.999851 -0.0172387 -4.58371e-08 -47.0205 0 0 0 1 
				48
				0.0172387 0.999851 1.55663e-07 0.108141 4.31469e-08 -1.5643e-07 1 -2.05534e-06 0.999851 -0.0172387 -4.58371e-08 -47.0205 0 0 0 1 
				49
				0.0172387 0.999851 1.55663e-07 0.108141 4.31469e-08 -1.5643e-07 1 -2.05534e-06 0.999851 -0.0172387 -4.58371e-08 -47.0205 0 0 0 1 
				50
				0.0172387 0.999851 1.55663e-07 0.108141 4.31469e-08 -1.5643e-07 1 -2.05534e-06 0.999851 -0.0172387 -4.58371e-08 -47.0205 0 0 0 1 
				51
				0.0172387 0.999851 1.55663e-07 0.108141 4.31469e-08 -1.5643e-07 1 -2.05534e-06 0.999851 -0.0172387 -4.58371e-08 -47.0205 0 0 0 1 
				52
				0.0172387 0.999851 1.55663e-07 0.108141 4.31469e-08 -1.5643e-07 1 -2.05534e-06 0.999851 -0.0172387 -4.58371e-08 -47.0205 0 0 0 1 
				53
				0.0172387 0.999851 1.55663e-07 0.108141 4.31469e-08 -1.5643e-07 1 -2.05534e-06 0.999851 -0.0172387 -4.58371e-08 -47.0205 0 0 0 1 
				54
				0.0172387 0.999851 1.55663e-07 0.108141 4.31469e-08 -1.5643e-07 1 -2.05534e-06 0.999851 -0.0172387 -4.58371e-08 -47.0205 0 0 0 1 
				55
				0.0172387 0.999851 1.55663e-07 0.108141 4.31469e-08 -1.5643e-07 1 -2.05534e-06 0.999851 -0.0172387 -4.58371e-08 -47.0205 0 0 0 1 
				56
				0.0172387 0.999851 1.55663e-07 0.108141 4.31469e-08 -1.5643e-07 1 -2.05534e-06 0.999851 -0.0172387 -4.58371e-08 -47.0205 0 0 0 1 
				57
				0.0172387 0.999851 1.55663e-07 0.108141 4.31469e-08 -1.5643e-07 1 -2.05534e-06 0.999851 -0.0172387 -4.58371e-08 -47.0205 0 0 0 1 
				58
				0.0172387 0.999851 1.55663e-07 0.108141 4.31469e-08 -1.5643e-07 1 -2.05534e-06 0.999851 -0.0172387 -4.58371e-08 -47.0205 0 0 0 1 
				59
				0.0172387 0.999851 1.55663e-07 0.108141 4.31469e-08 -1.5643e-07 1 -2.05534e-06 0.999851 -0.0172387 -4.58371e-08 -47.0205 0 0 0 1 
				60
				0.0172387 0.999851 1.55663e-07 0.108141 4.31469e-08 -1.5643e-07 1 -2.05534e-06 0.999851 -0.0172387 -4.58371e-08 -47.0205 0 0 0 1 
				61
				0.0172387 0.999851 1.55663e-07 0.108141 4.31469e-08 -1.5643e-07 1 -2.05534e-06 0.999851 -0.0172387 -4.58371e-08 -47.0205 0 0 0 1 
				62
				0.0172387 0.999851 1.55663e-07 0.108141 4.31469e-08 -1.5643e-07 1 -2.05534e-06 0.999851 -0.0172387 -4.58371e-08 -47.0205 0 0 0 1 
				63
				0.0172387 0.999851 1.55663e-07 0.108141 4.31469e-08 -1.5643e-07 1 -2.05534e-06 0.999851 -0.0172387 -4.58371e-08 -47.0205 0 0 0 1 
				64
				0.0172387 0.999851 1.55663e-07 0.108141 4.31469e-08 -1.5643e-07 1 -2.05534e-06 0.999851 -0.0172387 -4.58371e-08 -47.0205 0 0 0 1 
				65
				0.0172387 0.999851 1.55663e-07 0.108141 4.31469e-08 -1.5643e-07 1 -2.05534e-06 0.999851 -0.0172387 -4.58371e-08 -47.0205 0 0 0 1 
				66
				0.0172387 0.999851 1.55663e-07 0.108141 4.31469e-08 -1.5643e-07 1 -2.05534e-06 0.999851 -0.0172387 -4.58371e-08 -47.0205 0 0 0 1 
				67
				0.0172387 0.999851 1.55663e-07 0.108141 4.31469e-08 -1.5643e-07 1 -2.05534e-06 0.999851 -0.0172387 -4.58371e-08 -47.0205 0 0 0 1 
				68
				0.0172387 0.999851 1.55663e-07 0.108141 4.31469e-08 -1.5643e-07 1 -2.05534e-06 0.999851 -0.0172387 -4.58371e-08 -47.0205 0 0 0 1 
				69
				0.0172387 0.999851 1.55663e-07 0.108141 4.31469e-08 -1.5643e-07 1 -2.05534e-06 0.999851 -0.0172387 -4.58371e-08 -47.0205 0 0 0 1 
				70
				0.0172387 0.999851 1.55663e-07 0.108141 4.31469e-08 -1.5643e-07 1 -2.05534e-06 0.999851 -0.0172387 -4.58371e-08 -47.0205 0 0 0 1 
				71
				0.0172387 0.999851 1.55663e-07 0.108141 4.31469e-08 -1.5643e-07 1 -2.05534e-06 0.999851 -0.0172387 -4.58371e-08 -47.0205 0 0 0 1 
				72
				0.0172387 0.999851 1.55663e-07 0.108141 4.31469e-08 -1.5643e-07 1 -2.05534e-06 0.999851 -0.0172387 -4.58371e-08 -47.0205 0 0 0 1 
				73
				0.0172387 0.999851 1.55663e-07 0.108141 4.31469e-08 -1.5643e-07 1 -2.05534e-06 0.999851 -0.0172387 -4.58371e-08 -47.0205 0 0 0 1 
				74
				0.0172387 0.999851 1.55663e-07 0.108141 4.31469e-08 -1.5643e-07 1 -2.05534e-06 0.999851 -0.0172387 -4.58371e-08 -47.0205 0 0 0 1 
				75
				0.0172387 0.999851 1.55663e-07 0.108141 4.31469e-08 -1.5643e-07 1 -2.05534e-06 0.999851 -0.0172387 -4.58371e-08 -47.0205 0 0 0 1 
				76
				0.0172387 0.999851 1.55663e-07 0.108141 4.31469e-08 -1.5643e-07 1 -2.05534e-06 0.999851 -0.0172387 -4.58371e-08 -47.0205 0 0 0 1 
				77
				0.0172387 0.999851 1.55663e-07 0.108141 4.31469e-08 -1.5643e-07 1 -2.05534e-06 0.999851 -0.0172387 -4.58371e-08 -47.0205 0 0 0 1 
				78
				0.0172387 0.999851 1.55663e-07 0.108141 4.31469e-08 -1.5643e-07 1 -2.05534e-06 0.999851 -0.0172387 -4.58371e-08 -47.0205 0 0 0 1 
				79
				0.0172387 0.999851 1.55663e-07 0.108141 4.31469e-08 -1.5643e-07 1 -2.05534e-06 0.999851 -0.0172387 -4.58371e-08 -47.0205 0 0 0 1 
		</Joint>
			3
				-1
				-0.0172382 0.999851 1.55663e-07 0.372686 4.85137e-08 -1.5485e-07 1 -1.39321e-06 0.999851 0.0172382 -4.58371e-08 -31.6769 0 0 0 1 
				0
				-0.107061 0.994252 1.57301e-07 -1.69296 2.06551e-08 -1.55987e-07 1 -3.00204e-06 0.994252 0.107061 -3.83634e-09 -31.7133 0 0 0 1 
				1
				-0.337777 0.941226 1.57065e-07 -7.09682 -4.78257e-08 -1.84036e-07 1 -7.19158e-06 0.941226 0.337777 1.07178e-07 -32.3264 0 0 0 1 
				2
				-0.62877 0.777591 1.45373e-07 -14.4557 -1.14062e-07 -2.79186e-07 1 -1.27662e-05 0.777591 0.62877 2.64238e-07 -34.4415 0 0 0 1 
				3
				-0.874516 0.484997 1.15511e-07 -22.1338 -1.1389e-07 -4.43529e-07 1 -1.82221e-05 0.484997 0.874516 4.4311e-07 -38.536 0 0 0 1 
				4
				-0.99258 0.121592 6.8099e-08 -28.6164 -7.67745e-09 -6.22736e-07 1 -2.22198e-05 0.121592 0.99258 6.19049e-07 -44.1621 0 0 0 1 
				5
				-0.97729 -0.211904 1.25701e-08 -33.0406 1.75184e-07 -7.48621e-07 1 -2.42303e-05 -0.211904 0.97729 7.68742e-07 -50.0462 0 0 0 1 
				6
				-0.900094 -0.435695 -3.45377e-08 -35.3873 3.48761e-07 -7.99768e-07 1 -2.47319e-05 -0.435695 0.900094 8.71821e-07 -54.6 0 0 0 1 
				7
				-0.857277 -0.514855 -5.40766e-08 -36.0988 4.22269e-07 -8.08148e-07 1 -2.47156e-05 -0.514855 0.857277 9.10214e-07 -56.3868 0 0 0 1 
				8
				-0.88725 -0.461288 -4.06541e-08 -35.6244 3.71745e-07 -8.03152e-07 1 -2.47391e-05 -0.461288 0.88725 8.84078e-07 -55.1654 0 0 0 1 
				9
				-0.951818 -0.306664 -6.14023e-09 -34.0931 2.43075e-07 -7.74473e-07 1 -2.45329e-05 -0.306664 0.951818 8.11699e-07 -51.8984 0 0 0 1 
				10
				-0.99807 -0.062101 3.92504e-08 -31.1982 8.27511e-08 -6.97912e-07 1 -2.35062e-05 -0.062101 0.99807 7.01704e-07 -47.2965 0 0 0 1 
				11
				-0.970225 0.242206 8.51335e-08 -26.6982 -5.38373e-08 -5.67153e-07 1 -2.11268e-05 0.242206 0.970225 5.63306e-07 -42.2194 0 0 0 1 
				12
				-0.834195 0.551469 1.22971e-07 -20.6651 -1.21926e-07 -4.07423e-07 1 -1.72221e-05 0.551469 0.834195 4.07109e-07 -37.5744 0 0 0 1 
				13
				-0.596394 0.802691 1.47518e-07 -13.5833 -1.08743e-07 -2.64574e-07 1 -1.2118e-05 0.802691 0.596394 2.45078e-07 -34.1073 0 0 0 1 
				14
				-0.302843 0.95304 1.57537e-07 -6.26386 -3.79741e-08 -1.77366e-07 1 -6.54907e-06 0.95304 0.302843 8.99049e-08 -32.1822 0 0 0 1 
				15
				-0.0172382 0.999851 1.55663e-07 0.372686 4.85137e-08 -1.5485e-07 1 -1.39321e-06 0.999851 0.0172382 -4.58371e-08 -31.6769 0 0 0 1 
				16
				0.269811 0.962913 1.43967e-07 6.99672 1.35018e-07 -1.87344e-07 1 3.74812e-06 0.962913 -0.269811 -1.80558e-07 -32.2965 0 0 0 1 
				17
				0.56837 0.822773 1.18864e-07 14.2721 2.0569e-07 -2.86558e-07 1 9.26612e-06 0.822773 -0.56837 -3.32107e-07 -34.3452 0 0 0 1 
				18
				0.81469 0.579897 7.94095e-08 21.2767 2.18085e-07 -4.43322e-07 1 1.42815e-05 0.579897 -0.81469 -4.87637e-07 -37.926 0 0 0 1 
				19
				0.961299 0.275507 2.83816e-08 27.2085 1.47671e-07 -6.1827e-07 1 1.80713e-05 0.275507 -0.961299 -6.35027e-07 -42.6593 0 0 0 1 
				20
				0.999617 -0.0276596 -2.79197e-08 31.6004 6.78782e-09 -7.64091e-07 1 2.03302e-05 -0.0276596 -0.999617 -7.63611e-07 -47.7919 0 0 0 1 
				21
				0.961823 -0.273671 -8.05458e-08 34.3999 -1.5912e-07 -8.53545e-07 1 2.12526e-05 -0.273671 -0.961823 -8.64507e-07 -52.4197 0 0 0 1 
				22
				0.902624 -0.43043 -1.19234e-07 35.8651 -2.928e-07 -8.91022e-07 1 2.13879e-05 -0.43043 -0.902624 -9.30288e-07 -55.694 0 0 0 1 
				23
				0.874516 -0.484997 -1.34038e-07 36.3151 -3.45432e-07 -8.99231e-07 1 2.13387e-05 -0.484997 -0.874516 -9.53925e-07 -56.9159 0 0 0 1 
				24
				0.914578 -0.404409 -1.12446e-07 35.6393 -2.68884e-07 -8.86137e-07 1 2.13928e-05 -0.404409 -0.914578 -9.19181e-07 -55.1278 0 0 0 1 
				25
				0.984014 -0.178089 -5.91309e-08 33.3854 -8.87803e-08 -8.22577e-07 1 2.09915e-05 -0.178089 -0.984014 -8.25238e-07 -50.5594 0 0 0 1 
				26
				0.987799 0.155735 6.99113e-09 29.085 1.00091e-07 -6.79746e-07 1 1.91176e-05 0.155735 -0.987799 -6.8704e-07 -44.6271 0 0 0 1 
				27
				0.857278 0.514854 6.87934e-08 22.7242 2.09689e-07 -4.82768e-07 1 1.52573e-05 0.514854 -0.857278 -5.21826e-07 -38.9101 0 0 0 1 
				28
				0.601592 0.798804 1.14904e-07 15.1371 2.10968e-07 -3.02729e-07 1 9.90567e-06 0.798804 -0.601592 -3.50642e-07 -34.6938 0 0 0 1 
				29
				0.305131 0.95231 1.41788e-07 7.82633 1.44871e-07 -1.95307e-07 1 4.38675e-06 0.95231 -0.305131 -1.97557e-07 -32.455 0 0 0 1 
				30
				0.072724 0.997352 1.53081e-07 2.43712 7.63744e-08 -1.59056e-07 1 2.14199e-07 0.997352 -0.072724 -8.77394e-08 -31.749 0 0 0 1 
				31
				-0.0172382 0.999851 1.55663e-07 0.372686 4.85137e-08 -1.5485e-07 1 -1.39321e-06 0.999851 0.0172382 -4.58371e-08 -31.6769 0 0 0 1 
				32
				-0.0172382 0.999851 1.55663e-07 0.372686 4.85137e-08 -1.5485e-07 1 -1.39321e-06 0.999851 0.0172382 -4.58371e-08 -31.6769 0 0 0 1 
				33
				-0.0172382 0.999851 1.55663e-07 0.372686 4.85137e-08 -1.5485e-07 1 -1.39321e-06 0.999851 0.0172382 -4.58371e-08 -31.6769 0 0 0 1 
				34
				-0.0172382 0.999851 1.55663e-07 0.372686 4.85137e-08 -1.5485e-07 1 -1.39321e-06 0.999851 0.0172382 -4.58371e-08 -31.6769 0 0 0 1 
				35
				-0.0172382 0.999851 1.55663e-07 0.372686 4.85137e-08 -1.5485e-07 1 -1.39321e-06 0.999851 0.0172382 -4.58371e-08 -31.6769 0 0 0 1 
				36
				-0.0172382 0.999851 1.55663e-07 0.372686 4.85137e-08 -1.5485e-07 1 -1.39321e-06 0.999851 0.0172382 -4.58371e-08 -31.6769 0 0 0 1 
				37
				-0.0172382 0.999851 1.55663e-07 0.372686 4.85137e-08 -1.5485e-07 1 -1.39321e-06 0.999851 0.0172382 -4.58371e-08 -31.6769 0 0 0 1 
				38
				-0.0172382 0.999851 1.55663e-07 0.372686 4.85137e-08 -1.5485e-07 1 -1.39321e-06 0.999851 0.0172382 -4.58371e-08 -31.6769 0 0 0 1 
				39
				-0.0172382 0.999851 1.55663e-07 0.372686 4.85137e-08 -1.5485e-07 1 -1.39321e-06 0.999851 0.0172382 -4.58371e-08 -31.6769 0 0 0 1 
				40
				-0.0172382 0.999851 1.55663e-07 0.372686 4.85137e-08 -1.5485e-07 1 -1.39321e-06 0.999851 0.0172382 -4.58371e-08 -31.6769 0 0 0 1 
				41
				-0.0172382 0.999851 1.55663e-07 0.372686 4.85137e-08 -1.5485e-07 1 -1.39321e-06 0.999851 0.0172382 -4.58371e-08 -31.6769 0 0 0 1 
				42
				-0.0172382 0.999851 1.55663e-07 0.372686 4.85137e-08 -1.5485e-07 1 -1.39321e-06 0.999851 0.0172382 -4.58371e-08 -31.6769 0 0 0 1 
				43
				-0.0172382 0.999851 1.55663e-07 0.372686 4.85137e-08 -1.5485e-07 1 -1.39321e-06 0.999851 0.0172382 -4.58371e-08 -31.6769 0 0 0 1 
				44
				-0.0172382 0.999851 1.55663e-07 0.372686 4.85137e-08 -1.5485e-07 1 -1.39321e-06 0.999851 0.0172382 -4.58371e-08 -31.6769 0 0 0 1 
				45
				-0.0172382 0.999851 1.55663e-07 0.372686 4.85137e-08 -1.5485e-07 1 -1.39321e-06 0.999851 0.0172382 -4.58371e-08 -31.6769 0 0 0 1 
				46
				-0.0172382 0.999851 1.55663e-07 0.372686 4.85137e-08 -1.5485e-07 1 -1.39321e-06 0.999851 0.0172382 -4.58371e-08 -31.6769 0 0 0 1 
				47
				-0.0172382 0.999851 1.55663e-07 0.372686 4.85137e-08 -1.5485e-07 1 -1.39321e-06 0.999851 0.0172382 -4.58371e-08 -31.6769 0 0 0 1 
				48
				-0.0172382 0.999851 1.55663e-07 0.372686 4.85137e-08 -1.5485e-07 1 -1.39321e-06 0.999851 0.0172382 -4.58371e-08 -31.6769 0 0 0 1 
				49
				-0.0172382 0.999851 1.55663e-07 0.372686 4.85137e-08 -1.5485e-07 1 -1.39321e-06 0.999851 0.0172382 -4.58371e-08 -31.6769 0 0 0 1 
				50
				-0.0172382 0.999851 1.55663e-07 0.372686 4.85137e-08 -1.5485e-07 1 -1.39321e-06 0.999851 0.0172382 -4.58371e-08 -31.6769 0 0 0 1 
				51
				-0.0172382 0.999851 1.55663e-07 0.372686 4.85137e-08 -1.5485e-07 1 -1.39321e-06 0.999851 0.0172382 -4.58371e-08 -31.6769 0 0 0 1 
				52
				-0.0172382 0.999851 1.55663e-07 0.372686 4.85137e-08 -1.5485e-07 1 -1.39321e-06 0.999851 0.0172382 -4.58371e-08 -31.6769 0 0 0 1 
				53
				-0.0172382 0.999851 1.55663e-07 0.372686 4.85137e-08 -1.5485e-07 1 -1.39321e-06 0.999851 0.0172382 -4.58371e-08 -31.6769 0 0 0 1 
				54
				-0.0172382 0.999851 1.55663e-07 0.372686 4.85137e-08 -1.5485e-07 1 -1.39321e-06 0.999851 0.0172382 -4.58371e-08 -31.6769 0 0 0 1 
				55
				-0.0172382 0.999851 1.55663e-07 0.372686 4.85137e-08 -1.5485e-07 1 -1.39321e-06 0.999851 0.0172382 -4.58371e-08 -31.6769 0 0 0 1 
				56
				-0.0172382 0.999851 1.55663e-07 0.372686 4.85137e-08 -1.5485e-07 1 -1.39321e-06 0.999851 0.0172382 -4.58371e-08 -31.6769 0 0 0 1 
				57
				-0.0172382 0.999851 1.55663e-07 0.372686 4.85137e-08 -1.5485e-07 1 -1.39321e-06 0.999851 0.0172382 -4.58371e-08 -31.6769 0 0 0 1 
				58
				-0.0172382 0.999851 1.55663e-07 0.372686 4.85137e-08 -1.5485e-07 1 -1.39321e-06 0.999851 0.0172382 -4.58371e-08 -31.6769 0 0 0 1 
				59
				-0.0172382 0.999851 1.55663e-07 0.372686 4.85137e-08 -1.5485e-07 1 -1.39321e-06 0.999851 0.0172382 -4.58371e-08 -31.6769 0 0 0 1 
				60
				-0.0172382 0.999851 1.55663e-07 0.372686 4.85137e-08 -1.5485e-07 1 -1.39321e-06 0.999851 0.0172382 -4.58371e-08 -31.6769 0 0 0 1 
				61
				-0.0172382 0.999851 1.55663e-07 0.372686 4.85137e-08 -1.5485e-07 1 -1.39321e-06 0.999851 0.0172382 -4.58371e-08 -31.6769 0 0 0 1 
				62
				-0.0172382 0.999851 1.55663e-07 0.372686 4.85137e-08 -1.5485e-07 1 -1.39321e-06 0.999851 0.0172382 -4.58371e-08 -31.6769 0 0 0 1 
				63
				-0.0172382 0.999851 1.55663e-07 0.372686 4.85137e-08 -1.5485e-07 1 -1.39321e-06 0.999851 0.0172382 -4.58371e-08 -31.6769 0 0 0 1 
				64
				-0.0172382 0.999851 1.55663e-07 0.372686 4.85137e-08 -1.5485e-07 1 -1.39321e-06 0.999851 0.0172382 -4.58371e-08 -31.6769 0 0 0 1 
				65
				-0.0172382 0.999851 1.55663e-07 0.372686 4.85137e-08 -1.5485e-07 1 -1.39321e-06 0.999851 0.0172382 -4.58371e-08 -31.6769 0 0 0 1 
				66
				-0.0172382 0.999851 1.55663e-07 0.372686 4.85137e-08 -1.5485e-07 1 -1.39321e-06 0.999851 0.0172382 -4.58371e-08 -31.6769 0 0 0 1 
				67
				-0.0172382 0.999851 1.55663e-07 0.372686 4.85137e-08 -1.5485e-07 1 -1.39321e-06 0.999851 0.0172382 -4.58371e-08 -31.6769 0 0 0 1 
				68
				-0.0172382 0.999851 1.55663e-07 0.372686 4.85137e-08 -1.5485e-07 1 -1.39321e-06 0.999851 0.0172382 -4.58371e-08 -31.6769 0 0 0 1 
				69
				-0.0172382 0.999851 1.55663e-07 0.372686 4.85137e-08 -1.5485e-07 1 -1.39321e-06 0.999851 0.0172382 -4.58371e-08 -31.6769 0 0 0 1 
				70
				-0.0172382 0.999851 1.55663e-07 0.372686 4.85137e-08 -1.5485e-07 1 -1.39321e-06 0.999851 0.0172382 -4.58371e-08 -31.6769 0 0 0 1 
				71
				-0.0172382 0.999851 1.55663e-07 0.372686 4.85137e-08 -1.5485e-07 1 -1.39321e-06 0.999851 0.0172382 -4.58371e-08 -31.6769 0 0 0 1 
				72
				-0.0172382 0.999851 1.55663e-07 0.372686 4.85137e-08 -1.5485e-07 1 -1.39321e-06 0.999851 0.0172382 -4.58371e-08 -31.6769 0 0 0 1 
				73
				-0.0172382 0.999851 1.55663e-07 0.372686 4.85137e-08 -1.5485e-07 1 -1.39321e-06 0.999851 0.0172382 -4.58371e-08 -31.6769 0 0 0 1 
				74
				-0.0172382 0.999851 1.55663e-07 0.372686 4.85137e-08 -1.5485e-07 1 -1.39321e-06 0.999851 0.0172382 -4.58371e-08 -31.6769 0 0 0 1 
				75
				-0.0172382 0.999851 1.55663e-07 0.372686 4.85137e-08 -1.5485e-07 1 -1.39321e-06 0.999851 0.0172382 -4.58371e-08 -31.6769 0 0 0 1 
				76
				-0.0172382 0.999851 1.55663e-07 0.372686 4.85137e-08 -1.5485e-07 1 -1.39321e-06 0.999851 0.0172382 -4.58371e-08 -31.6769 0 0 0 1 
				77
				-0.0172382 0.999851 1.55663e-07 0.372686 4.85137e-08 -1.5485e-07 1 -1.39321e-06 0.999851 0.0172382 -4.58371e-08 -31.6769 0 0 0 1 
				78
				-0.0172382 0.999851 1.55663e-07 0.372686 4.85137e-08 -1.5485e-07 1 -1.39321e-06 0.999851 0.0172382 -4.58371e-08 -31.6769 0 0 0 1 
				79
				-0.0172382 0.999851 1.55663e-07 0.372686 4.85137e-08 -1.5485e-07 1 -1.39321e-06 0.999851 0.0172382 -4.58371e-08 -31.6769 0 0 0 1 
		</Joint>
			4
				-1
				8.6046e-08 1 1.55663e-07 0.108139 0 -1.55663e-07 1 -7.13937e-07 1 -8.6046e-08 -1.33942e-14 -16.3327 0 0 0 1 
				0
				-0.112297 0.993675 1.57301e-07 -3.33597 2.14765e-08 -1.55876e-07 1 -2.75029e-06 0.993675 0.112297 -3.83634e-09 -16.455 0 0 0 1 
				1
				-0.397825 0.917462 1.57065e-07 -12.2805 -3.58474e-08 -1.86739e-07 1 -7.99078e-06 0.917462 0.397825 1.07178e-07 -17.8818 0 0 0 1 
				2
				-0.736861 0.676045 1.45373e-07 -24.1052 -7.15167e-08 -2.92985e-07 1 -1.45819e-05 0.676045 0.736861 2.64238e-07 -22.5082 0 0 0 1 
				3
				-0.965926 0.258819 1.15511e-07 -35.5546 -3.10993e-09 -4.57908e-07 1 -2.00351e-05 0.258819 0.965926 4.4311e-07 -31.093 0 0 0 1 
				4
				-0.976162 -0.217043 6.8099e-08 -43.8491 2.00836e-07 -5.89512e-07 1 -2.24029e-05 -0.217043 0.976162 6.19049e-07 -42.296 0 0 0 1 
				5
				-0.803257 -0.595633 1.25701e-08 -48.0386 4.67985e-07 -6.10011e-07 1 -2.16071e-05 -0.595633 0.803257 7.68742e-07 -53.2982 0 0 0 1 
				6
				-0.594089 -0.804399 -3.45377e-08 -49.2006 6.80774e-07 -5.45721e-07 1 -1.94448e-05 -0.804399 0.594089 8.71821e-07 -61.2864 0 0 0 1 
				7
				-0.5 -0.866026 -5.40766e-08 -49.255 7.61231e-07 -5.01939e-07 1 -1.83005e-05 -0.866026 0.5 9.10214e-07 -64.288 0 0 0 1 
				8
				-0.564921 -0.825145 -4.06541e-08 -49.2406 7.06526e-07 -5.3298e-07 1 -1.90993e-05 -0.825145 0.564921 8.84078e-07 -62.2446 0 0 0 1 
				9
				-0.724314 -0.689471 -6.14023e-09 -48.7002 5.55196e-07 -5.92158e-07 1 -2.08678e-05 -0.689471 0.724314 8.11699e-07 -56.6047 0 0 0 1 
				10
				-0.900957 -0.433909 3.92504e-08 -46.5151 3.39838e-07 -6.15174e-07 1 -2.23015e-05 -0.433909 0.900957 7.01704e-07 -48.2495 0 0 0 1 
				11
				-0.997865 -0.0653054 8.51335e-08 -41.5878 1.21739e-07 -5.56544e-07 1 -2.20182e-05 -0.0653054 0.997865 5.63306e-07 -38.5023 0 0 0 1 
				12
				-0.936247 0.351343 1.22971e-07 -33.4671 -2.79039e-08 -4.24359e-07 1 -1.91585e-05 0.351343 0.936247 4.07109e-07 -29.1112 0 0 0 1 
				13
				-0.701289 0.712878 1.47518e-07 -22.7359 -7.12579e-08 -2.77032e-07 1 -1.3852e-05 0.712878 0.701289 2.45078e-07 -21.7888 0 0 0 1 
				14
				-0.355122 0.93482 1.57537e-07 -10.9115 -2.81002e-08 -1.79196e-07 1 -7.19708e-06 0.93482 0.355122 8.99049e-08 -17.5563 0 0 0 1 
				15
				8.6046e-08 1 1.55663e-07 0.108139 0 -1.55663e-07 1 -7.13937e-07 1 -8.6046e-08 -1.33942e-14 -16.3327 0 0 0 1 
				16
				0.355122 0.93482 1.43967e-07 11.1374 1.17664e-07 -1.98704e-07 1 5.75494e-06 0.93482 -0.355122 -1.80558e-07 -17.5192 0 0 0 1 
				17
				0.701288 0.712878 1.18864e-07 22.9947 1.53394e-07 -3.17638e-07 1 1.23575e-05 0.712878 -0.701288 -3.32107e-07 -21.7185 0 0 0 1 
				18
				0.936247 0.351343 7.94095e-08 33.7794 9.69812e-08 -4.84449e-07 1 1.75631e-05 0.351343 -0.936247 -4.87637e-07 -29.0266 0 0 0 1 
				19
				0.997865 -0.0653052 2.83816e-08 41.9611 -6.97916e-08 -6.31818e-07 1 2.02723e-05 -0.0653052 -0.997865 -6.35027e-07 -38.4312 0 0 0 1 
				20
				0.900957 -0.433909 -2.79197e-08 46.941 -3.06183e-07 -7.00096e-07 1 2.03691e-05 -0.433909 -0.900957 -7.63611e-07 -48.2163 0 0 0 1 
				21
				0.724314 -0.689471 -8.05458e-08 49.1606 -5.37711e-07 -6.81708e-07 1 1.87455e-05 -0.689471 -0.724314 -8.64507e-07 -56.6196 0 0 0 1 
				22
				0.564921 -0.825145 -1.19234e-07 49.7172 -7.00264e-07 -6.23925e-07 1 1.68292e-05 -0.825145 -0.564921 -9.30288e-07 -62.2996 0 0 0 1 
				23
				0.5 -0.866026 -1.34038e-07 49.7358 -7.59104e-07 -5.93043e-07 1 1.59722e-05 -0.866026 -0.5 -9.53925e-07 -64.3589 0 0 0 1 
				24
				0.594089 -0.804399 -1.12446e-07 49.6749 -6.72585e-07 -6.36527e-07 1 1.72011e-05 -0.804399 -0.594089 -9.19181e-07 -61.3341 0 0 0 1 
				25
				0.803257 -0.595633 -5.91309e-08 48.4866 -4.44042e-07 -6.98099e-07 1 1.95638e-05 -0.595633 -0.803257 -8.25238e-07 -53.2925 0 0 0 1 
				26
				0.976162 -0.217042 6.99113e-09 44.2442 -1.55941e-07 -6.69145e-07 1 2.05884e-05 -0.217042 -0.976162 -6.8704e-07 -42.2371 0 0 0 1 
				27
				0.965926 0.258819 6.87934e-08 35.8804 6.86092e-08 -5.2185e-07 1 1.84101e-05 0.258819 -0.965926 -5.21826e-07 -31.0089 0 0 0 1 
				28
				0.73686 0.676045 1.14904e-07 24.3694 1.52381e-07 -3.36054e-07 1 1.30781e-05 0.676045 -0.73686 -3.50642e-07 -22.435 0 0 0 1 
				29
				0.397824 0.917462 1.41788e-07 12.509 1.24844e-07 -2.08678e-07 1 6.54478e-06 0.917462 -0.397824 -1.97557e-07 -17.8403 0 0 0 1 
				30
				0.112297 0.993675 1.53081e-07 3.55318 6.9994e-08 -1.61965e-07 1 1.32104e-06 0.993675 -0.112297 -8.77394e-08 -16.4431 0 0 0 1 
				31
				8.6046e-08 1 1.55663e-07 0.108139 0 -1.55663e-07 1 -7.13937e-07 1 -8.6046e-08 -1.33942e-14 -16.3327 0 0 0 1 
				32
				8.6046e-08 1 1.55663e-07 0.108139 0 -1.55663e-07 1 -7.13937e-07 1 -8.6046e-08 -1.33942e-14 -16.3327 0 0 0 1 
				33
				8.6046e-08 1 1.55663e-07 0.108139 0 -1.55663e-07 1 -7.13937e-07 1 -8.6046e-08 -1.33942e-14 -16.3327 0 0 0 1 
				34
				8.6046e-08 1 1.55663e-07 0.108139 0 -1.55663e-07 1 -7.13937e-07 1 -8.6046e-08 -1.33942e-14 -16.3327 0 0 0 1 
				35
				8.6046e-08 1 1.55663e-07 0.108139 0 -1.55663e-07 1 -7.13937e-07 1 -8.6046e-08 -1.33942e-14 -16.3327 0 0 0 1 
				36
				8.6046e-08 1 1.55663e-07 0.108139 0 -1.55663e-07 1 -7.13937e-07 1 -8.6046e-08 -1.33942e-14 -16.3327 0 0 0 1 
				37
				8.6046e-08 1 1.55663e-07 0.108139 0 -1.55663e-07 1 -7.13937e-07 1 -8.6046e-08 -1.33942e-14 -16.3327 0 0 0 1 
				38
				8.6046e-08 1 1.55663e-07 0.108139 0 -1.55663e-07 1 -7.13937e-07 1 -8.6046e-08 -1.33942e-14 -16.3327 0 0 0 1 
				39
				8.6046e-08 1 1.55663e-07 0.108139 0 -1.55663e-07 1 -7.13937e-07 1 -8.6046e-08 -1.33942e-14 -16.3327 0 0 0 1 
				40
				8.6046e-08 1 1.55663e-07 0.108139 0 -1.55663e-07 1 -7.13937e-07 1 -8.6046e-08 -1.33942e-14 -16.3327 0 0 0 1 
				41
				8.6046e-08 1 1.55663e-07 0.108139 0 -1.55663e-07 1 -7.13937e-07 1 -8.6046e-08 -1.33942e-14 -16.3327 0 0 0 1 
				42
				8.6046e-08 1 1.55663e-07 0.108139 0 -1.55663e-07 1 -7.13937e-07 1 -8.6046e-08 -1.33942e-14 -16.3327 0 0 0 1 
				43
				8.6046e-08 1 1.55663e-07 0.108139 0 -1.55663e-07 1 -7.13937e-07 1 -8.6046e-08 -1.33942e-14 -16.3327 0 0 0 1 
				44
				8.6046e-08 1 1.55663e-07 0.108139 0 -1.55663e-07 1 -7.13937e-07 1 -8.6046e-08 -1.33942e-14 -16.3327 0 0 0 1 
				45
				8.6046e-08 1 1.55663e-07 0.108139 0 -1.55663e-07 1 -7.13937e-07 1 -8.6046e-08 -1.33942e-14 -16.3327 0 0 0 1 
				46
