<?xml version='1.0' encoding='UTF-8' ?>
<itpanim>
	<skeleton count>
		25
			0 -1
			1.37091e-06 -1 -6.12323e-17 -0.0654457 1 1.37091e-06 -6.12323e-17 -3.24814e-06 6.12323e-17 -6.12323e-17 1 -21.1202 0 0 0 1 
			1 0
			1.3868e-06 4.78456e-08 -1 21.1202 2.75771e-06 -1 -4.78418e-08 -0.0654457 -1 -2.75771e-06 -1.3868e-06 3.24468e-05 0 0 0 1 
			2 1
			1.40269e-06 -0.000796318 -1 15.9428 0 -1 0.000796318 -0.0662934 -1 -1.11699e-09 -1.40269e-06 3.43201e-06 0 0 0 1 
			3 2
			1.40269e-06 -0.000796318 -1 1.06087 0 -1 0.000796318 -0.0544433 -1 -1.11699e-09 -1.40269e-06 3.39914e-06 0 0 0 1 
			4 3
			1.40269e-06 -0.000796318 -1 -13.821 0 -1 0.000796318 -0.0517547 -1 -1.11699e-09 -1.40269e-06 3.39168e-06 0 0 0 1 
			5 4
			1 1.37091e-06 4.37113e-08 -1.60435 -1.37091e-06 1 3.58059e-15 0.0654492 -4.37113e-08 -6.35048e-14 1 13.821 0 0 0 1 
			6 5
			0.994967 0.0993349 -0.0131664 -9.20576 -0.0994537 0.995004 -0.00869969 0.84751 0.0122365 0.00996535 0.999875 13.7088 0 0 0 1 
			7 6
			0.994892 -0.100322 -0.0111756 -24.281 0.100198 0.994905 -0.011142 -4.05726 0.0122365 0.00996535 0.999875 13.7088 0 0 0 1 
			8 7
			0.994892 -0.100322 -0.0111756 -39.6783 0.0123163 0.0107576 0.999866 13.7056 -0.100188 -0.994897 0.0119382 4.06817 0 0 0 1 
			9 4
			-1 -1.37091e-06 4.37114e-08 -1.60434 -1.37091e-06 1 3.84662e-15 0.0654492 -4.37115e-08 -5.60777e-14 -1 -13.821 0 0 0 1 
			10 9
			-0.994967 0.0993346 -0.0131667 -9.20575 0.0994535 0.995004 -0.00870241 0.847494 0.0122364 -0.00996808 -0.999875 -13.7088 0 0 0 1 
			11 10
			-0.994892 -0.100322 -0.0111753 -24.281 -0.100198 0.994905 -0.0111448 -4.05727 0.0122364 -0.00996809 -0.999875 -13.7088 0 0 0 1 
			12 11
			-0.994892 -0.100322 -0.0111753 -39.6783 -0.0123162 0.0107603 0.999866 13.7056 -0.100189 0.994897 -0.0119409 -4.06819 0 0 0 1 
			13 4
			1.34309e-06 -5.95475e-08 -1 -17.1975 -1.40269e-06 -1 5.95456e-08 -0.0654494 -1 1.40269e-06 -1.34309e-06 -1.96681e-05 0 0 0 1 
			14 13
			1.34309e-06 -5.95475e-08 -1 -34.0542 -1.40269e-06 -1 5.95456e-08 -0.0654267 -1 1.40269e-06 -1.34309e-06 -4.23082e-05 0 0 0 1 
			15 2
			1.37369e-06 -0.0998334 0.995004 -21.0212 0 -0.995004 -0.0998334 2.04338 1 1.3714e-07 -1.36683e-06 -4.58386 0 0 0 1 
			16 15
			1.37369e-06 0.0998334 0.995004 -40.6069 0 -0.995004 0.0998334 -6.1465 1 -1.3714e-07 -1.36683e-06 -4.58386 0 0 0 1 
			17 16
			1.3716e-06 -6.00745e-14 1 -60.9152 0 -1 -6.00745e-14 -0.0654472 1 8.23984e-20 -1.3716e-06 -4.58385 0 0 0 1 
			18 17
			1.3723e-06 -1 -6.00133e-14 -6.84955 0 6.00133e-14 -1 65.5146 1 1.3723e-06 8.23562e-20 -4.58386 0 0 0 1 
			19 18
			-1.3723e-06 -1 5.97912e-14 -8.66382 -0 -5.97912e-14 -1 65.5146 -1 1.3723e-06 -8.20515e-20 4.58388 0 0 0 1 
			20 2
			1.37369e-06 -0.0998334 0.995004 -21.0212 0 -0.995004 -0.0998334 2.04338 1 1.3714e-07 -1.36683e-06 4.58385 0 0 0 1 
			21 20
			1.37369e-06 0.0998334 0.995004 -40.6069 0 -0.995004 0.0998334 -6.1465 1 -1.3714e-07 -1.36683e-06 4.58385 0 0 0 1 
			22 21
			1.3716e-06 -6.00745e-14 1 -60.9152 0 -1 -6.00745e-14 -0.0654472 1 8.23984e-20 -1.3716e-06 4.58386 0 0 0 1 
			23 22
			1.3723e-06 -1 5.98908e-14 -6.84955 0 -5.98908e-14 -1 65.5146 1 1.3723e-06 -8.21882e-20 4.58386 0 0 0 1 
			24 23
			1.3723e-06 -1 5.98908e-14 -8.66383 0 -5.98908e-14 -1 65.5146 1 1.3723e-06 -8.21882e-20 4.58386 0 0 0 1 
	</skeleton>
		<animations>
			33
			0
				-1
				1.33158e-06 1 0 3.33786e-06 -1 1.33158e-06 0 -0.0654593 -0 -0 1 26.8993 0 0 0 1 
				0
				1.46474e-06 1 0 3.33786e-06 -1 1.46474e-06 0 -0.0654593 -0 -0 1 26.2783 0 0 0 1 
				1
				1.33158e-06 1 0 3.33786e-06 -1 1.33158e-06 0 -0.0654593 -0 -0 1 25.5689 0 0 0 1 
				2
				1.46474e-06 1 0 3.33786e-06 -1 1.46474e-06 0 -0.0654594 -0 -0 1 24.8246 0 0 0 1 
				3
				1.33158e-06 1 0 3.33786e-06 -1 1.33158e-06 0 -0.0654594 -0 -0 1 24.0985 0 0 0 1 
				4
				1.33158e-06 1 0 3.33786e-06 -1 1.33158e-06 0 -0.0654594 -0 -0 1 23.4425 0 0 0 1 
				5
				1.46474e-06 1 0 3.33786e-06 -1 1.46474e-06 0 -0.0654595 -0 -0 1 22.9082 0 0 0 1 
				6
				1.46474e-06 1 0 3.33786e-06 -1 1.46474e-06 0 -0.0654595 -0 -0 1 22.5489 0 0 0 1 
				7
				1.46474e-06 1 0 3.33786e-06 -1 1.46474e-06 0 -0.0654595 -0 -0 1 22.4181 0 0 0 1 
				8
				1.46474e-06 1 0 3.33786e-06 -1 1.46474e-06 0 -0.0654595 -0 -0 1 22.6119 0 0 0 1 
				9
				1.46474e-06 1 0 3.33786e-06 -1 1.46474e-06 0 -0.0654595 -0 -0 1 23.1256 0 0 0 1 
				10
				1.33158e-06 1 0 3.33786e-06 -1 1.33158e-06 0 -0.0654595 -0 -0 1 23.8506 0 0 0 1 
				11
				1.46474e-06 1 0 3.33786e-06 -1 1.46474e-06 0 -0.0654595 -0 -0 1 24.6783 0 0 0 1 
				12
				1.33158e-06 1 0 3.33786e-06 -1 1.33158e-06 0 -0.0654595 -0 -0 1 25.5036 0 0 0 1 
				13
				1.46474e-06 1 0 3.33786e-06 -1 1.46474e-06 0 -0.0654595 -0 -0 1 26.2212 0 0 0 1 
				14
				1.46474e-06 1 0 3.33786e-06 -1 1.46474e-06 0 -0.0654595 -0 -0 1 26.7227 0 0 0 1 
				15
				1.46474e-06 1 0 3.33786e-06 -1 1.46474e-06 0 -0.0654595 -0 -0 1 26.8993 0 0 0 1 
				16
				1.46474e-06 1 0 3.33786e-06 -1 1.46474e-06 0 -0.0654595 -0 -0 1 26.6791 0 0 0 1 
				17
				1.46474e-06 1 0 3.33786e-06 -1 1.46474e-06 0 -0.0654595 -0 -0 1 26.1278 0 0 0 1 
				18
				1.46474e-06 1 0 3.33786e-06 -1 1.46474e-06 0 -0.0654595 -0 -0 1 25.3579 0 0 0 1 
				19
				1.46474e-06 1 0 3.33786e-06 -1 1.46474e-06 0 -0.0654595 -0 -0 1 24.4817 0 0 0 1 
				20
				1.46474e-06 1 0 3.33786e-06 -1 1.46474e-06 0 -0.0654595 -0 -0 1 23.6079 0 0 0 1 
				21
				1.46474e-06 1 0 3.33786e-06 -1 1.46474e-06 0 -0.0654595 -0 -0 1 22.8454 0 0 0 1 
				22
				1.46474e-06 1 0 3.33786e-06 -1 1.46474e-06 0 -0.0654595 -0 -0 1 22.3064 0 0 0 1 
				23
				1.46474e-06 1 0 3.33786e-06 -1 1.46474e-06 0 -0.0654595 -0 -0 1 22.1034 0 0 0 1 
				24
				1.46474e-06 1 0 3.33786e-06 -1 1.46474e-06 0 -0.0654595 -0 -0 1 22.2434 0 0 0 1 
				25
				1.33158e-06 1 0 3.33786e-06 -1 1.33158e-06 0 -0.0654595 -0 -0 1 22.6279 0 0 0 1 
				26
				1.33158e-06 1 0 3.33786e-06 -1 1.33158e-06 0 -0.0654594 -0 -0 1 23.1998 0 0 0 1 
				27
				1.33158e-06 1 0 3.33786e-06 -1 1.33158e-06 0 -0.0654594 -0 -0 1 23.9019 0 0 0 1 
				28
				1.33158e-06 1 0 3.33786e-06 -1 1.33158e-06 0 -0.0654594 -0 -0 1 24.6789 0 0 0 1 
				29
				1.33158e-06 1 0 3.33786e-06 -1 1.33158e-06 0 -0.0654593 -0 -0 1 25.4755 0 0 0 1 
				30
				1.33158e-06 1 0 3.33786e-06 -1 1.33158e-06 0 -0.0654593 -0 -0 1 26.2347 0 0 0 1 
				31
				1.33158e-06 1 0 3.33786e-06 -1 1.33158e-06 0 -0.0654593 -0 -0 1 26.8993 0 0 0 1 
		</Joint>
			1
				-1
				1.33158e-06 2.66316e-06 -1 3.33786e-06 0 -1 -2.66316e-06 -0.0654593 -1 3.54621e-12 -1.33158e-06 26.8993 0 0 0 1 
				0
				1.33158e-06 2.79632e-06 -1 3.33786e-06 0 -1 -2.79632e-06 -0.0654593 -1 3.72352e-12 -1.33158e-06 26.2783 0 0 0 1 
				1
				1.33158e-06 2.66316e-06 -1 3.33786e-06 0 -1 -2.66316e-06 -0.0654593 -1 3.54621e-12 -1.33158e-06 25.5689 0 0 0 1 
				2
				1.33158e-06 2.79632e-06 -1 3.33786e-06 0 -1 -2.79632e-06 -0.0654594 -1 3.72352e-12 -1.33158e-06 24.8246 0 0 0 1 
				3
				1.33158e-06 2.66316e-06 -1 3.33786e-06 0 -1 -2.66316e-06 -0.0654594 -1 3.54621e-12 -1.33158e-06 24.0985 0 0 0 1 
				4
				1.33158e-06 2.66316e-06 -1 3.33786e-06 0 -1 -2.66316e-06 -0.0654594 -1 3.54621e-12 -1.33158e-06 23.4425 0 0 0 1 
				5
				1.33158e-06 2.79632e-06 -1 3.33786e-06 0 -1 -2.79632e-06 -0.0654595 -1 3.72352e-12 -1.33158e-06 22.9082 0 0 0 1 
				6
				1.33158e-06 2.79632e-06 -1 3.33786e-06 0 -1 -2.79632e-06 -0.0654595 -1 3.72352e-12 -1.33158e-06 22.5489 0 0 0 1 
				7
				1.33158e-06 2.79632e-06 -1 3.33786e-06 0 -1 -2.79632e-06 -0.0654595 -1 3.72352e-12 -1.33158e-06 22.4181 0 0 0 1 
				8
				1.33158e-06 2.79632e-06 -1 3.33786e-06 0 -1 -2.79632e-06 -0.0654595 -1 3.72352e-12 -1.33158e-06 22.6119 0 0 0 1 
				9
				1.33158e-06 2.79632e-06 -1 3.33786e-06 0 -1 -2.79632e-06 -0.0654595 -1 3.72352e-12 -1.33158e-06 23.1256 0 0 0 1 
				10
				1.33158e-06 2.66316e-06 -1 3.33786e-06 0 -1 -2.66316e-06 -0.0654595 -1 3.54621e-12 -1.33158e-06 23.8506 0 0 0 1 
				11
				1.33158e-06 2.79632e-06 -1 3.33786e-06 0 -1 -2.79632e-06 -0.0654595 -1 3.72352e-12 -1.33158e-06 24.6783 0 0 0 1 
				12
				1.33158e-06 2.66316e-06 -1 3.33786e-06 0 -1 -2.66316e-06 -0.0654595 -1 3.54621e-12 -1.33158e-06 25.5036 0 0 0 1 
				13
				1.33158e-06 2.79632e-06 -1 3.33786e-06 0 -1 -2.79632e-06 -0.0654595 -1 3.72352e-12 -1.33158e-06 26.2212 0 0 0 1 
				14
				1.33158e-06 2.79632e-06 -1 3.33786e-06 0 -1 -2.79632e-06 -0.0654595 -1 3.72352e-12 -1.33158e-06 26.7227 0 0 0 1 
				15
				1.33158e-06 2.79632e-06 -1 3.33786e-06 0 -1 -2.79632e-06 -0.0654595 -1 3.72352e-12 -1.33158e-06 26.8993 0 0 0 1 
				16
				1.33158e-06 2.79632e-06 -1 3.33786e-06 0 -1 -2.79632e-06 -0.0654595 -1 3.72352e-12 -1.33158e-06 26.6791 0 0 0 1 
				17
				1.33158e-06 2.79632e-06 -1 3.33786e-06 0 -1 -2.79632e-06 -0.0654595 -1 3.72352e-12 -1.33158e-06 26.1278 0 0 0 1 
				18
				1.33158e-06 2.79632e-06 -1 3.33786e-06 0 -1 -2.79632e-06 -0.0654595 -1 3.72352e-12 -1.33158e-06 25.3579 0 0 0 1 
				19
				1.33158e-06 2.79632e-06 -1 3.33786e-06 0 -1 -2.79632e-06 -0.0654595 -1 3.72352e-12 -1.33158e-06 24.4817 0 0 0 1 
				20
				1.33158e-06 2.79632e-06 -1 3.33786e-06 0 -1 -2.79632e-06 -0.0654595 -1 3.72352e-12 -1.33158e-06 23.6079 0 0 0 1 
				21
				1.33158e-06 2.79632e-06 -1 3.33786e-06 0 -1 -2.79632e-06 -0.0654595 -1 3.72352e-12 -1.33158e-06 22.8454 0 0 0 1 
				22
				1.33158e-06 2.79632e-06 -1 3.33786e-06 0 -1 -2.79632e-06 -0.0654595 -1 3.72352e-12 -1.33158e-06 22.3064 0 0 0 1 
				23
				1.33158e-06 2.79632e-06 -1 3.33786e-06 0 -1 -2.79632e-06 -0.0654595 -1 3.72352e-12 -1.33158e-06 22.1034 0 0 0 1 
				24
				1.33158e-06 2.79632e-06 -1 3.33786e-06 0 -1 -2.79632e-06 -0.0654595 -1 3.72352e-12 -1.33158e-06 22.2434 0 0 0 1 
				25
				1.33158e-06 2.66316e-06 -1 3.33786e-06 0 -1 -2.66316e-06 -0.0654595 -1 3.54621e-12 -1.33158e-06 22.6279 0 0 0 1 
				26
				1.33158e-06 2.66316e-06 -1 3.33786e-06 0 -1 -2.66316e-06 -0.0654594 -1 3.54621e-12 -1.33158e-06 23.1998 0 0 0 1 
				27
				1.33158e-06 2.66316e-06 -1 3.33786e-06 0 -1 -2.66316e-06 -0.0654594 -1 3.54621e-12 -1.33158e-06 23.9019 0 0 0 1 
				28
				1.33158e-06 2.66316e-06 -1 3.33786e-06 0 -1 -2.66316e-06 -0.0654594 -1 3.54621e-12 -1.33158e-06 24.6789 0 0 0 1 
				29
				1.33158e-06 2.66316e-06 -1 3.33786e-06 0 -1 -2.66316e-06 -0.0654593 -1 3.54621e-12 -1.33158e-06 25.4755 0 0 0 1 
				30
				1.33158e-06 2.66316e-06 -1 3.33786e-06 0 -1 -2.66316e-06 -0.0654593 -1 3.54621e-12 -1.33158e-06 26.2347 0 0 0 1 
				31
				1.33158e-06 2.66316e-06 -1 3.33786e-06 0 -1 -2.66316e-06 -0.0654593 -1 3.54621e-12 -1.33158e-06 26.8993 0 0 0 1 
		</Joint>
			2
				-1
				1.38779e-06 -1.52815e-06 -1 1.05031e-05 -0.00079765 -1 1.52704e-06 -0.053618 -1 0.00079765 -1.38901e-06 21.7219 0 0 0 1 
				0
				1.3879e-06 -1.3911e-06 -1 1.05014e-05 -0.000797649 -1 1.38999e-06 -0.0536181 -1 0.000797649 -1.38901e-06 21.1009 0 0 0 1 
				1
				1.3878e-06 -1.52008e-06 -1 1.0503e-05 -0.00079765 -1 1.51898e-06 -0.0536181 -1 0.00079765 -1.38901e-06 20.3916 0 0 0 1 
				2
				1.38791e-06 -1.38254e-06 -1 1.05013e-05 -0.000797649 -1 1.38143e-06 -0.0536182 -1 0.000797649 -1.38901e-06 19.6472 0 0 0 1 
				3
				1.38781e-06 -1.51115e-06 -1 1.05029e-05 -0.00079765 -1 1.51004e-06 -0.0536183 -1 0.00079765 -1.38901e-06 18.9212 0 0 0 1 
				4
				1.38781e-06 -1.50652e-06 -1 1.05028e-05 -0.00079765 -1 1.50541e-06 -0.0536183 -1 0.00079765 -1.38901e-06 18.2652 0 0 0 1 
				5
				1.38792e-06 -1.36871e-06 -1 1.05012e-05 -0.000797649 -1 1.3676e-06 -0.0536184 -1 0.000797649 -1.38901e-06 17.7308 0 0 0 1 
				6
				1.38792e-06 -1.3641e-06 -1 1.05011e-05 -0.000797649 -1 1.36299e-06 -0.0536184 -1 0.000797649 -1.38901e-06 17.3716 0 0 0 1 
				7
				1.38793e-06 -1.3596e-06 -1 1.05011e-05 -0.000797649 -1 1.35849e-06 -0.0536185 -1 0.000797649 -1.38901e-06 17.2407 0 0 0 1 
				8
				1.38793e-06 -1.35527e-06 -1 1.0501e-05 -0.000797649 -1 1.35417e-06 -0.0536185 -1 0.000797649 -1.38901e-06 17.4345 0 0 0 1 
				9
				1.38793e-06 -1.35119e-06 -1 1.0501e-05 -0.000797649 -1 1.35008e-06 -0.0536184 -1 0.000797649 -1.38901e-06 17.9483 0 0 0 1 
				10
				1.38783e-06 -1.48056e-06 -1 1.05025e-05 -0.00079765 -1 1.47946e-06 -0.0536184 -1 0.00079765 -1.38901e-06 18.6733 0 0 0 1 
				11
				1.38794e-06 -1.344e-06 -1 1.05009e-05 -0.000797649 -1 1.34289e-06 -0.0536184 -1 0.000797649 -1.38901e-06 19.501 0 0 0 1 
				12
				1.38784e-06 -1.47418e-06 -1 1.05024e-05 -0.00079765 -1 1.47308e-06 -0.0536183 -1 0.00079765 -1.38901e-06 20.3262 0 0 0 1 
				13
				1.38794e-06 -1.33856e-06 -1 1.05008e-05 -0.000797649 -1 1.33745e-06 -0.0536183 -1 0.000797649 -1.38901e-06 21.0439 0 0 0 1 
				14
				1.38795e-06 -1.33665e-06 -1 1.05008e-05 -0.000797649 -1 1.33555e-06 -0.0536183 -1 0.000797649 -1.38901e-06 21.5453 0 0 0 1 
				15
				1.38795e-06 -1.33538e-06 -1 1.05008e-05 -0.000797649 -1 1.33428e-06 -0.0536183 -1 0.000797649 -1.38901e-06 21.7219 0 0 0 1 
				16
				1.38795e-06 -1.33586e-06 -1 1.05008e-05 -0.00079765 -1 1.33475e-06 -0.0536183 -1 0.00079765 -1.38901e-06 21.5017 0 0 0 1 
				17
				1.38794e-06 -1.33876e-06 -1 1.05008e-05 -0.000797649 -1 1.33765e-06 -0.0536183 -1 0.000797649 -1.38901e-06 20.9505 0 0 0 1 
				18
				1.38794e-06 -1.34346e-06 -1 1.05009e-05 -0.00079765 -1 1.34236e-06 -0.0536183 -1 0.00079765 -1.38901e-06 20.1806 0 0 0 1 
				19
				1.38794e-06 -1.34935e-06 -1 1.05009e-05 -0.000797649 -1 1.34825e-06 -0.0536184 -1 0.000797649 -1.38901e-06 19.3043 0 0 0 1 
				20
				1.38793e-06 -1.35582e-06 -1 1.0501e-05 -0.00079765 -1 1.35472e-06 -0.0536184 -1 0.00079765 -1.38901e-06 18.4305 0 0 0 1 
				21
				1.38793e-06 -1.36228e-06 -1 1.05011e-05 -0.000797649 -1 1.36117e-06 -0.0536185 -1 0.000797649 -1.38901e-06 17.668 0 0 0 1 
				22
				1.38792e-06 -1.36809e-06 -1 1.05012e-05 -0.00079765 -1 1.36698e-06 -0.0536185 -1 0.00079765 -1.38901e-06 17.1291 0 0 0 1 
				23
				1.38792e-06 -1.37264e-06 -1 1.05012e-05 -0.000797649 -1 1.37153e-06 -0.0536185 -1 0.000797649 -1.38901e-06 16.926 0 0 0 1 
				24
				1.38792e-06 -1.37614e-06 -1 1.05013e-05 -0.00079765 -1 1.37504e-06 -0.0536185 -1 0.00079765 -1.38901e-06 17.0661 0 0 0 1 
				25
				1.38781e-06 -1.51243e-06 -1 1.05029e-05 -0.00079765 -1 1.51132e-06 -0.0536184 -1 0.00079765 -1.38901e-06 17.4506 0 0 0 1 
				26
				1.3878e-06 -1.51527e-06 -1 1.05029e-05 -0.00079765 -1 1.51416e-06 -0.0536184 -1 0.00079765 -1.38901e-06 18.0224 0 0 0 1 
				27
				1.3878e-06 -1.5179e-06 -1 1.05029e-05 -0.00079765 -1 1.51679e-06 -0.0536183 -1 0.00079765 -1.38901e-06 18.7245 0 0 0 1 
				28
				1.3878e-06 -1.52042e-06 -1 1.0503e-05 -0.00079765 -1 1.51931e-06 -0.0536182 -1 0.00079765 -1.38901e-06 19.5015 0 0 0 1 
				29
				1.3878e-06 -1.52291e-06 -1 1.0503e-05 -0.00079765 -1 1.5218e-06 -0.0536181 -1 0.00079765 -1.38901e-06 20.2982 0 0 0 1 
				30
				1.3878e-06 -1.52545e-06 -1 1.0503e-05 -0.00079765 -1 1.52435e-06 -0.0536181 -1 0.00079765 -1.38901e-06 21.0573 0 0 0 1 
				31
				1.38779e-06 -1.52815e-06 -1 1.05031e-05 -0.00079765 -1 1.52704e-06 -0.053618 -1 0.00079765 -1.38901e-06 21.7219 0 0 0 1 
		</Joint>
			3
				-1
				1.38777e-06 -1.55795e-06 -1 3.11416e-05 -0.00079765 -1 1.55684e-06 -0.0536385 -1 0.00079765 -1.38901e-06 6.84006 0 0 0 1 
				0
				1.38788e-06 -1.41701e-06 -1 3.114e-05 -0.000797649 -1 1.41591e-06 -0.0536385 -1 0.000797649 -1.38901e-06 6.21906 0 0 0 1 
				1
				1.38778e-06 -1.54182e-06 -1 3.11415e-05 -0.00079765 -1 1.54072e-06 -0.0536386 -1 0.00079765 -1.38901e-06 5.50969 0 0 0 1 
				2
				1.3879e-06 -1.39988e-06 -1 3.11398e-05 -0.000797649 -1 1.39878e-06 -0.0536387 -1 0.000797649 -1.38901e-06 4.7653 0 0 0 1 
				3
				1.3878e-06 -1.52395e-06 -1 3.11412e-05 -0.00079765 -1 1.52285e-06 -0.0536387 -1 0.00079765 -1.38901e-06 4.03928 0 0 0 1 
				4
				1.3878e-06 -1.51469e-06 -1 3.11411e-05 -0.00079765 -1 1.51359e-06 -0.0536388 -1 0.00079765 -1.38901e-06 3.38326 0 0 0 1 
				5
				1.38792e-06 -1.37223e-06 -1 3.11394e-05 -0.000797649 -1 1.37112e-06 -0.0536388 -1 0.000797649 -1.38901e-06 2.84894 0 0 0 1 
				6
				1.38793e-06 -1.36301e-06 -1 3.11393e-05 -0.000797649 -1 1.3619e-06 -0.0536389 -1 0.000797649 -1.38901e-06 2.48967 0 0 0 1 
				7
				1.38793e-06 -1.35401e-06 -1 3.11392e-05 -0.000797649 -1 1.3529e-06 -0.0536389 -1 0.000797649 -1.38901e-06 2.3588 0 0 0 1 
				8
				1.38794e-06 -1.34536e-06 -1 3.11391e-05 -0.000797649 -1 1.34425e-06 -0.0536389 -1 0.000797649 -1.38901e-06 2.55265 0 0 0 1 
				9
				1.38795e-06 -1.33719e-06 -1 3.1139e-05 -0.000797649 -1 1.33608e-06 -0.0536389 -1 0.000797649 -1.38901e-06 3.06638 0 0 0 1 
				10
				1.38785e-06 -1.46279e-06 -1 3.11405e-05 -0.00079765 -1 1.46168e-06 -0.0536389 -1 0.00079765 -1.38901e-06 3.79138 0 0 0 1 
				11
				1.38796e-06 -1.32281e-06 -1 3.11389e-05 -0.000797649 -1 1.3217e-06 -0.0536388 -1 0.000797649 -1.38901e-06 4.61909 0 0 0 1 
				12
				1.38786e-06 -1.45003e-06 -1 3.11404e-05 -0.00079765 -1 1.44892e-06 -0.0536388 -1 0.00079765 -1.38901e-06 5.44435 0 0 0 1 
				13
				1.38797e-06 -1.31193e-06 -1 3.11387e-05 -0.000797649 -1 1.31082e-06 -0.0536388 -1 0.000797649 -1.38901e-06 6.16199 0 0 0 1 
				14
				1.38797e-06 -1.30812e-06 -1 3.11387e-05 -0.000797649 -1 1.30701e-06 -0.0536387 -1 0.000797649 -1.38901e-06 6.66342 0 0 0 1 
				15
				1.38797e-06 -1.30558e-06 -1 3.11386e-05 -0.000797649 -1 1.30447e-06 -0.0536387 -1 0.000797649 -1.38901e-06 6.84006 0 0 0 1 
				16
				1.38797e-06 -1.30653e-06 -1 3.11387e-05 -0.00079765 -1 1.30542e-06 -0.0536387 -1 0.00079765 -1.38901e-06 6.61981 0 0 0 1 
				17
				1.38797e-06 -1.31233e-06 -1 3.11387e-05 -0.000797649 -1 1.31123e-06 -0.0536388 -1 0.000797649 -1.38901e-06 6.06857 0 0 0 1 
				18
				1.38796e-06 -1.32174e-06 -1 3.11389e-05 -0.00079765 -1 1.32064e-06 -0.0536388 -1 0.00079765 -1.38901e-06 5.29866 0 0 0 1 
				19
				1.38795e-06 -1.33352e-06 -1 3.1139e-05 -0.000797649 -1 1.33241e-06 -0.0536389 -1 0.000797649 -1.38901e-06 4.42243 0 0 0 1 
				20
				1.38794e-06 -1.34646e-06 -1 3.11391e-05 -0.00079765 -1 1.34535e-06 -0.0536389 -1 0.00079765 -1.38901e-06 3.54866 0 0 0 1 
				21
				1.38793e-06 -1.35937e-06 -1 3.11393e-05 -0.000797649 -1 1.35826e-06 -0.0536389 -1 0.000797649 -1.38901e-06 2.78612 0 0 0 1 
				22
				1.38792e-06 -1.37099e-06 -1 3.11394e-05 -0.00079765 -1 1.36988e-06 -0.0536389 -1 0.00079765 -1.38901e-06 2.24718 0 0 0 1 
				23
				1.38791e-06 -1.38009e-06 -1 3.11395e-05 -0.000797649 -1 1.37898e-06 -0.0536389 -1 0.000797649 -1.38901e-06 2.04414 0 0 0 1 
				24
				1.38791e-06 -1.3871e-06 -1 3.11396e-05 -0.00079765 -1 1.38599e-06 -0.0536389 -1 0.00079765 -1.38901e-06 2.1842 0 0 0 1 
				25
				1.3878e-06 -1.52652e-06 -1 3.11413e-05 -0.00079765 -1 1.52541e-06 -0.0536389 -1 0.00079765 -1.38901e-06 2.56869 0 0 0 1 
				26
				1.38779e-06 -1.53219e-06 -1 3.11413e-05 -0.00079765 -1 1.53108e-06 -0.0536388 -1 0.00079765 -1.38901e-06 3.14053 0 0 0 1 
				27
				1.38779e-06 -1.53746e-06 -1 3.11414e-05 -0.00079765 -1 1.53635e-06 -0.0536388 -1 0.00079765 -1.38901e-06 3.84261 0 0 0 1 
				28
				1.38778e-06 -1.5425e-06 -1 3.11415e-05 -0.00079765 -1 1.54139e-06 -0.0536387 -1 0.00079765 -1.38901e-06 4.61962 0 0 0 1 
				29
				1.38778e-06 -1.54747e-06 -1 3.11415e-05 -0.00079765 -1 1.54636e-06 -0.0536386 -1 0.00079765 -1.38901e-06 5.41627 0 0 0 1 
				30
				1.38777e-06 -1.55256e-06 -1 3.11416e-05 -0.00079765 -1 1.55146e-06 -0.0536385 -1 0.00079765 -1.38901e-06 6.17546 0 0 0 1 
				31
				1.38777e-06 -1.55795e-06 -1 3.11416e-05 -0.00079765 -1 1.55684e-06 -0.0536385 -1 0.00079765 -1.38901e-06 6.84006 0 0 0 1 
		</Joint>
			4
				-1
				1.38777e-06 -1.55795e-06 -1 5.1791e-05 -0.00079765 -1 1.55684e-06 -0.0628203 -1 0.00079765 -1.38901e-06 -8.04182 0 0 0 1 
				0
				1.38788e-06 -1.41701e-06 -1 5.17906e-05 -0.000797649 -1 1.41591e-06 -0.0628204 -1 0.000797649 -1.38901e-06 -8.66282 0 0 0 1 
				1
				1.38778e-06 -1.54182e-06 -1 5.1791e-05 -0.00079765 -1 1.54072e-06 -0.0628205 -1 0.00079765 -1.38901e-06 -9.3722 0 0 0 1 
				2
				1.3879e-06 -1.39988e-06 -1 5.17906e-05 -0.000797649 -1 1.39878e-06 -0.0628205 -1 0.000797649 -1.38901e-06 -10.1166 0 0 0 1 
				3
				1.3878e-06 -1.52395e-06 -1 5.17909e-05 -0.00079765 -1 1.52285e-06 -0.0628206 -1 0.00079765 -1.38901e-06 -10.8426 0 0 0 1 
				4
				1.3878e-06 -1.51469e-06 -1 5.17909e-05 -0.00079765 -1 1.51359e-06 -0.0628207 -1 0.00079765 -1.38901e-06 -11.4986 0 0 0 1 
				5
				1.38792e-06 -1.37223e-06 -1 5.17905e-05 -0.000797649 -1 1.37112e-06 -0.0628207 -1 0.000797649 -1.38901e-06 -12.0329 0 0 0 1 
				6
				1.38793e-06 -1.36301e-06 -1 5.17905e-05 -0.000797649 -1 1.3619e-06 -0.0628208 -1 0.000797649 -1.38901e-06 -12.3922 0 0 0 1 
				7
				1.38793e-06 -1.35401e-06 -1 5.17905e-05 -0.000797649 -1 1.3529e-06 -0.0628208 -1 0.000797649 -1.38901e-06 -12.5231 0 0 0 1 
				8
				1.38794e-06 -1.34536e-06 -1 5.17904e-05 -0.000797649 -1 1.34425e-06 -0.0628208 -1 0.000797649 -1.38901e-06 -12.3292 0 0 0 1 
				9
				1.38795e-06 -1.33719e-06 -1 5.17904e-05 -0.000797649 -1 1.33608e-06 -0.0628208 -1 0.000797649 -1.38901e-06 -11.8155 0 0 0 1 
				10
				1.38785e-06 -1.46279e-06 -1 5.17908e-05 -0.00079765 -1 1.46168e-06 -0.0628208 -1 0.00079765 -1.38901e-06 -11.0905 0 0 0 1 
				11
				1.38796e-06 -1.32281e-06 -1 5.17904e-05 -0.000797649 -1 1.3217e-06 -0.0628207 -1 0.000797649 -1.38901e-06 -10.2628 0 0 0 1 
				12
				1.38786e-06 -1.45003e-06 -1 5.17907e-05 -0.00079765 -1 1.44892e-06 -0.0628207 -1 0.00079765 -1.38901e-06 -9.43753 0 0 0 1 
				13
				1.38797e-06 -1.31193e-06 -1 5.17903e-05 -0.000797649 -1 1.31082e-06 -0.0628206 -1 0.000797649 -1.38901e-06 -8.71989 0 0 0 1 
				14
				1.38797e-06 -1.30812e-06 -1 5.17903e-05 -0.000797649 -1 1.30701e-06 -0.0628206 -1 0.000797649 -1.38901e-06 -8.21846 0 0 0 1 
				15
				1.38797e-06 -1.30558e-06 -1 5.17903e-05 -0.000797649 -1 1.30447e-06 -0.0628206 -1 0.000797649 -1.38901e-06 -8.04182 0 0 0 1 
				16
				1.38797e-06 -1.30653e-06 -1 5.17903e-05 -0.00079765 -1 1.30542e-06 -0.0628206 -1 0.00079765 -1.38901e-06 -8.26207 0 0 0 1 
				17
				1.38797e-06 -1.31233e-06 -1 5.17903e-05 -0.000797649 -1 1.31123e-06 -0.0628206 -1 0.000797649 -1.38901e-06 -8.81331 0 0 0 1 
				18
				1.38796e-06 -1.32174e-06 -1 5.17904e-05 -0.00079765 -1 1.32064e-06 -0.0628207 -1 0.00079765 -1.38901e-06 -9.58322 0 0 0 1 
				19
				1.38795e-06 -1.33352e-06 -1 5.17904e-05 -0.000797649 -1 1.33241e-06 -0.0628207 -1 0.000797649 -1.38901e-06 -10.4595 0 0 0 1 
				20
				1.38794e-06 -1.34646e-06 -1 5.17904e-05 -0.00079765 -1 1.34535e-06 -0.0628208 -1 0.00079765 -1.38901e-06 -11.3332 0 0 0 1 
				21
				1.38793e-06 -1.35937e-06 -1 5.17905e-05 -0.000797649 -1 1.35826e-06 -0.0628208 -1 0.000797649 -1.38901e-06 -12.0958 0 0 0 1 
				22
				1.38792e-06 -1.37099e-06 -1 5.17905e-05 -0.00079765 -1 1.36988e-06 -0.0628208 -1 0.00079765 -1.38901e-06 -12.6347 0 0 0 1 
				23
				1.38791e-06 -1.38009e-06 -1 5.17905e-05 -0.000797649 -1 1.37898e-06 -0.0628208 -1 0.000797649 -1.38901e-06 -12.8377 0 0 0 1 
				24
				1.38791e-06 -1.3871e-06 -1 5.17906e-05 -0.00079765 -1 1.38599e-06 -0.0628208 -1 0.00079765 -1.38901e-06 -12.6977 0 0 0 1 
				25
				1.3878e-06 -1.52652e-06 -1 5.17909e-05 -0.00079765 -1 1.52541e-06 -0.0628208 -1 0.00079765 -1.38901e-06 -12.3132 0 0 0 1 
				26
				1.38779e-06 -1.53219e-06 -1 5.1791e-05 -0.00079765 -1 1.53108e-06 -0.0628207 -1 0.00079765 -1.38901e-06 -11.7414 0 0 0 1 
				27
				1.38779e-06 -1.53746e-06 -1 5.1791e-05 -0.00079765 -1 1.53635e-06 -0.0628206 -1 0.00079765 -1.38901e-06 -11.0393 0 0 0 1 
				28
				1.38778e-06 -1.5425e-06 -1 5.1791e-05 -0.00079765 -1 1.54139e-06 -0.0628206 -1 0.00079765 -1.38901e-06 -10.2623 0 0 0 1 
				29
				1.38778e-06 -1.54747e-06 -1 5.1791e-05 -0.00079765 -1 1.54636e-06 -0.0628205 -1 0.00079765 -1.38901e-06 -9.46561 0 0 0 1 
				30
				1.38777e-06 -1.55256e-06 -1 5.1791e-05 -0.00079765 -1 1.55146e-06 -0.0628204 -1 0.00079765 -1.38901e-06 -8.70643 0 0 0 1 
				31
				1.38777e-06 -1.55795e-06 -1 5.1791e-05 -0.00079765 -1 1.55684e-06 -0.0628203 -1 0.00079765 -1.38901e-06 -8.04182 0 0 0 1 
		</Joint>
			5
				-1
				1 1.55907e-06 1.40731e-06 1.6044 -1.55907e-06 1 1.36447e-06 -0.065507 -1.40731e-06 -1.36447e-06 1 -8.04182 0 0 0 1 
				0
				1 1.41813e-06 1.40731e-06 1.6044 -1.41814e-06 1 1.36436e-06 -0.0655069 -1.40731e-06 -1.36436e-06 1 -8.66282 0 0 0 1 
				1
				1 1.54295e-06 1.40731e-06 1.6044 -1.54295e-06 1 1.36447e-06 -0.0655071 -1.40731e-06 -1.36447e-06 1 -9.37219 0 0 0 1 
				2
				1 1.401e-06 1.40731e-06 1.6044 -1.40101e-06 1 1.36436e-06 -0.065507 -1.40731e-06 -1.36436e-06 1 -10.1166 0 0 0 1 
				3
				1 1.52508e-06 1.40731e-06 1.6044 -1.52508e-06 1 1.36447e-06 -0.0655073 -1.40731e-06 -1.36447e-06 1 -10.8426 0 0 0 1 
				4
				1 1.51582e-06 1.40731e-06 1.6044 -1.51582e-06 1 1.36447e-06 -0.0655073 -1.40731e-06 -1.36447e-06 1 -11.4986 0 0 0 1 
				5
				1 1.37335e-06 1.40731e-06 1.6044 -1.37335e-06 1 1.36436e-06 -0.0655071 -1.40731e-06 -1.36436e-06 1 -12.0329 0 0 0 1 
				6
				1 1.36413e-06 1.40731e-06 1.6044 -1.36413e-06 1 1.36436e-06 -0.0655072 -1.40731e-06 -1.36436e-06 1 -12.3922 0 0 0 1 
				7
				1 1.35513e-06 1.40731e-06 1.6044 -1.35513e-06 1 1.36436e-06 -0.0655072 -1.40731e-06 -1.36436e-06 1 -12.5231 0 0 0 1 
				8
				1 1.34648e-06 1.40731e-06 1.6044 -1.34648e-06 1 1.36436e-06 -0.0655072 -1.40731e-06 -1.36436e-06 1 -12.3292 0 0 0 1 
				9
				1 1.33831e-06 1.40731e-06 1.6044 -1.33831e-06 1 1.36436e-06 -0.0655071 -1.40731e-06 -1.36436e-06 1 -11.8155 0 0 0 1 
				10
				1 1.46391e-06 1.40731e-06 1.6044 -1.46391e-06 1 1.36447e-06 -0.0655073 -1.40731e-06 -1.36447e-06 1 -11.0905 0 0 0 1 
				11
				1 1.32393e-06 1.40731e-06 1.6044 -1.32393e-06 1 1.36436e-06 -0.065507 -1.40731e-06 -1.36436e-06 1 -10.2628 0 0 0 1 
				12
				1 1.45115e-06 1.40731e-06 1.6044 -1.45115e-06 1 1.36447e-06 -0.0655072 -1.40731e-06 -1.36447e-06 1 -9.43752 0 0 0 1 
				13
				1 1.31305e-06 1.40731e-06 1.6044 -1.31305e-06 1 1.36436e-06 -0.0655069 -1.40731e-06 -1.36436e-06 1 -8.71989 0 0 0 1 
				14
				1 1.30924e-06 1.40731e-06 1.6044 -1.30924e-06 1 1.36436e-06 -0.0655069 -1.40731e-06 -1.36436e-06 1 -8.21846 0 0 0 1 
				15
				1 1.3067e-06 1.40731e-06 1.6044 -1.3067e-06 1 1.36436e-06 -0.0655069 -1.40731e-06 -1.36436e-06 1 -8.04182 0 0 0 1 
				16
				1 1.30765e-06 1.40731e-06 1.6044 -1.30765e-06 1 1.36447e-06 -0.0655069 -1.40731e-06 -1.36447e-06 1 -8.26206 0 0 0 1 
				17
				1 1.31345e-06 1.40731e-06 1.6044 -1.31346e-06 1 1.36436e-06 -0.0655069 -1.40731e-06 -1.36436e-06 1 -8.81331 0 0 0 1 
				18
				1 1.32286e-06 1.40731e-06 1.6044 -1.32287e-06 1 1.36447e-06 -0.065507 -1.40731e-06 -1.36447e-06 1 -9.58322 0 0 0 1 
				19
				1 1.33464e-06 1.40731e-06 1.6044 -1.33464e-06 1 1.36436e-06 -0.0655071 -1.40731e-06 -1.36436e-06 1 -10.4594 0 0 0 1 
				20
				1 1.34758e-06 1.40731e-06 1.6044 -1.34758e-06 1 1.36447e-06 -0.0655071 -1.40731e-06 -1.36447e-06 1 -11.3332 0 0 0 1 
				21
				1 1.36049e-06 1.40731e-06 1.6044 -1.36049e-06 1 1.36436e-06 -0.0655072 -1.40731e-06 -1.36436e-06 1 -12.0958 0 0 0 1 
				22
				1 1.37211e-06 1.40731e-06 1.6044 -1.37211e-06 1 1.36447e-06 -0.0655072 -1.40731e-06 -1.36447e-06 1 -12.6347 0 0 0 1 
				23
				1 1.38121e-06 1.40731e-06 1.6044 -1.38121e-06 1 1.36436e-06 -0.0655072 -1.40731e-06 -1.36436e-06 1 -12.8377 0 0 0 1 
				24
				1 1.38822e-06 1.40731e-06 1.6044 -1.38823e-06 1 1.36447e-06 -0.0655072 -1.40731e-06 -1.36447e-06 1 -12.6977 0 0 0 1 
				25
				1 1.52764e-06 1.40731e-06 1.6044 -1.52764e-06 1 1.36447e-06 -0.0655074 -1.40731e-06 -1.36447e-06 1 -12.3132 0 0 0 1 
				26
				1 1.53331e-06 1.40731e-06 1.6044 -1.53331e-06 1 1.36447e-06 -0.0655074 -1.40731e-06 -1.36447e-06 1 -11.7413 0 0 0 1 
				27
				1 1.53858e-06 1.40731e-06 1.6044 -1.53858e-06 1 1.36447e-06 -0.0655073 -1.40731e-06 -1.36447e-06 1 -11.0393 0 0 0 1 
				28
				1 1.54362e-06 1.40731e-06 1.6044 -1.54362e-06 1 1.36447e-06 -0.0655072 -1.40731e-06 -1.36447e-06 1 -10.2623 0 0 0 1 
				29
				1 1.54859e-06 1.40731e-06 1.6044 -1.54859e-06 1 1.36447e-06 -0.0655072 -1.40731e-06 -1.36447e-06 1 -9.46561 0 0 0 1 
				30
				1 1.55368e-06 1.40731e-06 1.6044 -1.55369e-06 1 1.36447e-06 -0.0655071 -1.40731e-06 -1.36447e-06 1 -8.70642 0 0 0 1 
				31
				1 1.55907e-06 1.40731e-06 1.6044 -1.55907e-06 1 1.36447e-06 -0.065507 -1.40731e-06 -1.36447e-06 1 -8.04182 0 0 0 1 
		</Joint>
			6
				-1
				0.131636 -0.071996 -0.98868 9.07601 -0.688528 0.710883 -0.143439 -0.0655187 0.713163 0.699616 0.0440064 -8.04183 0 0 0 1 
				0
				0.128402 -0.0762612 -0.988785 9.07601 -0.599958 0.78792 -0.138679 -0.0655175 0.78966 0.611037 0.0554167 -8.66283 0 0 0 1 
				1
				0.124158 -0.0805071 -0.988991 9.07601 -0.49333 0.85978 -0.131922 -0.0655187 0.860936 0.504278 0.0670324 -9.3722 0 0 0 1 
				2
				0.118914 -0.0844276 -0.989308 9.07601 -0.370484 0.920645 -0.1231 -0.0655175 0.921195 0.381161 0.0781986 -10.1166 0 0 0 1 
				3
				0.113672 -0.0876206 -0.989647 9.07601 -0.234588 0.965571 -0.112434 -0.0655187 0.965426 0.24494 0.0892032 -10.8426 0 0 0 1 
				4
				0.111216 -0.0900292 -0.98971 9.07601 -0.0878622 0.991098 -0.100029 -0.0655186 0.989905 0.098083 0.102316 -11.4986 0 0 0 1 
				5
				0.105907 -0.0914625 -0.990161 9.07601 0.0515164 0.994928 -0.0863927 -0.0655174 0.993041 -0.0418599 0.110082 -12.0329 0 0 0 1 
				6
				0.0942791 -0.0921826 -0.991269 9.07601 0.200656 0.977029 -0.0717741 -0.0655174 0.975115 -0.192137 0.11061 -12.3922 0 0 0 1 
				7
				0.0878367 -0.0918072 -0.991895 9.07601 0.336992 0.939772 -0.0571407 -0.0655173 0.937401 -0.329241 0.113485 -12.5231 0 0 0 1 
				8
				0.0816353 -0.090544 -0.992541 9.07601 0.460153 0.886795 -0.0430504 -0.0655172 0.884079 -0.453206 0.114058 -12.3292 0 0 0 1 
				9
				0.0763882 -0.0887224 -0.993123 9.07601 0.567214 0.823027 -0.0298981 -0.0655171 0.82002 -0.56103 0.113194 -11.8155 0 0 0 1 
				10
				0.0718284 -0.0865024 -0.993659 9.07601 0.656342 0.754244 -0.0182155 -0.0655182 0.751037 -0.650871 0.110951 -11.0905 0 0 0 1 
				11
				0.068019 -0.0841312 -0.99413 9.07601 0.727066 0.686516 -0.00835213 -0.0655169 0.683189 -0.722231 0.107865 -10.2628 0 0 0 1 
				12
				0.065067 -0.0819012 -0.994514 9.07601 0.780085 0.625674 -0.000488306 -0.065518 0.622282 -0.775773 0.104601 -9.43753 0 0 0 1 
				13
				0.0629842 -0.0800721 -0.994797 9.07601 0.816718 0.577012 0.00526512 -0.0655167 0.573588 -0.812801 0.101739 -8.7199 0 0 0 1 
				14
				0.061728 -0.0788522 -0.994973 9.07601 0.838286 0.54516 0.0088029 -0.0655167 0.541726 -0.834615 0.0997524 -8.21847 0 0 0 1 
				15
				0.0612997 -0.0784156 -0.995034 9.07601 0.845492 0.533894 0.0100125 -0.0655167 0.530458 -0.841907 0.0990273 -8.04183 0 0 0 1 
				16
				0.0617279 -0.0788522 -0.994973 9.07601 0.838286 0.54516 0.00880285 -0.0655167 0.541726 -0.834615 0.0997523 -8.26207 0 0 0 1 
				17
				0.0629842 -0.0800721 -0.994797 9.07601 0.816718 0.577012 0.00526512 -0.0655168 0.573588 -0.812801 0.101739 -8.81332 0 0 0 1 
				18
				0.0650669 -0.0819014 -0.994514 9.07601 0.780085 0.625674 -0.000488517 -0.0655169 0.622282 -0.775773 0.104601 -9.58323 0 0 0 1 
				19
				0.068019 -0.0841312 -0.99413 9.07601 0.727066 0.686516 -0.00835212 -0.065517 0.683189 -0.722231 0.107865 -10.4595 0 0 0 1 
				20
				0.0718283 -0.0865023 -0.993659 9.07601 0.656342 0.754244 -0.0182155 -0.0655172 0.751037 -0.650871 0.110951 -11.3332 0 0 0 1 
				21
				0.0763882 -0.0887224 -0.993123 9.07601 0.567214 0.823027 -0.0298981 -0.0655174 0.82002 -0.56103 0.113194 -12.0958 0 0 0 1 
				22
				0.0816353 -0.0905441 -0.992541 9.07601 0.460153 0.886795 -0.0430505 -0.0655175 0.884079 -0.453206 0.114058 -12.6347 0 0 0 1 
				23
				0.0878367 -0.0918072 -0.991895 9.07601 0.336992 0.939772 -0.0571407 -0.0655176 0.937401 -0.329241 0.113485 -12.8377 0 0 0 1 
				24
				0.0942791 -0.0921828 -0.991269 9.07601 0.200656 0.977029 -0.0717743 -0.0655176 0.975115 -0.192137 0.11061 -12.6977 0 0 0 1 
				25
				0.105907 -0.0914623 -0.990161 9.07601 0.0515164 0.994928 -0.0863925 -0.0655188 0.993041 -0.0418599 0.110082 -12.3132 0 0 0 1 
				26
				0.111217 -0.090029 -0.98971 9.07601 -0.0878623 0.991098 -0.100029 -0.0655188 0.989905 0.098083 0.102316 -11.7414 0 0 0 1 
				27
				0.113672 -0.0876206 -0.989647 9.07601 -0.234588 0.965571 -0.112434 -0.0655188 0.965426 0.24494 0.0892032 -11.0393 0 0 0 1 
				28
				0.118914 -0.0844275 -0.989309 9.07601 -0.370484 0.920646 -0.1231 -0.0655188 0.921195 0.381162 0.0781986 -10.2623 0 0 0 1 
				29
				0.124159 -0.0805073 -0.988991 9.07601 -0.49333 0.85978 -0.131922 -0.0655187 0.860936 0.504278 0.0670324 -9.46562 0 0 0 1 
				30
				0.128402 -0.0762612 -0.988786 9.07601 -0.599958 0.78792 -0.138679 -0.0655187 0.78966 0.611037 0.0554168 -8.70643 0 0 0 1 
				31
				0.131636 -0.071996 -0.98868 9.07601 -0.688528 0.710883 -0.143439 -0.0655187 0.713163 0.699616 0.0440064 -8.04183 0 0 0 1 
		</Joint>
			7
				-1
				0.0770645 0.128734 -0.98868 11.1028 -0.737141 -0.660339 -0.143439 -10.667 -0.67133 0.739851 0.0440064 2.93896 0 0 0 1 
				0
				0.0765994 0.1282 -0.988785 11.0531 -0.789499 -0.59788 -0.138679 -9.30327 -0.608953 0.791268 0.0554167 3.49581 0 0 0 1 
				1
				0.0758398 0.127063 -0.988991 10.9877 -0.840863 -0.524925 -0.131922 -7.66148 -0.535909 0.841611 0.0670324 3.88389 0 0 0 1 
				2
				0.0747022 0.125252 -0.989308 10.907 -0.888262 -0.442535 -0.1231 -5.76997 -0.453222 0.887961 0.0781986 4.06734 0 0 0 1 
				3
				0.0728949 0.123632 -0.989647 10.8262 -0.929161 -0.352164 -0.112434 -3.67754 -0.362419 0.927737 0.0892033 4.02235 0 0 0 1 
				4
				0.0699965 0.124799 -0.98971 10.7884 -0.962111 -0.253647 -0.100029 -1.41836 -0.263521 0.959212 0.102316 3.74324 0 0 0 1 
				5
				0.0667576 0.122984 -0.990161 10.7067 -0.983007 -0.161968 -0.0863927 0.727696 -0.170999 0.979102 0.110082 3.25721 0 0 0 1 
				6
				0.0648265 0.11482 -0.991269 10.5277 -0.995765 -0.0574419 -0.0717741 3.02404 -0.0651815 0.991724 0.11061 2.62193 0 0 0 1 
				7
				0.0613076 0.111289 -0.991895 10.4285 -0.997554 0.0402559 -0.0571407 5.12325 0.0335705 0.992972 0.113485 1.91037 0 0 0 1 
				8
				0.0575329 0.107483 -0.992541 10.333 -0.990246 0.13251 -0.0430504 7.0196 0.126894 0.985337 0.114058 1.2832 0 0 0 1 
				9
				0.0536081 0.104082 -0.993123 10.2522 -0.97566 0.217241 -0.0298981 8.66806 0.212635 0.970553 0.113194 0.810592 0 0 0 1 
				10
				0.0497655 0.100823 -0.993659 10.182 -0.95612 0.29241 -0.0182155 10.0404 0.288719 0.950963 0.110951 0.47345 0 0 0 1 
				11
				0.0461985 0.0978282 -0.99413 10.1233 -0.934316 0.356348 -0.0083521 11.1294 0.35344 0.929218 0.107865 0.256482 0 0 0 1 
				12
				0.0431004 0.0953093 -0.994514 10.0779 -0.913067 0.407809 -0.000488306 11.9457 0.405525 0.908079 0.104601 0.143929 0 0 0 1 
				13
				0.0406685 0.0934057 -0.994797 10.0458 -0.895115 0.445804 0.00526515 12.5097 0.443977 0.890243 0.101739 0.111826 0 0 0 1 
				14
				0.0390925 0.0921944 -0.994973 10.0265 -0.882946 0.469392 0.00880293 12.8418 0.467844 0.878164 0.0997524 0.122651 0 0 0 1 
				15
				0.0385378 0.0917687 -0.995034 10.0199 -0.878567 0.477514 0.0100126 12.9528 0.476062 0.873818 0.0990273 0.125799 0 0 0 1 
				16
				0.0390926 0.0921943 -0.994973 10.0265 -0.882946 0.469392 0.00880286 12.8418 0.467844 0.878164 0.0997523 0.0790496 0 0 0 1 
				17
				0.0406685 0.0934057 -0.994797 10.0458 -0.895115 0.445805 0.00526515 12.5098 0.443977 0.890243 0.101739 0.0184081 0 0 0 1 
				18
				0.0431007 0.0953093 -0.994514 10.0779 -0.913067 0.407809 -0.000488517 11.9457 0.405525 0.908079 0.104601 -0.00176204 0 0 0 1 
				19
				0.0461985 0.0978282 -0.99413 10.1233 -0.934316 0.356348 -0.00835209 11.1294 0.35344 0.929218 0.107865 0.0598249 0 0 0 1 
				20
				0.0497655 0.100823 -0.993659 10.182 -0.95612 0.29241 -0.0182155 10.0404 0.288719 0.950963 0.110951 0.230722 0 0 0 1 
				21
				0.0536081 0.104082 -0.993123 10.2522 -0.97566 0.217241 -0.029898 8.66806 0.212635 0.970553 0.113194 0.530337 0 0 0 1 
				22
				0.0575331 0.107483 -0.992541 10.333 -0.990246 0.13251 -0.0430505 7.01961 0.126894 0.985337 0.114058 0.977732 0 0 0 1 
				23
				0.0613075 0.111289 -0.991895 10.4285 -0.997554 0.0402559 -0.0571407 5.12325 0.0335705 0.992972 0.113485 1.59572 0 0 0 1 
				24
				0.0648266 0.11482 -0.991269 10.5277 -0.995765 -0.0574419 -0.0717743 3.02404 -0.0651815 0.991724 0.11061 2.31646 0 0 0 1 
				25
				0.0667575 0.122984 -0.990161 10.7067 -0.983007 -0.161968 -0.0863925 0.727695 -0.170999 0.979102 0.110082 2.97696 0 0 0 1 
				26
				0.0699964 0.124799 -0.98971 10.7884 -0.962111 -0.253648 -0.100029 -1.41836 -0.263521 0.959212 0.102316 3.50051 0 0 0 1 
				27
				0.0728949 0.123632 -0.989647 10.8262 -0.929161 -0.352164 -0.112434 -3.67754 -0.362419 0.927737 0.0892033 3.82569 0 0 0 1 
				28
				0.0747021 0.125252 -0.989309 10.907 -0.888262 -0.442535 -0.1231 -5.76998 -0.453222 0.887961 0.0781986 3.92166 0 0 0 1 
				29
				0.07584 0.127063 -0.988991 10.9877 -0.840863 -0.524925 -0.131922 -7.66148 -0.535909 0.84161 0.0670324 3.79047 0 0 0 1 
				30
				0.0765993 0.1282 -0.988786 11.0531 -0.789499 -0.59788 -0.138679 -9.30327 -0.608953 0.791268 0.0554168 3.45221 0 0 0 1 
				31
				0.0770645 0.128734 -0.98868 11.1028 -0.737141 -0.660339 -0.143439 -10.667 -0.67133 0.739851 0.0440064 2.93896 0 0 0 1 
		</Joint>
			8
				-1
				0.0770645 -0.988577 -0.129521 12.2894 -0.737141 -0.143965 0.660225 -22.017 -0.67133 0.0445955 -0.739815 -7.39772 0 0 0 1 
				0
				0.0824361 -0.988686 -0.125315 12.2325 -0.816258 -0.139125 0.560684 -21.4594 -0.571775 0.0560685 -0.818492 -5.88044 0 0 0 1 
				1
				0.0877666 -0.988896 -0.119925 12.1554 -0.887665 -0.132273 0.441084 -20.6085 -0.452049 0.0677407 -0.889417 -4.36766 0 0 0 1 
				2
				0.0926765 -0.989218 -0.113392 12.0572 -0.944678 -0.123342 0.303925 -19.4468 -0.314634 0.0789519 -0.945924 -2.91106 0 0 0 1 
				3
				0.0967756 -0.989563 -0.106774 11.9486 -0.981743 -0.112556 0.153338 -17.9841 -0.163755 0.0899856 -0.982389 -1.55793 0 0 0 1 
				4
				0.100242 -0.989628 -0.102895 11.8662 -0.994958 -0.100023 -0.00730156 -16.2323 -0.00306604 0.103108 -0.994665 -0.314268 0 0 0 1 
				5
				0.102357 -0.990084 -0.0962068 11.7346 -0.983558 -0.0862664 -0.158652 -14.408 0.14878 0.110864 -0.982636 0.624287 0 0 0 1 
				6
				0.102841 -0.991203 -0.0833112 11.5258 -0.945847 -0.071522 -0.316636 -12.3081 0.307892 0.111363 -0.944882 1.61831 0 0 0 1 
				7
				0.102596 -0.991835 -0.0757422 11.3724 -0.887078 -0.0567759 -0.458114 -10.2364 0.450073 0.11419 -0.885661 2.42727 0 0 0 1 
				8
				0.101302 -0.992486 -0.068617 11.2188 -0.811754 -0.0425866 -0.582445 -8.22753 0.575147 0.114703 -0.809969 3.23703 0 0 0 1 
				9
				0.0994056 -0.993073 -0.0626401 11.0776 -0.726105 -0.0293511 -0.686957 -6.35448 0.680361 0.113771 -0.723993 4.08461 0 0 0 1 
				10
				0.0970566 -0.993613 -0.0575538 10.9482 -0.637132 -0.0176019 -0.770554 -4.68129 0.76462 0.111457 -0.634771 4.91894 0 0 0 1 
				11
				0.094535 -0.994088 -0.0534013 10.8347 -0.55189 -0.00768811 -0.833881 -3.2566 0.828541 0.108303 -0.549355 5.69851 0 0 0 1 
				12
				0.092172 -0.994474 -0.0502473 10.7415 -0.476883 0.000211559 -0.878967 -2.11309 0.87412 0.104978 -0.474228 6.38793 0 0 0 1 
				13
				0.0902461 -0.994759 -0.0480595 10.672 -0.417808 0.00598866 -0.908515 -1.27262 0.904042 0.10207 -0.415078 6.94788 0 0 0 1 
				14
				0.0889667 -0.994936 -0.046759 10.6284 -0.379542 0.00953958 -0.925125 -0.753167 0.920887 0.100052 -0.376772 7.3262 0 0 0 1 
				15
				0.0885095 -0.994998 -0.0463195 10.6132 -0.366081 0.0107535 -0.930521 -0.574788 0.926364 0.0993166 -0.363298 7.45588 0 0 0 1 
				16
				0.0889667 -0.994937 -0.0467589 10.6284 -0.379543 0.0095395 -0.925125 -0.753168 0.920887 0.100052 -0.376772 7.28259 0 0 0 1 
				17
				0.0902461 -0.994759 -0.0480595 10.672 -0.417808 0.00598866 -0.908515 -1.27261 0.904042 0.10207 -0.415078 6.85446 0 0 0 1 
				18
				0.0921722 -0.994474 -0.0502471 10.7415 -0.476883 0.000211333 -0.878967 -2.11309 0.874121 0.104978 -0.474228 6.24224 0 0 0 1 
				19
				0.094535 -0.994088 -0.0534013 10.8347 -0.55189 -0.00768811 -0.833881 -3.2566 0.828541 0.108303 -0.549355 5.50185 0 0 0 1 
				20
				0.0970565 -0.993613 -0.0575537 10.9482 -0.637132 -0.0176019 -0.770554 -4.68129 0.76462 0.111457 -0.634771 4.67622 0 0 0 1 
				21
				0.0994056 -0.993073 -0.0626401 11.0776 -0.726105 -0.029351 -0.686957 -6.35448 0.680361 0.113771 -0.723993 3.80435 0 0 0 1 
				22
				0.101302 -0.992487 -0.068617 11.2188 -0.811754 -0.0425867 -0.582445 -8.22753 0.575147 0.114703 -0.809969 2.93156 0 0 0 1 
				23
