<?xml version='1.0' encoding='UTF-8' ?>
<itpanim>
	<skeleton count>
		2
			0 -1
			-0.00892834 -8.94047e-08 -0.99996 -0.00471309 -0.99996 1.67652e-05 0.00892834 0.270031 1.67637e-05 1 -2.39087e-07 -4.52723e-06 0 0 0 1 
			1 0
			1.68738e-07 6.15393e-17 -1 -25.716 -1 -1.81893e-12 -1.68738e-07 0.0404301 -1.81893e-12 1 6.12323e-17 1.12405e-06 0 0 0 1 
	</skeleton>
		<animations>
			0
				-1
				-0.0089284 -0.99996 1.67501e-05 0.269978 -8.94052e-08 1.67516e-05 1 -3.11392e-10 -0.99996 0.0089284 -2.38966e-07 -0.00712383 0 0 0 1 
				0
				-0.0089284 -0.99996 1.67501e-05 0.269978 -8.94052e-08 1.67516e-05 1 -3.11392e-10 -0.99996 0.0089284 -2.38966e-07 -0.00712383 0 0 0 1 
				1
				-0.0089284 -0.99996 1.67501e-05 0.269978 -8.94052e-08 1.67516e-05 1 -3.11392e-10 -0.99996 0.0089284 -2.38966e-07 -0.00712383 0 0 0 1 
				2
				-0.0089284 -0.99996 1.67501e-05 0.269978 -8.94052e-08 1.67516e-05 1 -3.11392e-10 -0.99996 0.0089284 -2.38966e-07 -0.00712383 0 0 0 1 
				3
				-0.0089284 -0.99996 1.67501e-05 0.269978 -8.94052e-08 1.67516e-05 1 -3.11392e-10 -0.99996 0.0089284 -2.38966e-07 -0.00712383 0 0 0 1 
				4
				-0.0089284 -0.99996 1.67501e-05 0.269978 -8.94052e-08 1.67516e-05 1 -3.11392e-10 -0.99996 0.0089284 -2.38966e-07 -0.00712383 0 0 0 1 
				5
				-0.0089284 -0.99996 1.67501e-05 0.269978 -8.94052e-08 1.67516e-05 1 -3.11392e-10 -0.99996 0.0089284 -2.38966e-07 -0.00712383 0 0 0 1 
				6
				-0.0089284 -0.99996 1.67501e-05 0.269978 -8.94052e-08 1.67516e-05 1 -3.11392e-10 -0.99996 0.0089284 -2.38966e-07 -0.00712383 0 0 0 1 
				7
				-0.0089284 -0.99996 1.67501e-05 0.269978 -8.94052e-08 1.67516e-05 1 -3.11392e-10 -0.99996 0.0089284 -2.38966e-07 -0.00712383 0 0 0 1 
		</Joint>
			1
				-1
				2.18687e-07 -1 -1.36082e-08 0.0404331 0 -1.36082e-08 1 -1.12406e-06 -1 -2.18687e-07 -2.97594e-15 -25.716 0 0 0 1 
				0
				0.067469 -0.997721 1.14084e-08 0.0404331 -1.17316e-06 -6.78985e-08 1 -1.12406e-06 -0.997721 -0.067469 -1.17507e-06 -25.716 0 0 0 1 
				1
				0.243028 -0.970019 4.415e-07 0.0404331 -4.10718e-06 -5.73866e-07 1 -1.12406e-06 -0.970019 -0.243028 -4.12351e-06 -25.716 0 0 0 1 
				2
				0.476833 -0.878994 1.92175e-06 0.0404331 -8.00169e-06 -2.15442e-06 1 -1.12406e-06 -0.878994 -0.476833 -8.06074e-06 -25.716 0 0 0 1 
				3
				0.707107 -0.707107 4.75822e-06 0.0404331 -1.18177e-05 -5.08858e-06 1 -1.12406e-06 -0.707107 -0.707107 -1.19546e-05 -25.716 0 0 0 1 
				4
				0.878994 -0.476833 8.58488e-06 0.0404331 -1.46418e-05 -8.98676e-06 1 -1.12406e-06 -0.476833 -0.878994 -1.4881e-05 -25.716 0 0 0 1 
				5
				0.970019 -0.243029 1.24865e-05 0.0404331 -1.61106e-05 -1.29248e-05 1 -1.12406e-06 -0.243029 -0.970019 -1.64526e-05 -25.716 0 0 0 1 
				6
				0.997721 -0.0674694 1.54242e-05 0.0404331 -1.65327e-05 -1.5872e-05 1 -1.12406e-06 -0.0674694 -0.997721 -1.69513e-05 -25.716 0 0 0 1 
				7
				1 -1.33436e-07 1.65547e-05 0.0404331 -1.65547e-05 -1.70027e-05 1 -1.12406e-06 -1.33155e-07 -1 -1.70027e-05 -25.716 0 0 0 1 
		</Joint>
		</animation>
</animations>
</itpanim>