<?xml version='1.0' encoding='UTF-8' ?>
<itpanim>
	<skeleton count>
		25
			0 -1
			1.37091e-06 -1 -6.12323e-17 1.44664e-05 1 1.37091e-06 -6.12323e-17 -3.33788e-06 6.12323e-17 -6.12323e-17 1 -21.2087 0 0 0 1 
			1 0
			1.3868e-06 4.78456e-08 -1 21.2087 2.75771e-06 -1 -4.78418e-08 1.44663e-05 -1 -2.75771e-06 -1.3868e-06 3.27502e-05 0 0 0 1 
			2 1
			1.40269e-06 -0.000796318 -1 16.0314 0 -1 0.000796318 -0.000903716 -1 -1.11699e-09 -1.40269e-06 3.34038e-06 0 0 0 1 
			3 2
			1.40269e-06 -0.000796318 -1 1.14949 0 -1 0.000796318 0.0109463 -1 -1.11699e-09 -1.40269e-06 3.30752e-06 0 0 0 1 
			4 3
			1.40269e-06 -0.000796318 -1 -13.7324 0 -1 0.000796318 0.013635 -1 -1.11699e-09 -1.40269e-06 3.30006e-06 0 0 0 1 
			5 4
			1 1.37091e-06 4.37113e-08 -1.60435 -1.37091e-06 1 3.58059e-15 -1.09939e-05 -4.37113e-08 -6.35048e-14 1 13.7324 0 0 0 1 
			6 5
			0.994967 0.0993349 -0.0131664 -9.21109 -0.0994537 0.995004 -0.00869969 0.783147 0.0122365 0.00996535 0.999875 13.6196 0 0 0 1 
			7 6
			0.994892 -0.100322 -0.0111756 -24.2735 0.100198 0.994905 -0.011142 -4.1214 0.0122365 0.00996535 0.999875 13.6196 0 0 0 1 
			8 7
			0.994892 -0.100322 -0.0111756 -39.6708 0.0123163 0.0107576 0.999866 13.6163 -0.100188 -0.994897 0.0119382 4.13224 0 0 0 1 
			9 4
			-1 -1.37091e-06 4.37114e-08 -1.60434 -1.37091e-06 1 3.84662e-15 -1.09939e-05 -4.37115e-08 -5.60777e-14 -1 -13.7324 0 0 0 1 
			10 9
			-0.994967 0.0993346 -0.0131667 -9.21109 0.0994535 0.995004 -0.00870241 0.783132 0.0122364 -0.00996808 -0.999875 -13.6196 0 0 0 1 
			11 10
			-0.994892 -0.100322 -0.0111753 -24.2735 -0.100198 0.994905 -0.0111448 -4.12141 0.0122364 -0.00996809 -0.999875 -13.6196 0 0 0 1 
			12 11
			-0.994892 -0.100322 -0.0111753 -39.6708 -0.0123162 0.0107603 0.999866 13.6163 -0.100189 0.994897 -0.0119409 -4.13226 0 0 0 1 
			13 4
			1.34309e-06 -5.95475e-08 -1 -17.1089 -1.40269e-06 -1 5.95456e-08 1.08463e-05 -1 1.40269e-06 -1.34309e-06 -1.9641e-05 0 0 0 1 
			14 13
			1 -0 0 0 0 1 0 0 -0 -0 1 -0 0 0 0 1 
			15 2
			1.37369e-06 -0.0998334 0.995004 -21.1028 0 -0.995004 -0.0998334 2.11735 1 1.3714e-07 -1.36683e-06 -4.58386 0 0 0 1 
			16 15
			1.37369e-06 0.0998334 0.995004 -40.7016 0 -0.995004 0.0998334 -6.09021 1 -1.3714e-07 -1.36683e-06 -4.58386 0 0 0 1 
			17 16
			1.3716e-06 -6.00745e-14 1 -61.0038 0 -1 -6.00745e-14 1.29981e-05 1 8.23984e-20 -1.3716e-06 -4.58385 0 0 0 1 
			18 17
			1.3723e-06 -1 -6.00133e-14 -6.78409 0 6.00133e-14 -1 65.6032 1 1.3723e-06 8.23562e-20 -4.58386 0 0 0 1 
			19 18
			1 -0 0 0 0 1 0 0 -0 -0 1 -0 0 0 0 1 
			20 2
			1.37369e-06 -0.0998334 0.995004 -21.1028 0 -0.995004 -0.0998334 2.11735 1 1.3714e-07 -1.36683e-06 4.58385 0 0 0 1 
			21 20
			1.37369e-06 0.0998334 0.995004 -40.7016 0 -0.995004 0.0998334 -6.09021 1 -1.3714e-07 -1.36683e-06 4.58385 0 0 0 1 
			22 21
			1.3716e-06 -6.00745e-14 1 -61.0038 0 -1 -6.00745e-14 1.29981e-05 1 8.23984e-20 -1.3716e-06 4.58386 0 0 0 1 
			23 22
			1.3723e-06 -1 5.98908e-14 -6.78409 0 -5.98908e-14 -1 65.6032 1 1.3723e-06 -8.21882e-20 4.58386 0 0 0 1 
			24 23
			1 -0 0 0 0 1 0 0 -0 -0 1 -0 0 0 0 1 
	</skeleton>
		<animations>
			33
			0
				-1
				-0.573575 0.819153 -2.02144e-33 3.33786e-06 -0.819153 -0.573575 -1.36318e-32 8.68908e-07 -1.2326e-32 -6.16298e-33 1 24.2755 0 0 0 1 
				0
				-0.49726 0.867602 -1.0694e-32 0.47053 -0.867602 -0.49726 6.1292e-33 -0.344048 -0 1.2326e-32 1 25.4848 0 0 0 1 
				1
				-0.412706 0.910864 2.28017e-33 0.964933 -0.910864 -0.412706 1.2499e-32 -0.705556 1.2326e-32 3.08149e-33 1 26.7555 0 0 0 1 
				2
				-0.322709 0.946498 1.06107e-33 1.4688 -0.946498 -0.322709 1.26609e-32 -1.07398 1.2326e-32 3.08149e-33 1 28.0504 0 0 0 1 
				3
				-0.230615 0.973045 -5.84097e-33 1.9677 -0.973045 -0.230615 -1.12831e-32 -1.43878 -1.2326e-32 3.08149e-33 1 29.3326 0 0 0 1 
				4
				-0.140003 0.990151 1.52557e-33 2.44769 -0.990151 -0.140003 -2.15709e-34 -1.78975 -0 -1.54074e-33 1 30.5662 0 0 0 1 
				5
				-0.0545133 0.998513 9.72981e-35 2.89479 -0.998513 -0.0545133 -1.23496e-32 -2.11667 -1.2326e-32 -7.70372e-34 1 31.7153 0 0 0 1 
				6
				0.0222925 0.999751 8.22316e-35 3.2946 -0.999751 0.0222925 -1.23272e-32 -2.40901 -1.2326e-32 1.92593e-34 1 32.7428 0 0 0 1 
				7
				0.0871571 0.996195 -1.07429e-33 3.63268 -0.996195 0.0871571 1.2279e-32 -2.65621 1.2326e-32 -0 1 33.6117 0 0 0 1 
				8
				0.135846 0.99073 -1.67444e-33 3.92712 -0.99073 0.135846 1.22117e-32 -2.78139 1.2326e-32 -0 1 34.1556 0 0 0 1 
				9
				0.159308 0.987229 -1.52107e-33 4.11804 -0.987229 0.159308 -2.45453e-34 -2.76689 -0 1.54074e-33 1 34.2825 0 0 0 1 
				10
				0.146818 0.989163 0 4.06629 -0.989163 0.146818 0 -2.69705 -0 -0 1 34.0739 0 0 0 1 
				11
				0.0871571 0.996195 -1.07429e-33 3.63268 -0.996195 0.0871571 1.2279e-32 -2.65621 1.2326e-32 -0 1 33.6117 0 0 0 1 
				12
				-0.0636341 0.997973 -1.55401e-35 2.46145 -0.997973 -0.0636341 -1.235e-32 -2.68072 -1.2326e-32 -7.70372e-34 1 32.6814 0 0 0 1 
				13
				-0.284014 0.95882 -5.46151e-34 0.717493 -0.95882 -0.284014 -1.26936e-32 -2.72262 -1.2326e-32 -3.08149e-33 1 31.3091 0 0 0 1 
				14
				-0.478713 0.877971 0 -0.904874 -0.877971 -0.478713 -0 -2.73132 -0 -0 1 29.9609 0 0 0 1 
				15
				-0.573575 0.819153 -2.02144e-33 -1.71133 -0.819153 -0.573575 -1.36318e-32 -2.65621 -1.2326e-32 -6.16298e-33 1 29.1032 0 0 0 1 
				16
				-0.598438 0.801169 8.62574e-33 -1.85807 -0.801169 -0.598438 1.24943e-33 -2.51939 6.16298e-33 -6.16298e-33 1 28.6564 0 0 0 1 
				17
				-0.61652 0.78734 3.7996e-33 -1.93932 -0.78734 -0.61652 4.85235e-33 -2.37503 6.16298e-33 -0 1 28.247 0 0 0 1 
				18
				-0.628784 0.77758 0 -1.96195 -0.77758 -0.628784 -0 -2.22392 -0 -0 1 27.8712 0 0 0 1 
				19
				-0.636077 0.771626 0 -1.93283 -0.771626 -0.636077 -0 -2.06687 -0 -0 1 27.5249 0 0 0 1 
				20
				-0.639129 0.7691 8.0101e-34 -1.85862 -0.7691 -0.639129 -8.67888e-33 -1.90462 -6.16298e-33 -6.16298e-33 1 27.2044 0 0 0 1 
				21
				-0.638599 0.76954 -3.12868e-33 -1.74597 -0.76954 -0.638599 -1.3421e-32 -1.73795 -1.2326e-32 -6.16298e-33 1 26.906 0 0 0 1 
				22
				-0.635125 0.772409 -3.06818e-33 -1.60175 -0.772409 -0.635125 -1.34349e-32 -1.56765 -1.2326e-32 -6.16298e-33 1 26.6255 0 0 0 1 
				23
				-0.629319 0.777147 -4.78954e-33 -1.43285 -0.777147 -0.629319 3.87848e-33 -1.39451 -0 6.16298e-33 1 26.3592 0 0 0 1 
				24
				-0.621771 0.783199 3.83196e-33 -1.2459 -0.783199 -0.621771 4.82683e-33 -1.2193 6.16298e-33 -0 1 26.1033 0 0 0 1 
				25
				-0.613078 0.790022 0 -1.04758 -0.790022 -0.613078 -0 -1.04277 -0 -0 1 25.8538 0 0 0 1 
				26
				-0.603876 0.797078 0 -0.844745 -0.797078 -0.603876 -0 -0.865727 -0 -0 1 25.6069 0 0 0 1 
				27
				-0.594822 0.803858 -3.66587e-33 -0.644274 -0.803858 -0.594822 -4.95415e-33 -0.688955 -6.16298e-33 -0 1 25.3587 0 0 0 1 
				28
				-0.586575 0.809895 3.61505e-33 -0.452821 -0.809895 -0.586575 4.99136e-33 -0.51322 6.16298e-33 -0 1 25.1053 0 0 0 1 
				29
				-0.579814 0.814749 0 -0.277043 -0.814749 -0.579814 -0 -0.339289 -0 -0 1 24.8429 0 0 0 1 
				30
				-0.575244 0.817982 8.58642e-33 -0.12381 -0.817982 -0.575244 1.49599e-33 -0.167952 6.16298e-33 -6.16298e-33 1 24.5676 0 0 0 1 
				31
				-0.573575 0.819153 -2.02144e-33 3.33786e-06 -0.819153 -0.573575 -1.36318e-32 8.68908e-07 -1.2326e-32 -6.16298e-33 1 24.2755 0 0 0 1 
		</Joint>
			1
				-1
				1.33158e-06 -0.573574 -0.819154 3.33786e-06 0 -0.819154 0.573574 8.68908e-07 -1 -7.6376e-07 -1.09077e-06 24.2755 0 0 0 1 
				0
				1.33158e-06 -0.497258 -0.867603 0.47053 0 -0.867603 0.497258 -0.344048 -1 -6.6214e-07 -1.15528e-06 25.4848 0 0 0 1 
				1
				1.33158e-06 -0.412704 -0.910865 0.964933 0 -0.910865 0.412704 -0.705556 -1 -5.49549e-07 -1.21289e-06 26.7555 0 0 0 1 
				2
				1.33158e-06 -0.322707 -0.946499 1.4688 0 -0.946499 0.322707 -1.07398 -1 -4.29711e-07 -1.26034e-06 28.0504 0 0 0 1 
				3
				1.33158e-06 -0.230613 -0.973046 1.9677 0 -0.973046 0.230613 -1.43878 -1 -3.0708e-07 -1.29569e-06 29.3326 0 0 0 1 
				4
				1.33158e-06 -0.140002 -0.990151 2.44769 0 -0.990151 0.140002 -1.78975 -1 -1.86424e-07 -1.31847e-06 30.5662 0 0 0 1 
				5
				1.33158e-06 -0.054512 -0.998513 2.89479 0 -0.998513 0.054512 -2.11667 -1 -7.25871e-08 -1.3296e-06 31.7153 0 0 0 1 
				6
				1.33158e-06 0.0222939 -0.999751 3.2946 0 -0.999751 -0.0222939 -2.40901 -1 2.96861e-08 -1.33125e-06 32.7428 0 0 0 1 
				7
				1.33158e-06 0.0871584 -0.996194 3.63268 0 -0.996194 -0.0871584 -2.65621 -1 1.16058e-07 -1.32651e-06 33.6117 0 0 0 1 
				8
				1.33158e-06 0.135848 -0.99073 3.92712 0 -0.99073 -0.135848 -2.78139 -1 1.80892e-07 -1.31924e-06 34.1556 0 0 0 1 
				9
				1.33158e-06 0.159309 -0.987229 4.11804 0 -0.987229 -0.159309 -2.76689 -1 2.12133e-07 -1.31457e-06 34.2825 0 0 0 1 
				10
				1.33158e-06 0.14682 -0.989163 4.06629 0 -0.989163 -0.14682 -2.69705 -1 1.95502e-07 -1.31715e-06 34.0739 0 0 0 1 
				11
				1.33158e-06 0.0871584 -0.996194 3.63268 0 -0.996194 -0.0871584 -2.65621 -1 1.16058e-07 -1.32651e-06 33.6117 0 0 0 1 
				12
				1.33158e-06 -0.0636328 -0.997973 2.46145 0 -0.997973 0.0636328 -2.68072 -1 -8.47321e-08 -1.32888e-06 32.6814 0 0 0 1 
				13
				1.33158e-06 -0.284013 -0.95882 0.717493 0 -0.95882 0.284013 -2.72262 -1 -3.78186e-07 -1.27675e-06 31.3091 0 0 0 1 
				14
				1.33158e-06 -0.478712 -0.877972 -0.904874 0 -0.877972 0.478712 -2.73132 -1 -6.37444e-07 -1.16909e-06 29.9609 0 0 0 1 
				15
				1.33158e-06 -0.573574 -0.819154 -1.71133 0 -0.819154 0.573574 -2.65621 -1 -7.6376e-07 -1.09077e-06 29.1032 0 0 0 1 
				16
				1.33158e-06 -0.598437 -0.80117 -1.85807 0 -0.80117 0.598437 -2.51939 -1 -7.96867e-07 -1.06682e-06 28.6564 0 0 0 1 
				17
				1.33158e-06 -0.616519 -0.78734 -1.93932 0 -0.78734 0.616519 -2.37503 -1 -8.20944e-07 -1.04841e-06 28.247 0 0 0 1 
				18
				1.33158e-06 -0.628783 -0.777581 -1.96195 0 -0.777581 0.628783 -2.22392 -1 -8.37275e-07 -1.03541e-06 27.8712 0 0 0 1 
				19
				1.33158e-06 -0.636076 -0.771627 -1.93283 0 -0.771627 0.636076 -2.06687 -1 -8.46986e-07 -1.02748e-06 27.5249 0 0 0 1 
				20
				1.33158e-06 -0.639128 -0.769101 -1.85862 0 -0.769101 0.639128 -1.90462 -1 -8.5105e-07 -1.02412e-06 27.2044 0 0 0 1 
				21
				1.33158e-06 -0.638598 -0.769541 -1.74597 0 -0.769541 0.638598 -1.73795 -1 -8.50345e-07 -1.02471e-06 26.906 0 0 0 1 
				22
				1.33158e-06 -0.635124 -0.77241 -1.60175 0 -0.77241 0.635124 -1.56765 -1 -8.45718e-07 -1.02853e-06 26.6255 0 0 0 1 
				23
				1.33158e-06 -0.629318 -0.777148 -1.43285 0 -0.777148 0.629318 -1.39451 -1 -8.37988e-07 -1.03483e-06 26.3592 0 0 0 1 
				24
				1.33158e-06 -0.62177 -0.7832 -1.2459 0 -0.7832 0.62177 -1.2193 -1 -8.27937e-07 -1.04289e-06 26.1033 0 0 0 1 
				25
				1.33158e-06 -0.613077 -0.790023 -1.04758 0 -0.790023 0.613077 -1.04277 -1 -8.16362e-07 -1.05198e-06 25.8538 0 0 0 1 
				26
				1.33158e-06 -0.603875 -0.797079 -0.844745 0 -0.797079 0.603875 -0.865727 -1 -8.04108e-07 -1.06138e-06 25.6069 0 0 0 1 
				27
				1.33158e-06 -0.594821 -0.803859 -0.644274 0 -0.803859 0.594821 -0.688955 -1 -7.92052e-07 -1.0704e-06 25.3587 0 0 0 1 
				28
				1.33158e-06 -0.586574 -0.809896 -0.452821 0 -0.809896 0.586574 -0.51322 -1 -7.81071e-07 -1.07844e-06 25.1053 0 0 0 1 
				29
				1.33158e-06 -0.579812 -0.81475 -0.277043 0 -0.81475 0.579812 -0.339289 -1 -7.72067e-07 -1.08491e-06 24.8429 0 0 0 1 
				30
				1.33158e-06 -0.575243 -0.817983 -0.12381 0 -0.817983 0.575243 -0.167952 -1 -7.65983e-07 -1.08921e-06 24.5676 0 0 0 1 
				31
				1.33158e-06 -0.573574 -0.819154 3.33786e-06 0 -0.819154 0.573574 8.68908e-07 -1 -7.6376e-07 -1.09077e-06 24.2755 0 0 0 1 
		</Joint>
			2
				-1
				-0.000271969 -0.342021 -0.939692 0.00405821 -0.000750183 -0.939692 0.342021 0.0111245 -1 0.00079796 -1.01207e-06 19.0982 0 0 0 1 
				0
				-0.012554 -0.222813 -0.97478 0.473173 -0.0324426 -0.974253 0.22311 -0.332514 -0.999395 0.0344254 0.00500211 20.3071 0 0 0 1 
				1
				-0.0179787 -0.0936856 -0.995439 0.966047 -0.0681208 -0.993172 0.0947026 -0.693798 -0.997515 0.0695127 0.011474 21.5773 0 0 0 1 
				2
				-0.0152712 0.0393534 -0.999109 1.46834 -0.105588 -0.993702 -0.0375265 -1.06222 -0.994293 0.104921 0.0193302 22.8718 0 0 0 1 
				3
				-0.00428048 0.16981 -0.985468 1.9657 -0.142326 -0.975548 -0.167482 -1.42723 -0.989811 0.139541 0.0283441 24.1536 0 0 0 1 
				4
				0.0139899 0.291623 -0.956431 2.44424 -0.175968 -0.940878 -0.289455 -1.77861 -0.984296 0.172351 0.0381536 25.3868 0 0 0 1 
				5
				0.0375296 0.39977 -0.915847 2.89006 -0.204671 -0.893988 -0.398616 -2.10608 -0.978111 0.202407 0.0482703 26.5355 0 0 0 1 
				6
				0.0635698 0.490636 -0.869043 3.28879 -0.227358 -0.840785 -0.491313 -2.39905 -0.971734 0.228817 0.0581015 27.5627 0 0 0 1 
				7
				0.0889708 0.562247 -0.822169 3.62603 -0.243839 -0.78803 -0.565288 -2.64688 -0.965726 0.250771 0.0669861 28.4314 0 0 0 1 
				8
				0.111092 0.625025 -0.772659 3.91972 -0.248512 -0.735301 -0.630535 -2.77268 -0.962237 0.262063 0.0736399 28.9752 0 0 0 1 
				9
				0.123174 0.668231 -0.733687 4.11013 -0.242757 -0.696567 -0.675177 -2.75864 -0.962236 0.261272 0.0764186 29.102 0 0 0 1 
				10
				0.117875 0.660614 -0.741414 4.05847 -0.238402 -0.705958 -0.666924 -2.68869 -0.963986 0.255369 0.0742773 28.8935 0 0 0 1 
				11
				0.0889708 0.562247 -0.822169 3.62603 -0.243839 -0.78803 -0.565288 -2.64688 -0.965726 0.250771 0.0669861 28.4314 0 0 0 1 
				12
				0.0119634 0.244283 -0.96963 2.45857 -0.252111 -0.937635 -0.239333 -2.66963 -0.967624 0.247318 0.0503691 27.5012 0 0 0 1 
				13
				-0.0947741 -0.275943 -0.95649 0.720761 -0.218776 -0.931552 0.290426 -2.71161 -0.971162 0.236782 0.0279174 26.1289 0 0 0 1 
				14
				-0.16354 -0.693039 -0.702105 -0.896669 -0.145437 -0.686974 0.711979 -2.7232 -0.975758 0.218549 0.0115544 24.781 0 0 0 1 
				15
				-0.176899 -0.841493 -0.510487 -1.70135 -0.0966841 -0.501301 0.859854 -2.65028 -0.979469 0.201464 0.00732085 23.9235 0 0 0 1 
				16
				-0.169591 -0.861535 -0.478536 -1.84786 -0.0821255 -0.471527 0.878019 -2.51381 -0.982087 0.188205 0.0092129 23.4768 0 0 0 1 
				17
				-0.160361 -0.871077 -0.46423 -1.92899 -0.0712067 -0.458882 0.885639 -2.3696 -0.984487 0.175079 0.0115605 23.0676 0 0 0 1 
				18
				-0.149881 -0.871913 -0.466157 -1.95161 -0.0632816 -0.462057 0.88459 -2.21846 -0.986677 0.162083 0.0140776 22.6919 0 0 0 1 
				19
				-0.138581 -0.864931 -0.48238 -1.92258 -0.0576786 -0.479204 0.875807 -2.0612 -0.98867 0.149193 0.0165207 22.3458 0 0 0 1 
				20
				-0.126727 -0.850387 -0.510669 -1.84854 -0.0537614 -0.508175 0.859574 -1.89861 -0.99048 0.136386 0.0186817 22.0255 0 0 0 1 
				21
				-0.114493 -0.828238 -0.548555 -1.73615 -0.050937 -0.546565 0.835866 -1.73149 -0.992117 0.123643 0.0203902 21.7272 0 0 0 1 
				22
				-0.102012 -0.798446 -0.593361 -1.59229 -0.0486581 -0.591754 0.804649 -1.56065 -0.993592 0.110956 0.0215152 21.4469 0 0 0 1 
				23
				-0.0894047 -0.761164 -0.642367 -1.42383 -0.0464477 -0.641062 0.766082 -1.38693 -0.994912 0.0983279 0.0219596 21.1807 0 0 0 1 
				24
				-0.0767977 -0.716859 -0.692976 -1.23741 -0.0439141 -0.691922 0.720636 -1.21111 -0.996079 0.0857746 0.0216578 20.9249 0 0 0 1 
				25
				-0.0643322 -0.666441 -0.742777 -1.03968 -0.0407438 -0.741945 0.669222 -1.03399 -0.997096 0.0733161 0.0205776 20.6756 0 0 0 1 
				26
				-0.0521646 -0.611347 -0.789642 -0.837498 -0.0366996 -0.789011 0.613282 -0.856388 -0.997964 0.0609712 0.0187222 20.4288 0 0 0 1 
				27
				-0.0404513 -0.553476 -0.831883 -0.637713 -0.0316308 -0.831437 0.554717 -0.679114 -0.998681 0.0487522 0.0161258 20.1807 0 0 0 1 
				28
				-0.0293291 -0.495046 -0.868372 -0.446953 -0.0254704 -0.868093 0.495748 -0.502945 -0.999245 0.0366576 0.0128513 19.9275 0 0 0 1 
				29
				-0.018901 -0.438536 -0.898515 -0.271844 -0.0182211 -0.898375 0.438851 -0.328655 -0.999655 0.0246666 0.00898954 19.6653 0 0 0 1 
				30
				-0.00922063 -0.386624 -0.922192 -0.119227 -0.00994426 -0.92215 0.386706 -0.157036 -0.999908 0.0127362 0.00465811 19.3901 0 0 0 1 
				31
				-0.000271969 -0.342021 -0.939692 0.00405821 -0.000750183 -0.939692 0.342021 0.0111245 -1 0.00079796 -1.01208e-06 19.0982 0 0 0 1 
		</Joint>
			3
				-1
				-6.90266e-05 -0.0871571 -0.996194 0.00104359 -0.000795174 -0.996194 0.0871571 0.0117653 -1 0.000798164 -5.41183e-07 4.2163 0 0 0 1 
				0
				-0.0149245 0.0711985 -0.997351 0.285503 -0.0663206 -0.995336 -0.0700622 -0.803527 -0.997687 0.0650992 0.0195768 5.43342 0 0 0 1 
				1
				-0.0126857 0.235932 -0.971687 0.695695 -0.137271 -0.962975 -0.232025 -1.69615 -0.990452 0.130441 0.0446026 6.73084 0 0 0 1 
				2
				0.00851187 0.395716 -0.918334 1.23638 -0.207677 -0.897643 -0.388725 -2.62293 -0.978161 0.194025 0.0745402 8.07257 0 0 0 1 
				3
				0.0475529 0.539695 -0.840517 1.8956 -0.271388 -0.802835 -0.530853 -3.53579 -0.961295 0.25335 0.108289 9.42037 0 0 0 1 
				4
				0.100594 0.659571 -0.744881 2.64462 -0.323441 -0.686333 -0.651408 -4.38921 -0.940886 0.306453 0.144292 10.735 0 0 0 1 
				5
				0.161822 0.750859 -0.640331 3.43967 -0.361014 -0.558858 -0.746557 -5.14535 -0.918413 0.351978 0.180635 11.9752 0 0 0 1 
				6
				0.224448 0.81336 -0.53672 4.22519 -0.383891 -0.432435 -0.81586 -5.77745 -0.895685 0.38916 0.215182 13.0969 0 0 0 1 
				7
				0.281839 0.850831 -0.443457 4.94 -0.394366 -0.318618 -0.86195 -6.27189 -0.874667 0.417816 0.24574 14.0546 0 0 0 1 
				8
				0.328715 0.880756 -0.340904 5.56254 -0.382637 -0.20581 -0.900684 -6.46857 -0.863444 0.426511 0.269357 14.6502 0 0 0 1 
				9
				0.352136 0.901289 -0.252346 5.93251 -0.357719 -0.119543 -0.926146 -6.3699 -0.864892 0.416398 0.280313 14.7772 0 0 0 1 
				10
				0.340859 0.903128 -0.261101 5.80196 -0.3536 -0.134178 -0.925723 -6.23498 -0.871081 0.407867 0.27361 14.5428 0 0 0 1 
				11
				0.281839 0.850831 -0.443457 4.94 -0.394366 -0.318618 -0.86195 -6.27189 -0.874667 0.417816 0.24574 14.0546 0 0 0 1 
				12
				0.099797 0.516125 -0.850679 2.6305 -0.471774 -0.728193 -0.497156 -6.4129 -0.876054 0.450943 0.170823 13.0957 0 0 0 1 
				13
				-0.184643 -0.245783 -0.951577 -0.68675 -0.423924 -0.853604 0.302735 -5.95731 -0.886677 0.459294 0.0534183 11.6708 0 0 0 1 
				14
				-0.353742 -0.808741 -0.469899 -3.32088 -0.230243 -0.411633 0.881786 -4.88269 -0.906562 0.420116 -0.0405947 10.2549 0 0 0 1 
				15
				-0.370328 -0.92143 -0.117574 -4.32303 -0.107972 -0.0830163 0.990682 -4.08814 -0.922605 0.379572 -0.0687454 9.34268 0 0 0 1 
				16
				-0.351525 -0.933251 -0.0739797 -4.36064 -0.0830295 -0.0476325 0.995408 -3.73543 -0.932489 0.356054 -0.0607433 8.85731 0 0 0 1 
				17
				-0.330399 -0.941725 -0.0631675 -4.30431 -0.0679043 -0.0430354 0.996763 -3.42878 -0.941395 0.333619 -0.0497284 8.41262 0 0 0 1 
				18
				-0.308071 -0.947828 -0.0819421 -4.1709 -0.060467 -0.0664494 0.995956 -3.15942 -0.94944 0.31178 -0.0368411 8.00459 0 0 0 1 
				19
				-0.284966 -0.95011 -0.12683 -3.97367 -0.0587003 -0.11477 0.991656 -2.9182 -0.956738 0.290034 -0.0230661 7.62908 0 0 0 1 
				20
				-0.261127 -0.94559 -0.194095 -3.72327 -0.06078 -0.184566 0.980939 -2.69649 -0.963389 0.267947 -0.0092778 7.28209 0 0 0 1 
				21
				-0.236457 -0.930599 -0.279416 -3.429 -0.0650366 -0.271767 0.960163 -2.4863 -0.969463 0.245209 0.00373824 6.95967 0 0 0 1 
				22
				-0.210892 -0.901617 -0.37764 -3.09974 -0.0699252 -0.371424 0.925826 -2.28037 -0.975005 0.221656 0.0152846 6.65772 0 0 0 1 
				23
				-0.18451 -0.855989 -0.482947 -2.74419 -0.0740792 -0.477874 0.875299 -2.07249 -0.980035 0.197278 0.0247616 6.37223 0 0 0 1 
				24
				-0.157578 -0.792452 -0.589228 -2.37091 -0.0763634 -0.585117 0.807346 -1.8577 -0.98455 0.172216 0.0316874 6.09932 0 0 0 1 
				25
				-0.130553 -0.711509 -0.690443 -1.98863 -0.0758859 -0.687189 0.722504 -1.63219 -0.988533 0.14672 0.0357214 5.83517 0 0 0 1 
				26
				-0.104049 -0.615611 -0.781151 -1.60651 -0.0720247 -0.778688 0.623263 -1.39332 -0.991961 0.121112 0.0366828 5.57581 0 0 0 1 
				27
				-0.0787489 -0.508917 -0.857206 -1.23367 -0.0644725 -0.855476 0.513813 -1.1397 -0.994807 0.0957285 0.0345566 5.31735 0 0 0 1 
				28
				-0.0552961 -0.396746 -0.916262 -0.878723 -0.053232 -0.915189 0.399494 -0.871147 -0.99705 0.070865 0.0294868 5.056 0 0 0 1 
				29
				-0.0342067 -0.285057 -0.9579 -0.549748 -0.0385588 -0.957371 0.286276 -0.588474 -0.998671 0.0467281 0.021757 4.78795 0 0 0 1 
				30
				-0.0157885 -0.179965 -0.983546 -0.254315 -0.020895 -0.983395 0.180273 -0.293372 -0.999657 0.0233975 0.011766 4.50934 0 0 0 1 
				31
				-6.90265e-05 -0.0871571 -0.996195 0.00104359 -0.000795174 -0.996194 0.0871571 0.0117653 -1 0.000798165 -5.41232e-07 4.2163 0 0 0 1 
		</Joint>
			4
				-1
				-6.90266e-05 -0.0871571 -0.996194 0.000250671 -0.000795174 -0.996194 0.0871571 0.00261005 -1 0.000798164 -5.41175e-07 -10.6656 0 0 0 1 
				0
				-0.0149245 0.0711985 -0.997351 0.0632071 -0.0663206 -0.995336 -0.0700622 -1.78783 -0.997687 0.0650992 0.0195768 -9.41422 0 0 0 1 
				1
				-0.0126857 0.235932 -0.971687 0.506274 -0.137271 -0.962975 -0.232025 -3.73641 -0.990452 0.130441 0.0446026 -8.00931 0 0 0 1 
				2
				0.00851188 0.395716 -0.918334 1.36199 -0.207677 -0.897643 -0.388725 -5.71114 -0.978161 0.194025 0.0745402 -6.48483 0 0 0 1 
				3
				0.0475529 0.539695 -0.840517 2.60183 -0.271388 -0.802835 -0.530853 -7.5724 -0.961295 0.25335 0.108289 -4.88619 0 0 0 1 
				4
				0.100594 0.659571 -0.744881 4.13987 -0.323441 -0.686333 -0.651408 -9.20079 -0.940886 0.306453 0.144292 -3.26799 0 0 0 1 
				5
				0.161822 0.750859 -0.640331 5.84587 -0.361014 -0.558858 -0.746557 -10.5164 -0.918413 0.351978 0.180635 -1.69344 0 0 0 1 
				6
				0.224448 0.81336 -0.53672 7.56321 -0.383891 -0.432435 -0.81586 -11.4893 -0.895685 0.38916 0.215182 -0.233642 0 0 0 1 
				7
				0.281839 0.850831 -0.443457 9.13201 -0.394366 -0.318618 -0.86195 -12.1399 -0.874667 0.417816 0.24574 1.03678 0 0 0 1 
				8
				0.328715 0.880756 -0.340904 10.4521 -0.382637 -0.20581 -0.900684 -12.1624 -0.863444 0.426511 0.269357 1.7994 0 0 0 1 
				9
				0.352136 0.901289 -0.252345 11.1705 -0.357719 -0.119543 -0.926146 -11.6931 -0.864892 0.416398 0.280313 1.90487 0 0 0 1 
				10
				0.340859 0.903129 -0.261101 10.8722 -0.3536 -0.134178 -0.925723 -11.4968 -0.871081 0.407867 0.27361 1.57834 0 0 0 1 
				11
				0.281839 0.850831 -0.443457 9.13201 -0.394366 -0.318618 -0.86195 -12.1399 -0.874667 0.417816 0.24574 1.03678 0 0 0 1 
				12
				0.099797 0.516125 -0.850679 4.11428 -0.471774 -0.728193 -0.497156 -13.4318 -0.876054 0.450943 0.170823 0.0572092 0 0 0 1 
				13
				-0.184643 -0.245783 -0.951577 -3.43392 -0.423924 -0.853604 0.302735 -12.2638 -0.886677 0.459294 0.0534183 -1.52587 0 0 0 1 
				14
				-0.353742 -0.808741 -0.469899 -8.58305 -0.230242 -0.411633 0.881786 -8.30803 -0.906562 0.420116 -0.0405947 -3.23757 0 0 0 1 
				15
				-0.370328 -0.92143 -0.117574 -9.83173 -0.107972 -0.0830163 0.990682 -5.69474 -0.922605 0.379572 -0.0687454 -4.38844 0 0 0 1 
				16
				-0.351525 -0.933251 -0.0739797 -9.58949 -0.0830295 -0.0476325 0.995408 -4.97094 -0.932489 0.356054 -0.0607433 -5.02085 0 0 0 1 
				17
				-0.330399 -0.941725 -0.0631675 -9.21873 -0.0679043 -0.0430354 0.996763 -4.43921 -0.941395 0.333619 -0.0497284 -5.59802 0 0 0 1 
				18
				-0.308071 -0.947828 -0.0819421 -8.75302 -0.060467 -0.0664494 0.995956 -4.0591 -0.94944 0.31178 -0.0368411 -6.1257 0 0 0 1 
				19
				-0.284966 -0.95011 -0.12683 -8.21195 -0.0587003 -0.11477 0.991656 -3.79147 -0.956738 0.290034 -0.0230661 -6.60977 0 0 0 1 
				20
				-0.261127 -0.94559 -0.194095 -7.60679 -0.06078 -0.184566 0.980939 -3.60052 -0.963389 0.267947 -0.0092778 -7.05567 0 0 0 1 
				21
				-0.236457 -0.930599 -0.279416 -6.94542 -0.0650366 -0.271767 0.960163 -3.45344 -0.969463 0.245209 0.00373824 -7.46843 0 0 0 1 
				22
				-0.210892 -0.901617 -0.37764 -6.23578 -0.0699252 -0.371424 0.925826 -3.31999 -0.975005 0.221656 0.0152846 -7.85279 0 0 0 1 
				23
				-0.18451 -0.855989 -0.482947 -5.48775 -0.0740792 -0.477874 0.875299 -3.17365 -0.980035 0.197278 0.0247616 -8.21307 0 0 0 1 
				24
				-0.157578 -0.792452 -0.589228 -4.71384 -0.0763634 -0.585117 0.807346 -2.99256 -0.984549 0.172216 0.0316874 -8.55309 0 0 0 1 
				25
				-0.130553 -0.711509 -0.690443 -3.9296 -0.0758859 -0.687189 0.722504 -2.75967 -0.988533 0.14672 0.0357214 -8.87646 0 0 0 1 
				26
				-0.104049 -0.615611 -0.781151 -3.1533 -0.0720247 -0.778688 0.623263 -2.46309 -0.991961 0.121112 0.0366828 -9.18676 0 0 0 1 
				27
				-0.0787488 -0.508917 -0.857206 -2.40424 -0.0644725 -0.855476 0.513813 -2.09688 -0.994807 0.0957285 0.0345566 -9.48752 0 0 0 1 
				28
				-0.0552961 -0.396746 -0.916262 -1.70057 -0.053232 -0.915189 0.399494 -1.66088 -0.99705 0.070865 0.0294868 -9.78218 0 0 0 1 
				29
				-0.0342067 -0.285057 -0.9579 -1.05804 -0.0385588 -0.957371 0.286276 -1.15973 -0.998671 0.0467281 0.021757 -10.0743 0 0 0 1 
				30
				-0.0157885 -0.179965 -0.983546 -0.488794 -0.0208951 -0.983395 0.180273 -0.601686 -0.999657 0.0233975 0.011766 -10.3675 0 0 0 1 
				31
				-6.90265e-05 -0.0871571 -0.996195 0.000250672 -0.000795174 -0.996194 0.0871571 0.00261004 -1 0.000798165 -5.4124e-07 -10.6656 0 0 0 1 
		</Joint>
			5
				-1
				0.996194 0.0871571 2.41037e-06 1.59826 -0.0871571 0.996195 1.6758e-06 -0.139894 -2.25514e-06 -1.87951e-06 1 -10.6656 0 0 0 1 
				0
				0.99735 -0.0711866 0.0149839 1.66349 0.070062 0.995388 0.0655282 -1.67809 -0.0195796 -0.0643047 0.997738 -9.44545 0 0 0 1 
				1
				0.971687 -0.235922 0.0128763 2.06583 0.232024 0.963084 0.136505 -3.36675 -0.0446054 -0.129652 0.990556 -8.08052 0 0 0 1 
				2
				0.918334 -0.395722 -0.00819421 2.83638 0.388724 0.897809 0.206963 -5.0899 -0.074543 -0.193246 0.978314 -6.60389 0 0 0 1 
				3
				0.840517 -0.539733 -0.0471208 3.95175 0.530853 0.803051 0.27075 -6.72288 -0.108292 -0.252584 0.961496 -5.05925 0 0 0 1 
				4
				0.744881 -0.659651 -0.100066 5.33669 0.651407 0.686591 0.322897 -8.15754 -0.144294 -0.305703 0.94113 -3.49866 0 0 0 1 
				5
				0.640332 -0.750988 -0.161222 6.8752 0.746556 0.559145 0.360571 -9.32018 -0.180638 -0.351246 0.918693 -1.9823 0 0 0 1 
				6
				0.536721 -0.813539 -0.223799 8.42648 0.815859 0.43274 0.383548 -10.1815 -0.215185 -0.388446 0.895994 -0.577829 0 0 0 1 
				7
				0.443458 -0.851055 -0.28116 9.84575 0.861949 0.318932 0.394115 -10.7579 -0.245742 -0.417119 0.874998 0.64364 0 0 0 1 
				8
				0.340905 -0.881017 -0.328013 11.0014 0.900682 0.206114 0.382476 -10.7179 -0.26936 -0.425823 0.863782 1.3684 0 0 0 1 
				9
				0.252346 -0.901569 -0.351417 11.5778 0.926145 0.119828 0.357626 -10.2076 -0.280315 -0.415709 0.865222 1.45627 0 0 0 1 
				10
				0.261102 -0.9034 -0.340139 11.2935 0.925722 0.134459 0.353495 -10.012 -0.273612 -0.407173 0.871405 1.14047 0 0 0 1 
				11
				0.443458 -0.851055 -0.28116 9.84575 0.861949 0.318932 0.394115 -10.7579 -0.245742 -0.417119 0.874998 0.64364 0 0 0 1 
				12
				0.85068 -0.516204 -0.0993836 5.48045 0.497155 0.728569 0.471195 -12.6362 -0.170825 -0.450245 0.876412 -0.21564 0 0 0 1 
				13
				0.951576 0.24593 0.184449 -1.90792 -0.302736 0.853941 0.423243 -12.7518 -0.0534207 -0.458588 0.887042 -1.61034 0 0 0 1 
				14
				0.469898 0.809022 0.353099 -7.83135 -0.881787 0.411816 0.229912 -9.72383 0.0405921 -0.419394 0.906896 -3.17132 0 0 0 1 
				15
				0.117573 0.921725 0.369594 -9.64557 -0.990682 0.0831022 0.107903 -7.28436 0.0687428 -0.378837 0.922907 -4.27713 0 0 0 1 
				16
				0.0739787 0.93353 0.350782 -9.4733 -0.995408 0.0476986 0.0829887 -6.56804 0.0607407 -0.355311 0.932772 -4.92244 0 0 0 1 
				17
				0.0631665 0.941988 0.329649 -9.11992 -0.996764 0.0430894 0.0678672 -6.03848 0.0497258 -0.332869 0.941661 -5.51734 0 0 0 1 
				18
				0.0819411 0.948073 0.307316 -8.6241 -0.995956 0.0664974 0.0604112 -5.65714 0.0368385 -0.311024 0.949688 -6.06577 0 0 0 1 
				19
				0.126829 0.950336 0.28421 -8.01102 -0.991657 0.114817 0.0586061 -5.38274 0.0230635 -0.289272 0.956969 -6.57199 0 0 0 1 
				20
				0.194094 0.945797 0.260374 -7.29793 -0.980939 0.184614 0.0606303 -5.17478 0.00927511 -0.267179 0.963602 -7.04007 0 0 0 1 
				21
				0.279415 0.930787 0.235717 -6.49964 -0.960163 0.271819 0.0648177 -4.99461 -0.00374082 -0.244437 0.969658 -7.47376 0 0 0 1 
				22
				0.377639 0.901784 0.210175 -5.63234 -0.925827 0.37148 0.0696269 -4.80634 -0.0152873 -0.22088 0.975181 -7.87672 0 0 0 1 
				23
				0.482947 0.856136 0.18383 -4.71523 -0.875299 0.477933 0.0736962 -4.57921 -0.0247643 -0.196498 0.980191 -8.25225 0 0 0 1 
				24
				0.589227 0.792577 0.156949 -3.77064 -0.807346 0.585178 0.0758951 -4.28939 -0.0316902 -0.171431 0.984686 -8.60346 0 0 0 1 
				25
				0.690442 0.711612 0.129989 -2.8238 -0.722505 0.687249 0.0753368 -3.92066 -0.0357241 -0.145933 0.988649 -8.93338 0 0 0 1 
				26
				0.781151 0.615694 0.103561 -1.90172 -0.623264 0.778746 0.0714029 -3.46511 -0.0366855 -0.120322 0.992057 -9.24529 0 0 0 1 
				27
				0.857206 0.50898 0.078346 -1.03035 -0.513813 0.855527 0.0637899 -2.92351 -0.0345593 -0.0949362 0.994883 -9.5427 0 0 0 1 
				28
				0.916261 0.39679 0.0549827 -0.23163 -0.399494 0.915231 0.0525021 -2.30426 -0.0294896 -0.070071 0.997106 -9.82929 0 0 0 1 
				29
				0.9579 0.285084 0.0339824 0.477997 -0.286276 0.957401 0.0377956 -1.62158 -0.0217598 -0.0459328 0.998707 -10.1091 0 0 0 1 
				30
				0.983546 0.179978 0.015648 1.08867 -0.180273 0.983411 0.0201115 -0.893546 -0.0117688 -0.0226015 0.999675 -10.3863 0 0 0 1 
				31
				0.996195 0.0871571 2.4103e-06 1.59826 -0.0871571 0.996195 1.67575e-06 -0.139894 -2.25508e-06 -1.87944e-06 1 -10.6656 0 0 0 1 
		</Joint>
			6
				-1
				0.112922 -0.0327949 -0.993063 9.04144 0.148164 0.988837 -0.0158075 -0.791098 0.982495 -0.145352 0.11652 -10.6656 0 0 0 1 
				0
				0.0975123 -0.118747 -0.988125 9.11531 0.256939 0.962202 -0.090276 -1.15462 0.961495 -0.245085 0.124337 -9.59175 0 0 0 1 
				1
				0.0618231 -0.202997 -0.977226 9.3259 0.365817 0.915573 -0.167047 -1.63315 0.928631 -0.347159 0.130863 -8.41379 0 0 0 1 
				2
				0.00641553 -0.278679 -0.960363 9.69781 0.467161 0.849974 -0.243525 -2.1855 0.884149 -0.447082 0.135641 -7.16085 0 0 0 1 
				3
				-0.0651379 -0.340044 -0.938151 10.2318 0.554395 0.769369 -0.31736 -2.75656 0.829701 -0.540779 0.138404 -5.86836 0 0 0 1 
				4
				-0.146861 -0.383615 -0.911741 10.9022 0.623214 0.679896 -0.386452 -3.29048 0.768138 -0.624965 0.139224 -4.57677 0 0 0 1 
				5
				-0.231574 -0.408752 -0.882777 11.6595 0.672127 0.588804 -0.448949 -3.74221 0.703291 -0.697304 0.138382 -3.33196 0 0 0 1 
				6
				-0.312063 -0.41765 -0.853338 12.4366 0.702436 0.503336 -0.503226 -4.08575 0.639688 -0.756453 0.1363 -2.18561 0 0 0 1 
				7
				-0.382019 -0.414797 -0.825836 13.1591 0.717759 0.429727 -0.547866 -4.31779 0.582137 -0.802046 0.133561 -1.19245 0 0 0 1 
				8
				-0.459252 -0.450816 -0.76541 13.5485 0.712699 0.327328 -0.620416 -3.98837 0.530234 -0.830434 0.170971 -0.644145 0 0 0 1 
				9
				-0.525834 -0.510474 -0.680379 13.4632 0.688995 0.213433 -0.692627 -3.28778 0.498783 -0.832984 0.239484 -0.638133 0 0 0 1 
				10
				-0.519989 -0.528824 -0.670788 13.2443 0.68551 0.21015 -0.697075 -3.09539 0.509596 -0.822303 0.253239 -0.90386 0 0 0 1 
				11
				-0.382019 -0.414797 -0.825836 13.1591 0.717759 0.429727 -0.547866 -4.31779 0.582137 -0.802046 0.13356 -1.19245 0 0 0 1 
				12
				-0.078221 0.221282 -0.972068 11.8364 0.643141 0.756224 0.120395 -8.92162 0.761742 -0.61576 -0.201469 -1.49198 0 0 0 1 
				13
				0.0534572 0.978413 -0.199624 5.20189 0.210146 0.18441 0.960121 -15.0137 0.976207 -0.0932754 -0.195751 -2.00948 0 0 0 1 
				14
				-0.379624 0.641514 0.666592 -4.32045 0.0795113 -0.69524 0.714366 -16.3122 0.921717 0.324193 0.212923 -2.86803 0 0 0 1 
				15
				-0.589906 0.213694 0.778682 -8.76711 0.168582 -0.9105 0.377583 -14.6864 0.789677 0.35401 0.501085 -3.76351 0 0 0 1 
				16
				-0.630625 0.19979 0.749931 -8.92057 0.168835 -0.907836 0.383833 -14.0053 0.757501 0.368669 0.538772 -4.46862 0 0 0 1 
				17
				-0.668162 0.231411 0.707113 -8.64796 0.147967 -0.890085 0.431108 -13.4859 0.729153 0.39268 0.56048 -5.14581 0 0 0 1 
				18
				-0.697332 0.301763 0.650128 -8.01187 0.106051 -0.85363 0.509971 -13.0985 0.708859 0.424565 0.563261 -5.79053 0 0 0 1 
				19
				-0.712307 0.402035 0.575315 -7.0634 0.0455676 -0.791472 0.609505 -12.792 0.700387 0.46037 0.545451 -6.39967 0 0 0 1 
				20
				-0.707384 0.521082 0.477579 -5.84774 -0.0282374 -0.695958 0.717528 -12.504 0.706265 0.494082 0.507023 -6.97077 0 0 0 1 
				21
				-0.677894 0.644983 0.352784 -4.41196 -0.107326 -0.561559 0.820447 -12.1686 0.727283 0.518314 0.449901 -7.50172 0 0 0 1 
				22
				-0.62152 0.757453 0.199946 -2.81076 -0.18148 -0.387497 0.903831 -11.7238 0.762088 0.525462 0.3783 -7.99093 0 0 0 1 
				23
				-0.539472 0.841704 0.0224451 -1.10684 -0.239914 -0.17921 0.954109 -11.1191 0.807101 0.50933 0.298615 -8.43728 0 0 0 1 
				24
				-0.436841 0.883015 -0.171626 0.631834 -0.273166 0.0515629 0.960584 -10.3216 0.857059 0.466505 0.218685 -8.84025 0 0 0 1 
				25
				-0.322246 0.871342 -0.370028 2.33492 -0.274954 0.287879 0.917347 -9.31893 0.905846 0.397352 0.146811 -9.20029 0 0 0 1 
				26
				-0.206567 0.803554 -0.558239 3.93474 -0.243854 0.51026 0.824725 -8.1219 0.947557 0.30649 0.090547 -9.5194 0 0 0 1 
				27
				-0.100543 0.684335 -0.722202 5.37436 -0.183941 0.700582 0.689456 -6.76252 0.977781 0.202163 0.0554387 -9.8009 0 0 0 1 
				28
				-0.0147496 0.524916 -0.851026 6.61432 -0.101798 0.845908 0.523523 -5.28913 0.994695 0.0943548 0.0409588 -10.0496 0 0 0 1 
				29
				0.0664799 0.341457 -0.937543 7.63506 -0.0115887 0.939823 0.341466 -3.76053 0.99772 -0.0118357 0.0664364 -10.2716 0 0 0 1 
				30
				0.0946431 0.150635 -0.984049 8.43735 0.0687582 0.985136 0.157415 -2.24048 0.993134 -0.0825597 0.0828789 -10.4742 0 0 0 1 
				31
				0.112922 -0.0327946 -0.993063 9.04144 0.148164 0.988837 -0.0158072 -0.791098 0.982495 -0.145352 0.11652 -10.6656 0 0 0 1 
		</Joint>
			7
				-1
				-0.0189882 0.116044 -0.993063 10.7801 -0.95636 -0.291762 -0.0158073 1.49024 -0.291572 0.949426 0.11652 4.46219 0 0 0 1 
				0
				0.0620687 0.14056 -0.988125 10.6167 -0.974758 -0.204198 -0.0902761 2.80155 -0.214463 0.968786 0.124337 5.2127 0 0 0 1 
				1
				0.149836 0.150264 -0.977226 10.2778 -0.979872 -0.109293 -0.167047 3.99945 -0.131905 0.982586 0.130863 5.88463 0 0 0 1 
				2
				0.239314 0.14294 -0.960363 9.7966 -0.969814 -0.0124688 -0.243525 5.00752 -0.046784 0.989653 0.135641 6.45266 0 0 0 1 
				3
				0.325222 0.118756 -0.938151 9.22882 -0.944879 0.0805389 -0.31736 5.77964 0.0378692 0.989652 0.138404 6.9068 0 0 0 1 
				4
				0.402836 0.0803239 -0.911741 8.64088 -0.907493 0.164659 -0.386452 6.30535 0.119085 0.983075 0.139224 7.25049 0 0 0 1 
				5
				0.468692 0.0321397 -0.882777 8.0939 -0.861786 0.236156 -0.448949 6.60675 0.194044 0.971184 0.138382 7.49684 0 0 0 1 
				6
				0.520971 -0.0201048 -0.853338 7.63172 -0.812966 0.293 -0.503226 6.72987 0.260145 0.955901 0.1363 7.66387 0 0 0 1 
				7
				0.559517 -0.0702578 -0.825836 7.27703 -0.766578 0.334965 -0.547866 6.73376 0.315118 0.939607 0.133561 7.7709 0 0 0 1 
				8
				0.636796 -0.0929446 -0.76541 6.47724 -0.691797 0.369458 -0.620416 6.98528 0.340451 0.924587 0.170971 7.52003 0 0 0 1 
				9
				0.728138 -0.0830599 -0.680379 5.36681 -0.601847 0.397552 -0.692627 7.3209 0.328016 0.913812 0.239484 7.04179 0 0 0 1 
				10
				0.73884 -0.0644904 -0.670788 5.23792 -0.598394 0.394983 -0.697075 7.45962 0.309905 0.916422 0.253239 6.94255 0 0 0 1 
				11
				0.559517 -0.0702578 -0.825836 7.27703 -0.766578 0.334965 -0.547866 6.73376 0.315118 0.939607 0.13356 7.7709 0 0 0 1 
				12
				-0.172628 -0.159009 -0.972068 10.632 -0.948332 0.293549 0.120395 0.981035 0.266205 0.942627 -0.201469 10.2368 0 0 0 1 
				13
				-0.979455 -0.0285984 -0.199624 6.02499 -0.201347 0.193978 0.960121 -11.778 0.0112647 0.980589 -0.195751 13.0215 0 0 0 1 
				14
				-0.70637 -0.238109 0.666592 -10.1656 0.696594 -0.0666182 0.714366 -15.0879 -0.12569 0.968951 0.212923 11.3239 0 0 0 1 
				15
				-0.398459 -0.484649 0.778682 -17.8501 0.914517 -0.145221 0.377583 -12.0906 -0.0699142 0.862569 0.501085 8.39539 0 0 0 1 
				16
				-0.39987 -0.52698 0.749931 -18.6305 0.911839 -0.145676 0.383833 -11.4057 -0.0930248 0.8373 0.538772 7.19486 0 0 0 1 
				17
				-0.435947 -0.556724 0.707113 -18.9359 0.88987 -0.149256 0.431108 -11.2076 -0.134468 0.817179 0.56048 6.08119 0 0 0 1 
				18
				-0.498839 -0.573143 0.650128 -18.7489 0.845642 -0.15754 0.509971 -11.4656 -0.189865 0.804169 0.563261 5.124 0 0 0 1 
				19
				-0.579945 -0.576781 0.575315 -18.031 0.774227 -0.170519 0.609505 -12.0904 -0.253449 0.798903 0.545451 4.38442 0 0 0 1 
				20
				-0.669633 -0.56878 0.477579 -16.7396 0.670863 -0.187341 0.717528 -12.9388 -0.318645 0.80087 0.507023 3.90382 0 0 0 1 
				21
				-0.756773 -0.550308 0.352784 -14.8497 0.532954 -0.206947 0.820447 -13.8211 -0.378491 0.808909 0.449901 3.69648 0 0 0 1 
				22
				-0.829024 -0.522246 0.199946 -12.3805 0.361851 -0.228371 0.903831 -14.5181 -0.42636 0.821649 0.3783 3.74318 0 0 0 1 
				23
				-0.874236 -0.484981 0.022445 -9.41326 0.163627 -0.250801 0.954109 -14.8131 -0.457096 0.83779 0.298615 3.98989 0 0 0 1 
				24
				-0.882305 -0.438272 -0.171626 -6.09434 -0.05112 -0.273249 0.960584 -14.5276 -0.467893 0.856302 0.218685 4.35616 0 0 0 1 
				25
				-0.847047 -0.381564 -0.370028 -2.62681 -0.268233 -0.294151 0.917347 -13.5525 -0.458871 0.87629 0.146811 4.74731 0 0 0 1 
				26
				-0.767717 -0.31461 -0.558239 0.754154 -0.47208 -0.311401 0.824725 -11.8766 -0.433303 0.896688 0.0905469 5.07044 0 0 0 1 
				27
				-0.649508 -0.237828 -0.722202 3.82627 -0.648427 -0.322788 0.689456 -9.59472 -0.39709 0.916104 0.0554387 5.2543 0 0 0 1 
				28
				-0.501788 -0.154799 -0.851026 6.38722 -0.787739 -0.32464 0.523523 -6.85655 -0.357318 0.933084 0.0409587 5.26601 0 0 0 1 
				29
				-0.344381 -0.0491373 -0.937543 8.65867 -0.884083 -0.319059 0.341466 -3.93896 -0.31591 0.94646 0.0664364 5.09057 0 0 0 1 
				30
				-0.175378 0.0298502 -0.984048 9.8946 -0.936562 -0.313166 0.157415 -1.18178 -0.303471 0.949229 0.0828788 4.81735 0 0 0 1 
				31
				-0.0189884 0.116044 -0.993063 10.7801 -0.95636 -0.291762 -0.0158072 1.49024 -0.291572 0.949426 0.11652 4.46219 0 0 0 1 
		</Joint>
			8
				-1
				-0.0189882 -0.99297 -0.116835 10.4878 -0.95636 -0.0160396 0.291749 -13.2351 -0.291572 0.117276 -0.949332 -0.0272419 0 0 0 1 
				0
				0.0620687 -0.997696 0.0273957 11.5724 -0.974758 -0.0546979 0.21646 -12.2071 -0.214463 -0.0401396 -0.975907 1.91055 0 0 0 1 
				1
				0.149836 -0.9701 0.190934 12.5849 -0.979872 -0.119937 0.159577 -11.088 -0.131905 -0.211001 -0.968545 3.85365 0 0 0 1 
				2
				0.239314 -0.901422 0.360786 13.4814 -0.969814 -0.204017 0.133556 -9.92502 -0.046784 -0.381857 -0.923036 5.73231 0 0 0 1 
				3
				0.325222 -0.789782 0.520072 14.2364 -0.944879 -0.293427 0.145273 -8.76896 0.0378692 -0.538651 -0.841677 7.48988 0 0 0 1 
				4
				0.402836 -0.642042 0.652308 14.8435 -0.907493 -0.372905 0.193389 -7.6676 0.119085 -0.669868 -0.732868 9.08407 0 0 0 1 
				5
				0.468692 -0.472874 0.746136 15.3105 -0.861786 -0.430309 0.268624 -6.66245 0.194044 -0.768911 -0.609199 10.4846 0 0 0 1 
				6
				0.520971 -0.301383 0.798597 15.6533 -0.812966 -0.460337 0.356617 -5.78762 0.260145 -0.83502 -0.484837 11.6694 0 0 0 1 
				7
				0.559517 -0.146528 0.815764 15.8921 -0.766578 -0.465702 0.442132 -5.06948 0.315118 -0.872726 -0.372893 12.6229 0 0 0 1 
				8
				0.636796 -0.0399935 0.769995 16.2822 -0.691797 -0.470595 0.547683 -3.66655 0.340451 -0.881442 -0.32734 12.7621 0 0 0 1 
				9
				0.728138 -0.00700368 0.685394 16.5782 -0.601847 -0.485063 0.634424 -1.94593 0.328016 -0.874451 -0.357408 12.0924 0 0 0 1 
				10
				0.73884 -0.0405849 0.672658 16.6141 -0.598394 -0.498558 0.627188 -1.75404 0.309905 -0.865906 -0.39264 11.7143 0 0 0 1 
				11
				0.559517 -0.146528 0.815764 15.8921 -0.766578 -0.465702 0.442132 -5.06947 0.315118 -0.872726 -0.372893 12.6229 0 0 0 1 
				12
				-0.172628 -0.350487 0.92052 7.97399 -0.948332 -0.193434 -0.251494 -13.6207 0.266205 -0.916374 -0.298986 14.3356 0 0 0 1 
				13
				-0.979455 -0.141077 0.144099 -9.05599 -0.201347 0.644216 -0.737865 -14.8782 0.0112647 -0.75172 -0.659386 13.1949 0 0 0 1 
				14
				-0.70637 0.706623 0.0415331 -21.0419 0.696594 0.704366 -0.136474 -4.36226 -0.12569 -0.0674692 -0.989772 9.38866 0 0 0 1 
				15
				-0.398459 0.817628 0.41559 -23.9853 0.914517 0.388714 0.112069 1.99047 -0.0699142 0.424719 -0.902621 7.3189 0 0 0 1 
				16
