<?xml version='1.0' encoding='UTF-8' ?>
<itpanim>
	<skeleton count>
		25
			0 -1
			1.37091e-06 -1 -6.12323e-17 1.44664e-05 1 1.37091e-06 -6.12323e-17 -3.33788e-06 6.12323e-17 -6.12323e-17 1 -21.2087 0 0 0 1 
			1 0
			1.3868e-06 4.78456e-08 -1 21.2087 2.75771e-06 -1 -4.78418e-08 1.44663e-05 -1 -2.75771e-06 -1.3868e-06 3.27502e-05 0 0 0 1 
			2 1
			1.40269e-06 -0.000796318 -1 16.0314 0 -1 0.000796318 -0.000903716 -1 -1.11699e-09 -1.40269e-06 3.34038e-06 0 0 0 1 
			3 2
			1.40269e-06 -0.000796318 -1 1.14949 0 -1 0.000796318 0.0109463 -1 -1.11699e-09 -1.40269e-06 3.30752e-06 0 0 0 1 
			4 3
			1.40269e-06 -0.000796318 -1 -13.7324 0 -1 0.000796318 0.013635 -1 -1.11699e-09 -1.40269e-06 3.30006e-06 0 0 0 1 
			5 4
			1 1.37091e-06 4.37113e-08 -1.60435 -1.37091e-06 1 3.58059e-15 -1.09939e-05 -4.37113e-08 -6.35048e-14 1 13.7324 0 0 0 1 
			6 5
			0.994967 0.0993349 -0.0131664 -9.21109 -0.0994537 0.995004 -0.00869969 0.783147 0.0122365 0.00996535 0.999875 13.6196 0 0 0 1 
			7 6
			0.994892 -0.100322 -0.0111756 -24.2735 0.100198 0.994905 -0.011142 -4.1214 0.0122365 0.00996535 0.999875 13.6196 0 0 0 1 
			8 7
			0.994892 -0.100322 -0.0111756 -39.6708 0.0123163 0.0107576 0.999866 13.6163 -0.100188 -0.994897 0.0119382 4.13224 0 0 0 1 
			9 4
			-1 -1.37091e-06 4.37114e-08 -1.60434 -1.37091e-06 1 3.84662e-15 -1.09939e-05 -4.37115e-08 -5.60777e-14 -1 -13.7324 0 0 0 1 
			10 9
			-0.994967 0.0993346 -0.0131667 -9.21109 0.0994535 0.995004 -0.00870241 0.783132 0.0122364 -0.00996808 -0.999875 -13.6196 0 0 0 1 
			11 10
			-0.994892 -0.100322 -0.0111753 -24.2735 -0.100198 0.994905 -0.0111448 -4.12141 0.0122364 -0.00996809 -0.999875 -13.6196 0 0 0 1 
			12 11
			-0.994892 -0.100322 -0.0111753 -39.6708 -0.0123162 0.0107603 0.999866 13.6163 -0.100189 0.994897 -0.0119409 -4.13226 0 0 0 1 
			13 4
			1.34309e-06 -5.95475e-08 -1 -17.1089 -1.40269e-06 -1 5.95456e-08 1.08463e-05 -1 1.40269e-06 -1.34309e-06 -1.9641e-05 0 0 0 1 
			14 13
			1 -0 0 0 0 1 0 0 -0 -0 1 -0 0 0 0 1 
			15 2
			1.37369e-06 -0.0998334 0.995004 -21.1028 0 -0.995004 -0.0998334 2.11735 1 1.3714e-07 -1.36683e-06 -4.58386 0 0 0 1 
			16 15
			1.37369e-06 0.0998334 0.995004 -40.7016 0 -0.995004 0.0998334 -6.09021 1 -1.3714e-07 -1.36683e-06 -4.58386 0 0 0 1 
			17 16
			1.3716e-06 -6.00745e-14 1 -61.0038 0 -1 -6.00745e-14 1.29981e-05 1 8.23984e-20 -1.3716e-06 -4.58385 0 0 0 1 
			18 17
			1.3723e-06 -1 -6.00133e-14 -6.78409 0 6.00133e-14 -1 65.6032 1 1.3723e-06 8.23562e-20 -4.58386 0 0 0 1 
			19 18
			1 -0 0 0 0 1 0 0 -0 -0 1 -0 0 0 0 1 
			20 2
			1.37369e-06 -0.0998334 0.995004 -21.1028 0 -0.995004 -0.0998334 2.11735 1 1.3714e-07 -1.36683e-06 4.58385 0 0 0 1 
			21 20
			1.37369e-06 0.0998334 0.995004 -40.7016 0 -0.995004 0.0998334 -6.09021 1 -1.3714e-07 -1.36683e-06 4.58385 0 0 0 1 
			22 21
			1.3716e-06 -6.00745e-14 1 -61.0038 0 -1 -6.00745e-14 1.29981e-05 1 8.23984e-20 -1.3716e-06 4.58386 0 0 0 1 
			23 22
			1.3723e-06 -1 5.98908e-14 -6.78409 0 -5.98908e-14 -1 65.6032 1 1.3723e-06 -8.21882e-20 4.58386 0 0 0 1 
			24 23
			1 -0 0 0 0 1 0 0 -0 -0 1 -0 0 0 0 1 
	</skeleton>
		<animations>
			33
			0
				-1
				-0.573575 0.819153 -2.02144e-33 3.33786e-06 -0.819153 -0.573575 -1.36318e-32 8.68908e-07 -1.2326e-32 -6.16298e-33 1 24.2129 0 0 0 1 
				0
				-0.573575 0.819153 -2.02144e-33 0.141591 -0.819153 -0.573575 -1.36318e-32 -2.43327 -1.2326e-32 -6.16298e-33 1 26.3073 0 0 0 1 
				1
				-0.573575 0.819153 -2.02144e-33 0.381893 -0.819153 -0.573575 -1.36318e-32 -5.21937 -1.2326e-32 -6.16298e-33 1 28.6782 0 0 0 1 
				2
				-0.573575 0.819153 -2.02144e-33 0.433808 -0.819153 -0.573575 -1.36318e-32 -7.33213 -1.2326e-32 -6.16298e-33 1 30.5214 0 0 0 1 
				3
				-0.573575 0.819153 -2.02144e-33 0.0102315 -0.819153 -0.573575 -1.36318e-32 -7.74538 -1.2326e-32 -6.16298e-33 1 31.0327 0 0 0 1 
				4
				-0.573576 0.819152 -1.14587e-08 -0.944231 -0.819136 -0.573565 -0.00631946 -6.28837 -0.00517661 -0.00362468 0.99998 30.1687 0 0 0 1 
				5
				-0.573577 0.819152 -2.68145e-08 -2.21998 -0.818957 -0.57344 -0.0218149 -3.7226 -0.0178697 -0.0125125 0.999762 28.5669 0 0 0 1 
				6
				-0.573577 0.819152 -8.91172e-10 -3.67989 -0.818465 -0.573096 -0.0409384 -0.514264 -0.0335347 -0.0234813 0.999162 26.5134 0 0 0 1 
				7
				-0.573575 0.819153 -3.9601e-09 -5.18685 -0.817767 -0.572605 -0.0581448 2.87045 -0.0476295 -0.0333504 0.998308 24.2945 0 0 0 1 
				8
				-0.573574 0.819154 -7.18465e-08 -6.60806 -0.817253 -0.572243 -0.0680805 5.98004 -0.0557685 -0.0390492 0.99768 22.1873 0 0 0 1 
				9
				-0.573571 0.819156 -8.23179e-08 -7.81072 -0.817402 -0.572343 -0.065403 8.36299 -0.0535753 -0.0375132 0.997859 20.4691 0 0 0 1 
				10
				-0.573564 0.819161 4.06385e-07 -8.65771 -0.818347 -0.572994 -0.0445711 9.55309 -0.0365106 -0.0255647 0.999006 19.426 0 0 0 1 
				11
				-0.573575 0.819153 -2.02144e-33 -9.01192 -0.819153 -0.573575 -1.36318e-32 9.08417 -1.2326e-32 -6.16298e-33 1 19.3443 0 0 0 1 
				12
				-0.573765 0.81902 -4.44478e-07 -7.97801 -0.812883 -0.569466 0.122189 3.89086 0.100075 0.0701082 0.992507 21.8104 0 0 0 1 
				13
				-0.573796 0.818998 -2.74027e-05 -5.47836 -0.77529 -0.543163 0.322334 -6.25278 0.263976 0.184975 0.946626 26.9382 0 0 0 1 
				14
				-0.573848 0.818962 -7.20381e-05 -2.68493 -0.700611 -0.490873 0.517869 -17.2675 0.424079 0.297228 0.85546 32.656 0 0 0 1 
				15
				-0.573575 0.819153 -5.3711e-08 -0.769677 -0.627508 -0.439384 0.642788 -25.0739 0.526541 0.368687 0.766044 36.8924 0 0 0 1 
				16
				-0.573511 0.819198 1.39503e-05 -0.0430549 -0.587871 -0.411574 0.69643 -28.6422 0.57052 0.399402 0.717624 39.1963 0 0 0 1 
				17
				-0.573555 0.819167 4.82695e-06 0.10476 -0.571289 -0.400003 0.716677 -30.0802 0.587081 0.411051 0.697405 40.6173 0 0 0 1 
				18
				-0.573574 0.819154 1.46793e-07 -0.0249563 -0.569159 -0.398527 0.71919 -30.332 0.589127 0.412509 0.694814 41.4861 0 0 0 1 
				19
				-0.573575 0.819153 -3.05466e-09 -0.130928 -0.570743 -0.399637 0.717316 -30.3414 0.587592 0.411435 0.696748 42.1335 0 0 0 1 
				20
				-0.573575 0.819154 1.96067e-07 -0.231787 -0.572771 -0.401057 0.714904 -30.3227 0.585616 0.41005 0.699223 42.7521 0 0 0 1 
				21
				-0.573566 0.819159 1.75999e-06 -0.455758 -0.580987 -0.406802 0.704959 -29.7952 0.577474 0.40434 0.709248 43.1393 0 0 0 1 
				22
				-0.573553 0.819169 4.82729e-06 -0.677001 -0.598494 -0.419048 0.682791 -28.5899 0.559323 0.391614 0.730613 42.9932 0 0 0 1 
				23
				-0.573575 0.819153 8.27426e-10 -0.769677 -0.627508 -0.439384 0.642788 -26.5377 0.526541 0.368687 0.766045 42.0118 0 0 0 1 
				24
				-0.573583 0.819147 -1.06669e-06 -0.738838 -0.663503 -0.464597 0.586441 -23.8249 0.480381 0.336374 0.809992 40.3475 0 0 0 1 
				25
				-0.573579 0.81915 -2.34047e-06 -0.673218 -0.699721 -0.489952 0.51994 -20.7906 0.425907 0.298228 0.854203 38.385 0 0 0 1 
				26
				-0.573576 0.819152 -4.41187e-06 -0.580942 -0.733836 -0.513835 0.444364 -17.5098 0.363999 0.25488 0.895846 36.1938 0 0 0 1 
				27
				-0.573575 0.819153 6.94704e-10 -0.470136 -0.763816 -0.534828 0.361308 -14.0576 0.295967 0.207237 0.932446 33.8438 0 0 0 1 
				28
				-0.573575 0.819153 4.98881e-06 -0.348667 -0.788083 -0.551821 0.272799 -10.5068 0.223467 0.156467 0.962071 31.4023 0 0 0 1 
				29
				-0.573577 0.819152 3.95131e-07 -0.224404 -0.805584 -0.564077 0.181252 -6.9302 0.148473 0.103962 0.983437 28.9369 0 0 0 1 
				30
				-0.573579 0.81915 -4.41064e-06 -0.105472 -0.815871 -0.571283 0.0893864 -3.40288 0.0732184 0.0512738 0.995997 26.5172 0 0 0 1 
				31
				-0.573575 0.819153 -2.02144e-33 3.33786e-06 -0.819153 -0.573575 -1.36318e-32 8.68908e-07 -1.2326e-32 -6.16298e-33 1 24.2129 0 0 0 1 
		</Joint>
			1
				-1
				1.33158e-06 -0.573574 -0.819154 3.33786e-06 0 -0.819154 0.573574 8.68908e-07 -1 -7.6376e-07 -1.09077e-06 24.2129 0 0 0 1 
				0
				1.33158e-06 -0.573574 -0.819154 0.141591 0 -0.819154 0.573574 -2.43327 -1 -7.6376e-07 -1.09077e-06 26.3073 0 0 0 1 
				1
				1.33158e-06 -0.573574 -0.819154 0.381893 0 -0.819154 0.573574 -5.21937 -1 -7.6376e-07 -1.09077e-06 28.6782 0 0 0 1 
				2
				1.33158e-06 -0.573574 -0.819154 0.433808 0 -0.819154 0.573574 -7.33213 -1 -7.6376e-07 -1.09077e-06 30.5214 0 0 0 1 
				3
				1.33158e-06 -0.573574 -0.819154 0.0102315 0 -0.819154 0.573574 -7.74538 -1 -7.6376e-07 -1.09077e-06 31.0327 0 0 0 1 
				4
				-7.52304e-07 -0.573575 -0.819153 -0.944231 0.00631837 -0.819137 0.573564 -6.28837 -0.99998 -0.00517528 0.00362468 30.1687 0 0 0 1 
				5
				-7.36949e-07 -0.573575 -0.819153 -2.21998 0.0218138 -0.818958 0.573439 -3.7226 -0.999762 -0.0178684 0.0125125 28.5669 0 0 0 1 
				6
				-7.62872e-07 -0.573575 -0.819153 -3.67989 0.0409373 -0.818466 0.573095 -0.514264 -0.999162 -0.0335334 0.0234812 26.5134 0 0 0 1 
				7
				-7.59802e-07 -0.573574 -0.819154 -5.18685 0.0581437 -0.817768 0.572604 2.87045 -0.998308 -0.0476282 0.0333504 24.2945 0 0 0 1 
				8
				-6.91913e-07 -0.573573 -0.819155 -6.60806 0.0680794 -0.817254 0.572242 5.98004 -0.99768 -0.0557672 0.0390491 22.1873 0 0 0 1 
				9
				-6.81438e-07 -0.57357 -0.819157 -7.81072 0.0654019 -0.817403 0.572341 8.36299 -0.997859 -0.053574 0.0375131 20.4691 0 0 0 1 
				10
				-1.17013e-06 -0.573562 -0.819162 -8.65771 0.04457 -0.818348 0.572992 9.55309 -0.999006 -0.0365093 0.0255646 19.426 0 0 0 1 
				11
				1.33158e-06 -0.573574 -0.819154 -9.01192 0 -0.819154 0.573574 9.08417 -1 -7.6376e-07 -1.09077e-06 19.3443 0 0 0 1 
				12
				-3.19536e-07 -0.573764 -0.819021 -7.97801 -0.12219 -0.812884 0.569465 3.89086 -0.992507 0.100076 -0.0701081 21.8104 0 0 0 1 
				13
				2.66386e-05 -0.573795 -0.818999 -5.47836 -0.322335 -0.77529 0.543162 -6.25278 -0.946626 0.263977 -0.184975 26.9382 0 0 0 1 
				14
				7.1274e-05 -0.573847 -0.818963 -2.68493 -0.51787 -0.700611 0.490872 -17.2675 -0.85546 0.424081 -0.297228 32.656 0 0 0 1 
				15
				-7.86427e-07 -0.573574 -0.819154 -0.769677 -0.642788 -0.627507 0.439383 -25.0739 -0.766044 0.526543 -0.368686 36.8924 0 0 0 1 
				16
				-1.47904e-05 -0.57351 -0.819198 -0.0430549 -0.696431 -0.58787 0.411573 -28.6422 -0.717624 0.570521 -0.399402 39.1963 0 0 0 1 
				17
				-5.59068e-06 -0.573554 -0.819168 0.10476 -0.716678 -0.571289 0.400002 -30.0802 -0.697404 0.587082 -0.41105 40.6173 0 0 0 1 
				18
				-9.10553e-07 -0.573573 -0.819155 -0.0249563 -0.71919 -0.569159 0.398526 -30.332 -0.694813 0.589129 -0.412508 41.4861 0 0 0 1 
				19
				-8.37083e-07 -0.573574 -0.819154 -0.130928 -0.717317 -0.570743 0.399636 -30.3414 -0.696747 0.587593 -0.411434 42.1335 0 0 0 1 
				20
				-1.0362e-06 -0.573573 -0.819154 -0.231787 -0.714904 -0.57277 0.401056 -30.3227 -0.699222 0.585617 -0.41005 42.7521 0 0 0 1 
				21
				-2.52373e-06 -0.573565 -0.81916 -0.455758 -0.704959 -0.580986 0.406801 -29.7952 -0.709248 0.577475 -0.404339 43.1393 0 0 0 1 
				22
				-5.59102e-06 -0.573552 -0.819169 -0.677001 -0.682792 -0.598493 0.419047 -28.5899 -0.730613 0.559325 -0.391613 42.9932 0 0 0 1 
				23
				-7.64589e-07 -0.573574 -0.819154 -0.769677 -0.642788 -0.627507 0.439383 -26.5377 -0.766044 0.526543 -0.368686 42.0118 0 0 0 1 
				24
				2.26537e-07 -0.573582 -0.819148 -0.738838 -0.586442 -0.663503 0.464596 -23.8249 -0.809991 0.480383 -0.336373 40.3475 0 0 0 1 
				25
				1.5767e-06 -0.573578 -0.819151 -0.673218 -0.51994 -0.699721 0.489951 -20.7906 -0.854202 0.425909 -0.298228 38.385 0 0 0 1 
				26
				3.64811e-06 -0.573575 -0.819153 -0.580942 -0.444365 -0.733836 0.513834 -17.5098 -0.895846 0.364001 -0.254879 36.1938 0 0 0 1 
				27
				-7.64456e-07 -0.573574 -0.819154 -0.470136 -0.361309 -0.763817 0.534827 -14.0576 -0.932446 0.295968 -0.207237 33.8438 0 0 0 1 
				28
				-5.82894e-06 -0.573573 -0.819154 -0.348667 -0.2728 -0.788083 0.551819 -10.5068 -0.962071 0.223469 -0.156466 31.4023 0 0 0 1 
				29
				-1.1589e-06 -0.573576 -0.819152 -0.224404 -0.181253 -0.805584 0.564076 -6.9302 -0.983436 0.148475 -0.103962 28.9369 0 0 0 1 
				30
				3.64687e-06 -0.573578 -0.81915 -0.105472 -0.0893875 -0.815872 0.571282 -3.40288 -0.995997 0.0732197 -0.0512737 26.5172 0 0 0 1 
				31
				1.33158e-06 -0.573574 -0.819154 3.33786e-06 0 -0.819154 0.573574 8.68908e-07 -1 -7.6376e-07 -1.09077e-06 24.2129 0 0 0 1 
		</Joint>
			2
				-1
				-0.000271969 -0.342021 -0.939692 0.00405821 -0.000750183 -0.939692 0.342021 0.0111245 -1 0.00079796 -1.01208e-06 19.0355 0 0 0 1 
				0
				-0.0364803 -0.340101 -0.939681 0.145622 -0.100214 -0.934322 0.342052 -2.42221 -0.994297 0.106647 1.59536e-06 21.1287 0 0 0 1 
				1
				-0.0767304 -0.333337 -0.93968 0.385844 -0.210783 -0.915734 0.342055 -5.20853 -0.974517 0.224314 2.95261e-06 23.4982 0 0 0 1 
				2
				-0.107652 -0.324662 -0.939684 0.437656 -0.295748 -0.89193 0.342045 -7.32157 -0.949181 0.314731 9.42794e-08 25.3403 0 0 0 1 
				3
				-0.117233 -0.321302 -0.939692 0.0140412 -0.322099 -0.882765 0.342021 -7.73493 -0.939419 0.34277 -1.96868e-06 25.8513 0 0 0 1 
				4
				-0.106138 -0.325146 -0.939689 -0.940376 -0.28559 -0.895242 0.342024 -6.24506 -0.952456 0.304667 0.0021602 24.9879 0 0 0 1 
				5
				-0.0842755 -0.331483 -0.93969 -2.21605 -0.210341 -0.915876 0.341947 -3.59882 -0.973989 0.226473 0.00746148 23.3881 0 0 0 1 
				6
				-0.0551478 -0.337548 -0.939692 -3.67588 -0.110983 -0.93322 0.341736 -0.291264 -0.992291 0.123136 0.0140028 21.3389 0 0 0 1 
				7
				-0.0226405 -0.341271 -0.939692 -5.1828 -0.00408496 -0.939894 0.341443 3.18262 -0.999735 0.011569 0.0198856 19.1258 0 0 0 1 
				8
				0.00914133 -0.341895 -0.939694 -6.604 0.0931039 -0.93536 0.341224 6.34359 -0.995615 -0.0906084 0.0232813 17.0231 0 0 0 1 
				9
				0.0360384 -0.340115 -0.939693 -7.80669 0.163835 -0.925571 0.341287 8.71256 -0.985829 -0.166254 0.0223665 15.3048 0 0 0 1 
				10
				0.0539789 -0.337726 -0.939695 -8.65371 0.192173 -0.919961 0.341673 9.79474 -0.979876 -0.199027 0.0152433 14.2562 0 0 0 1 
				11
				0.0591231 -0.336873 -0.939692 -9.00793 0.162437 -0.925546 0.342022 9.09513 -0.984946 -0.172862 -5.25414e-07 14.169 0 0 0 1 
				12
				0.0304315 -0.340996 -0.939572 -7.97396 -0.0388406 -0.939701 0.339785 3.26936 -0.998782 0.0261534 -0.041841 16.6716 0 0 0 1 
				13
				-0.0333678 -0.340794 -0.939546 -5.47418 -0.407561 -0.853715 0.324136 -7.91152 -0.912568 0.393738 -0.110408 22.0325 0 0 0 1 
				14
				-0.101593 -0.327049 -0.93953 -2.68068 -0.733116 -0.613785 0.292931 -19.9414 -0.672473 0.718544 -0.177409 28.2185 0 0 0 1 
				15
				-0.14479 -0.309862 -0.939692 -0.766001 -0.887088 -0.38004 0.262002 -28.3973 -0.438305 0.871525 -0.219848 32.916 0 0 0 1 
				16
				-0.158444 -0.303008 -0.939724 -0.0395349 -0.929626 -0.27492 0.245387 -32.2446 -0.332703 0.912472 -0.238125 35.4701 0 0 0 1 
				17
				-0.157834 -0.303398 -0.939701 0.108333 -0.938238 -0.250643 0.238512 -33.7878 -0.307893 0.919308 -0.2451 36.9957 0 0 0 1 
				18
				-0.150036 -0.307358 -0.939692 -0.0213129 -0.932714 -0.271242 0.237641 -34.0523 -0.327924 0.912118 -0.245981 37.8781 0 0 0 1 
				19
				-0.142061 -0.311122 -0.939692 -0.127238 -0.924462 -0.29763 0.238301 -34.0517 -0.353821 0.902563 -0.245339 38.5155 0 0 0 1 
				20
				-0.134029 -0.314668 -0.939692 -0.228059 -0.915208 -0.324349 0.239149 -34.0202 -0.380041 0.892066 -0.244515 39.1214 0 0 0 1 
				21
				-0.122622 -0.319275 -0.939695 -0.451981 -0.897045 -0.369419 0.242572 -33.4407 -0.424588 0.872693 -0.241105 39.4569 0 0 0 1 
				22
				-0.109682 -0.323932 -0.939701 -0.673185 -0.866907 -0.431321 0.249869 -32.1198 -0.486253 0.84204 -0.233511 39.2006 0 0 0 1 
				23
				-0.0971609 -0.32793 -0.939692 -0.765787 -0.820801 -0.507583 0.262002 -29.8596 -0.56289 0.796757 -0.219848 38.0363 0 0 0 1 
				24
				-0.0853978 -0.331198 -0.939689 -0.734905 -0.757914 -0.590606 0.27704 -26.8542 -0.646741 0.735862 -0.200583 36.1452 0 0 0 1 
				25
				-0.0734842 -0.334039 -0.939691 -0.669245 -0.680263 -0.672225 0.292158 -23.4746 -0.729275 0.660705 -0.177836 33.9546 0 0 0 1 
				26
				-0.0614471 -0.336458 -0.939692 -0.576929 -0.588386 -0.74828 0.306397 -19.8015 -0.806242 0.571729 -0.151987 31.549 0 0 0 1 
				27
				-0.0493172 -0.338447 -0.939692 -0.466123 -0.48388 -0.814956 0.318916 -15.9186 -0.873744 0.470426 -0.123576 29.0106 0 0 0 1 
				28
				-0.0371126 -0.340001 -0.939692 -0.344662 -0.369278 -0.869115 0.329049 -11.9089 -0.928578 0.359219 -0.0932997 26.4171 0 0 0 1 
				29
				-0.0248476 -0.34112 -0.939691 -0.220362 -0.247912 -0.908517 0.336358 -7.85785 -0.968464 0.241319 -0.0619933 23.8425 0 0 0 1 
				30
				-0.012556 -0.341796 -0.93969 -0.101397 -0.1237 -0.932014 0.340657 -3.85463 -0.99224 0.120517 -0.0305776 21.3592 0 0 0 1 
				31
				-0.000271969 -0.342021 -0.939692 0.00405821 -0.000750183 -0.939692 0.342021 0.0111245 -1 0.00079796 -1.01208e-06 19.0355 0 0 0 1 
		</Joint>
			3
				-1
				-6.90265e-05 -0.0871571 -0.996195 0.00104359 -0.000795174 -0.996194 0.0871571 0.0117653 -1 0.000798165 -5.41232e-07 4.15365 0 0 0 1 
				0
				-0.0451093 -0.0810165 -0.995691 -0.396313 -0.204597 -0.974829 0.0885882 -3.90202 -0.977806 0.207712 0.0273981 6.32919 0 0 0 1 
				1
				-0.092211 -0.0597034 -0.993948 -0.755342 -0.423006 -0.901302 0.0933817 -8.33469 -0.901423 0.429057 0.0578551 8.99042 0 0 0 1 
				2
				-0.124125 -0.0331156 -0.991714 -1.16402 -0.579129 -0.809141 0.0995041 -11.7133 -0.805731 0.586681 0.0812565 11.2077 0 0 0 1 
				3
				-0.132935 -0.0230646 -0.990856 -1.73033 -0.624627 -0.774257 0.101824 -12.5192 -0.769526 0.632451 0.0885191 11.8635 0 0 0 1 
				4
				-0.122668 -0.0345905 -0.991845 -2.51949 -0.566694 -0.818005 0.0986147 -10.4855 -0.814746 0.574169 0.080741 10.8067 0 0 0 1 
				5
				-0.100407 -0.0539726 -0.993481 -3.46958 -0.442975 -0.891675 0.0932115 -6.71852 -0.890894 0.449447 0.065622 8.88796 0 0 0 1 
				6
				-0.067526 -0.0729459 -0.995047 -4.49572 -0.268414 -0.959227 0.088535 -1.93154 -0.960934 0.273063 0.045193 6.56854 0 0 0 1 
				7
				-0.0280423 -0.0847795 -0.996005 -5.51873 -0.0692782 -0.993836 0.0865454 3.1336 -0.997203 0.0714284 0.021996 4.24698 0 0 0 1 
				8
				0.0117378 -0.0867417 -0.996162 -6.46694 0.120314 -0.98887 0.0875244 7.74087 -0.992667 -0.12088 -0.00117091 2.20789 0 0 0 1 
				9
				0.045095 -0.0809896 -0.995694 -7.26941 0.267148 -0.959431 0.090139 11.1621 -0.9626 -0.270063 -0.0216293 0.637042 0 0 0 1 
				10
				0.0666629 -0.0733693 -0.995074 -7.84953 0.344668 -0.934208 0.0919718 12.6657 -0.936354 -0.349102 -0.0369889 -0.322056 0 0 0 1 
				11
				0.0726956 -0.0706354 -0.99485 -8.12723 0.33054 -0.939409 0.0908523 11.5236 -0.940988 -0.335442 -0.044943 -0.484881 0 0 0 1 
				12
				0.0382579 -0.0832219 -0.995796 -7.5201 0.0505359 -0.99509 0.0851044 2.70312 -0.997989 -0.0535794 -0.0338643 1.80843 0 0 0 1 
				13
				-0.0413384 -0.0825534 -0.995729 -5.96978 -0.493596 -0.864792 0.0921897 -13.9666 -0.868709 0.495298 -0.00499888 8.44589 0 0 0 1 
				14
				-0.118423 -0.0395841 -0.992174 -4.19211 -0.898264 -0.421589 0.124034 -30.8465 -0.4232 0.905923 0.0143688 18.2001 0 0 0 1 
				15
				-0.154744 0.0102711 -0.987901 -2.92087 -0.987801 -0.0192149 0.154529 -41.5986 -0.0173953 0.999763 0.0131192 26.3813 0 0 0 1 
				16
				-0.163163 0.0293729 -0.986162 -2.39782 -0.976422 0.13839 0.165673 -46.0808 0.141342 0.989942 0.00610027 30.5071 0 0 0 1 
				17
				-0.162865 0.0283993 -0.986239 -2.24086 -0.972724 0.162719 0.165319 -47.7524 0.165174 0.986264 0.0011235 32.402 0 0 0 1 
				18
				-0.158206 0.0173689 -0.987253 -2.25434 -0.980213 0.117704 0.159149 -47.9342 0.118968 0.992897 -0.00159625 32.9862 0 0 0 1 
				19
				-0.15285 0.00667161 -0.988227 -2.24146 -0.986052 0.0656213 0.152957 -47.8102 0.0658692 0.997822 -0.0034517 33.2382 0 0 0 1 
				20
				-0.146919 -0.0035517 -0.989142 -2.22261 -0.989075 0.0127112 0.146864 -47.6404 0.0120516 0.999913 -0.00538042 33.4538 0 0 0 1 
				21
				-0.137637 -0.0170694 -0.990335 -2.27663 -0.987824 -0.0708495 0.138509 -46.7895 -0.0725291 0.997341 -0.00711002 33.1265 0 0 0 1 
				22
				-0.126018 -0.0309902 -0.991544 -2.30509 -0.975357 -0.178597 0.129543 -45.0189 -0.181101 0.983434 -0.00772005 31.9526 0 0 0 1 
				23
				-0.113821 -0.0430604 -0.992568 -2.21121 -0.945321 -0.302651 0.121533 -42.0711 -0.305635 0.952128 -0.00625793 29.6481 0 0 0 1 
				24
				-0.101605 -0.0530812 -0.993408 -2.00516 -0.893942 -0.433287 0.114584 -38.1282 -0.436513 0.899691 -0.00342739 26.5098 0 0 0 1 
				25
				-0.0885897 -0.061915 -0.994142 -1.76209 -0.819724 -0.56247 0.108078 -33.5915 -0.565866 0.824496 -0.000924204 23.0919 0 0 0 1 
				26
				-0.0748859 -0.0695062 -0.994767 -1.49056 -0.722419 -0.683866 0.102167 -28.5497 -0.687388 0.72629 0.000999251 19.542 0 0 0 1 
				27
				-0.06061 -0.0757949 -0.99528 -1.19916 -0.603645 -0.791327 0.0970235 -23.1102 -0.794946 0.606677 0.00220914 16.0005 0 0 0 1 
				28
				-0.0458716 -0.0807337 -0.99568 -0.89601 -0.466764 -0.879498 0.0928173 -17.394 -0.883192 0.469005 0.00266039 12.5926 0 0 0 1 
				29
				-0.0307809 -0.0842919 -0.995965 -0.589143 -0.316628 -0.944298 0.0897047 -11.5361 -0.94805 0.318112 0.00237715 9.42612 0 0 0 1 
				30
				-0.0154688 -0.0864395 -0.996137 -0.28723 -0.159178 -0.983338 0.0878006 -5.68387 -0.987129 0.159921 0.00145178 6.59086 0 0 0 1 
				31
				-6.90265e-05 -0.0871571 -0.996195 0.00104359 -0.000795174 -0.996194 0.0871571 0.0117653 -1 0.000798165 -5.41232e-07 4.15365 0 0 0 1 
		</Joint>
			4
				-1
				-6.90265e-05 -0.0871571 -0.996195 0.000250672 -0.000795174 -0.996194 0.0871571 0.00261004 -1 0.000798165 -5.4124e-07 -10.7282 0 0 0 1 
				0
				-0.0451093 -0.0810165 -0.995691 -1.06741 -0.204597 -0.974829 0.0885882 -6.94419 -0.977806 0.207712 0.0273981 -8.22296 0 0 0 1 
				1
				-0.092211 -0.0597034 -0.993948 -2.12746 -0.423006 -0.901302 0.0933818 -14.6274 -0.901423 0.429057 0.0578551 -4.42561 0 0 0 1 
				2
				-0.124125 -0.0331156 -0.991714 -3.01115 -0.579129 -0.809141 0.0995041 -20.3296 -0.805731 0.586681 0.0812565 -0.784634 0 0 0 1 
				3
				-0.132935 -0.0230646 -0.990856 -3.70859 -0.624627 -0.774257 0.101824 -21.8127 -0.769526 0.632451 0.0885191 0.409818 0 0 0 1 
				4
				-0.122668 -0.0345905 -0.991845 -4.34493 -0.566694 -0.818005 0.0986147 -18.9167 -0.814746 0.574169 0.080741 -1.31976 0 0 0 1 
				5
				-0.100407 -0.0539726 -0.993481 -4.96369 -0.442975 -0.891675 0.0932115 -13.3084 -0.890894 0.449447 0.065622 -4.37142 0 0 0 1 
				6
				-0.067526 -0.0729459 -0.995047 -5.50044 -0.268414 -0.959227 0.088535 -5.92346 -0.960934 0.273063 0.045193 -7.73271 0 0 0 1 
				7
				-0.0280423 -0.0847795 -0.996005 -5.93582 -0.0692782 -0.993836 0.0865454 2.10528 -0.997203 0.0714284 0.021996 -10.5935 0 0 0 1 
				8
				0.0117378 -0.0867417 -0.996162 -6.29202 0.120314 -0.98887 0.0875244 9.53403 -0.992667 -0.12088 -0.00117092 -12.5645 0 0 0 1 
				9
				0.045095 -0.0809896 -0.995694 -6.59809 0.267148 -0.959431 0.090139 15.1403 -0.9626 -0.270063 -0.0216293 -13.6875 0 0 0 1 
				10
				0.0666629 -0.0733693 -0.995074 -6.85727 0.344668 -0.934208 0.0919718 17.7975 -0.936354 -0.349102 -0.0369889 -14.2558 0 0 0 1 
				11
				0.0726956 -0.0706354 -0.99485 -7.04519 0.33054 -0.939409 0.0908523 16.4452 -0.940988 -0.335442 -0.0449431 -14.4877 0 0 0 1 
				12
				0.0382579 -0.0832219 -0.995796 -6.95053 0.0505359 -0.99509 0.0851044 3.45787 -0.997989 -0.0535794 -0.0338643 -13.0434 0 0 0 1 
				13
				-0.0413384 -0.0825534 -0.995729 -6.58475 -0.493595 -0.864791 0.0921898 -21.3099 -0.868709 0.495298 -0.00499888 -4.48347 0 0 0 1 
				14
				-0.118423 -0.0395841 -0.992174 -5.95436 -0.898264 -0.421589 0.124034 -44.2133 -0.4232 0.905923 0.0143688 11.8996 0 0 0 1 
				15
				-0.154744 0.0102711 -0.987901 -5.22379 -0.987801 -0.0192149 0.154529 -56.2989 -0.0173953 0.999763 0.0131192 26.1198 0 0 0 1 
				16
				-0.163163 0.0293729 -0.986162 -4.82606 -0.976422 0.13839 0.165673 -60.6122 0.141342 0.989942 0.00610027 32.6079 0 0 0 1 
				17
				-0.162865 0.0283993 -0.986239 -4.66468 -0.972724 0.162719 0.165319 -62.2288 0.165174 0.986264 0.0011235 34.8575 0 0 0 1 
				18
				-0.158206 0.0173689 -0.987253 -4.60879 -0.980213 0.117704 0.159149 -62.522 0.118968 0.992897 -0.00159625 34.7539 0 0 0 1 
				19
				-0.152851 0.00667161 -0.988227 -4.51618 -0.986052 0.0656213 0.152957 -62.4846 0.0658692 0.997822 -0.0034517 34.2157 0 0 0 1 
				20
				-0.146919 -0.0035517 -0.989142 -4.40904 -0.989075 0.0127112 0.146864 -62.3597 0.0120516 0.999913 -0.00538042 33.6305 0 0 0 1 
				21
				-0.137637 -0.0170694 -0.990335 -4.32488 -0.987824 -0.0708495 0.138509 -61.49 -0.0725291 0.997341 -0.00711002 32.0444 0 0 0 1 
				22
				-0.126018 -0.0309902 -0.991544 -4.1804 -0.975357 -0.178597 0.129543 -59.5336 -0.181101 0.983434 -0.00772005 29.2548 0 0 0 1 
				23
				-0.113821 -0.0430604 -0.992568 -3.90497 -0.945321 -0.302651 0.121533 -56.1384 -0.305635 0.952128 -0.00625793 25.0971 0 0 0 1 
				24
				-0.101605 -0.0530812 -0.993408 -3.51709 -0.893942 -0.433287 0.114584 -51.4306 -0.436513 0.899691 -0.00342739 20.0112 0 0 0 1 
				25
				-0.0885897 -0.061915 -0.994142 -3.08031 -0.819724 -0.56247 0.108078 -45.789 -0.565866 0.824496 -0.000924202 14.6685 0 0 0 1 
				26
				-0.0748859 -0.0695062 -0.994767 -2.60481 -0.722419 -0.683866 0.102167 -39.2989 -0.687388 0.72629 0.000999249 9.31038 0 0 0 1 
				27
				-0.06061 -0.0757949 -0.99528 -2.10095 -0.603645 -0.791327 0.0970235 -32.0915 -0.794946 0.606677 0.00220914 4.16857 0 0 0 1 
				28
				-0.0458716 -0.0807337 -0.99568 -1.57845 -0.466764 -0.879498 0.0928173 -24.338 -0.883192 0.469005 0.00266039 -0.552246 0 0 0 1 
				29
				-0.0307809 -0.0842919 -0.995965 -1.04699 -0.316628 -0.944298 0.0897047 -16.2456 -0.94805 0.318112 0.00237715 -4.68351 0 0 0 1 
				30
				-0.0154688 -0.0864394 -0.996137 -0.517202 -0.159178 -0.983338 0.0878006 -8.05009 -0.987129 0.159921 0.00145178 -8.0999 0 0 0 1 
				31
				-6.90265e-05 -0.0871571 -0.996195 0.000250672 -0.000795174 -0.996194 0.0871571 0.00261004 -1 0.000798165 -5.4124e-07 -10.7282 0 0 0 1 
		</Joint>
			5
				-1
				0.996195 0.0871571 2.4103e-06 1.59826 -0.0871571 0.996195 1.67575e-06 -0.139894 -2.25508e-06 -1.87944e-06 1 -10.7282 0 0 0 1 
				0
				0.995691 0.0810524 0.0450476 0.52981 -0.0885887 0.974992 0.20382 -7.08893 -0.0274009 -0.206933 0.977971 -8.26637 0 0 0 1 
				1
				0.993948 0.0597768 0.0921662 -0.532977 -0.0933829 0.901639 0.422288 -14.7796 -0.0578576 -0.428339 0.901764 -4.51727 0 0 0 1 
				2
				0.991714 0.0332144 0.124101 -1.42018 -0.0995057 0.809602 0.578484 -20.4914 -0.0812587 -0.586039 0.806198 -0.91342 0 0 0 1 
				3
				0.990856 0.0231704 0.132919 -2.11898 -0.101826 0.774754 0.62401 -21.9782 -0.0885213 -0.631838 0.770029 0.269498 0 0 0 1 
				4
				0.991844 0.0346881 0.122643 -2.75376 -0.0986163 0.818456 0.566042 -19.0772 -0.0807432 -0.57352 0.815202 -1.44776 0 0 0 1 
				5
				0.993481 0.0540526 0.100367 -3.36994 -0.0932128 0.892028 0.442265 -13.4604 -0.0656245 -0.448737 0.891251 -4.47549 0 0 0 1 
				6
				0.995047 0.0729996 0.0674706 -3.90424 -0.0885358 0.95944 0.267649 -6.06808 -0.0451957 -0.272297 0.961151 -7.80448 0 0 0 1 
				7
				0.996005 0.0848019 0.0279775 -4.33811 -0.0865457 0.993891 0.0684866 1.96377 -0.0219988 -0.0706343 0.99726 -10.6286 0 0 0 1 
				8
				0.996162 0.0867323 -0.0118041 -4.69406 -0.0875241 0.988774 -0.121102 9.39096 0.00116814 0.12167 0.99257 -12.563 0 0 0 1 
				9
				0.995694 0.0809536 -0.0451567 -5.00087 -0.0901383 0.959218 -0.267912 14.9932 0.0216266 0.270829 0.962385 -13.6536 0 0 0 1 
				10
				0.995074 0.0733162 -0.0667185 -5.26102 -0.0919708 0.933933 -0.345413 17.6475 0.0369863 0.349847 0.936076 -14.1974 0 0 0 1 
				11
				0.99485 0.0705776 -0.0727491 -5.4493 -0.0908514 0.939146 -0.331289 16.2969 0.0449404 0.336192 0.940721 -14.4165 0 0 0 1 
				12
				0.995797 0.0831914 -0.0383214 -5.35315 -0.0851042 0.995049 -0.0513286 3.31866 0.0338616 0.0543741 0.997947 -12.9892 0 0 0 1 
				13
				0.995729 0.0825863 0.0412755 -4.98748 -0.0921911 0.865184 0.492906 -21.4601 0.00499645 -0.494606 0.869103 -4.47411 0 0 0 1 
				14
				0.992174 0.0396783 0.118394 -4.36267 -0.124036 0.422304 0.897928 -44.4134 -0.01437 -0.905586 0.423921 11.879 0 0 0 1 
				15
				0.987901 -0.0101479 0.154755 -3.63882 -0.154532 0.0200015 0.987785 -56.5469 -0.0131193 -0.999749 0.0181913 26.1014 0 0 0 1 
				16
				0.986161 -0.029243 0.163189 -3.24384 -0.165676 -0.137613 0.976532 -60.8776 -0.00609988 -0.990054 -0.140553 32.6008 0 0 0 1 
				17
				0.986239 -0.0282696 0.162891 -3.08234 -0.165322 -0.161944 0.972853 -62.4936 -0.00112303 -0.986395 -0.164389 34.8583 0 0 0 1 
				18
				0.987253 -0.0172429 0.158222 -3.02485 -0.159151 -0.116923 0.980306 -62.777 0.00159658 -0.992991 -0.118177 34.7592 0 0 0 1 
				19
				0.988226 -0.00654989 0.152859 -2.9307 -0.15296 -0.0648361 0.986103 -62.7299 0.00345189 -0.997874 -0.0650747 34.224 0 0 0 1 
				20
				0.989142 0.00366869 0.146919 -2.82212 -0.146867 -0.0119236 0.989085 -62.5953 0.00538046 -0.999922 -0.0112554 33.6418 0 0 0 1 
				21
				0.990335 0.017179 0.137626 -2.73609 -0.138512 0.0716361 0.987767 -61.7124 0.00710982 -0.997283 0.0733232 32.0585 0 0 0 1 
				22
				0.991543 0.0310906 0.125996 -2.5897 -0.129546 0.179374 0.975214 -59.7419 0.00771954 -0.98329 0.181885 29.2698 0 0 0 1 
				23
				0.992567 0.0431511 0.113789 -2.31266 -0.121536 0.303403 0.94508 -56.3342 0.00625708 -0.951884 0.306393 25.1097 0 0 0 1 
				24
				0.993407 0.0531621 0.101565 -1.92346 -0.114586 0.433999 0.893597 -51.6156 0.00342617 -0.899343 0.43723 20.0192 0 0 0 1 
				25
				0.994142 0.0619855 0.0885431 -1.48553 -0.10808 0.563122 0.819275 -45.9639 0.00092262 -0.824046 0.566523 14.6722 0 0 0 1 
				26
				0.994767 0.0695658 0.0748332 -1.00905 -0.102169 0.684441 0.721874 -39.4646 -0.00100117 -0.725742 0.687966 9.31073 0 0 0 1 
				27
				0.99528 0.0758431 0.0605524 -0.504374 -0.0970251 0.791808 0.603015 -32.2493 -0.00221136 -0.606043 0.795429 4.16665 0 0 0 1 
				28
				0.995679 0.0807702 0.0458101 0.01875 -0.0928186 0.879869 0.466063 -24.4893 -0.00266286 -0.468301 0.883565 -0.555255 0 0 0 1 
				29
				0.995965 0.0843163 0.0307165 0.550654 -0.0897056 0.94455 0.315876 -16.392 -0.0023798 -0.317357 0.948303 -4.68647 0 0 0 1 
				30
				0.996137 0.0864518 0.0154027 1.08072 -0.0878011 0.983464 0.158394 -8.19359 -0.00145455 -0.159135 0.987256 -8.1018 0 0 0 1 
				31
				0.996195 0.0871571 2.4103e-06 1.59826 -0.0871571 0.996195 1.67575e-06 -0.139894 -2.25508e-06 -1.87944e-06 1 -10.7282 0 0 0 1 
		</Joint>
			6
				-1
				0.112922 -0.0327947 -0.993063 9.04144 0.148164 0.988837 -0.0158073 -0.791098 0.982495 -0.145352 0.11652 -10.7282 0 0 0 1 
				0
				0.115393 -0.0431889 -0.99238 7.96923 0.237559 0.971263 -0.0146467 -7.75084 0.964495 -0.234058 0.122337 -8.4711 0 0 0 1 
				1
				0.116029 -0.0571463 -0.991601 6.89342 0.369042 0.929355 -0.0103766 -15.4773 0.922142 -0.364738 0.128922 -4.94957 0 0 0 1 
				2
				0.0960765 -0.065265 -0.993232 5.98952 0.436515 0.899539 -0.0168838 -21.2349 0.894552 -0.431939 0.114914 -1.52056 0 0 0 1 
				3
				0.100584 -0.0609015 -0.993063 5.28431 0.399046 0.916794 -0.0158061 -22.739 0.911397 -0.394688 0.116518 -0.391897 0 0 0 1 
				4
				0.109455 -0.0416127 -0.99312 4.65691 0.223338 0.974606 -0.0162222 -19.814 0.968576 -0.220026 0.115969 -2.05104 0 0 0 1 
				5
				0.116262 -0.0107077 -0.993161 4.05296 -0.0586583 0.998123 -0.0176279 -14.1568 0.991485 0.0603066 0.115416 -4.96582 0 0 0 1 
				6
				0.11333 0.0265745 -0.993202 3.53037 -0.385578 0.922473 -0.0193146 -6.72958 0.915689 0.385146 0.11479 -8.14217 0 0 0 1 
				7
				0.0983378 0.0621133 -0.993213 3.10365 -0.674761 0.737747 -0.0206709 1.31713 0.731455 0.672214 0.11446 -10.7929 0 0 0 1 
				8
				0.0753611 0.0887854 -0.993196 2.74887 -0.866952 0.497939 -0.0212694 8.73701 0.492663 0.862655 0.114498 -12.5543 0 0 0 1 
				9
				0.0526071 0.104213 -0.993163 2.43857 -0.957158 0.288847 -0.0203912 14.3197 0.284747 0.951687 0.114944 -13.492 0 0 0 1 
				10
				0.0391102 0.110417 -0.993115 2.17379 -0.981723 0.189503 -0.0175922 16.9603 0.186256 0.975652 0.11581 -13.9211 0 0 0 1 
				11
				0.0417179 0.109882 -0.993069 1.98384 -0.966409 0.256722 -0.0121917 15.6181 0.253603 0.960219 0.116901 -14.0807 0 0 0 1 
				12
				0.0976807 0.085732 -0.991519 2.08706 -0.664143 0.747606 -0.000786753 2.68279 0.741198 0.658586 0.129965 -12.7362 0 0 0 1 
				13
				0.0463481 -0.0212777 -0.998699 2.45222 0.379005 0.925392 -0.00212681 -22.1489 0.924233 -0.378413 0.0509545 -4.43678 0 0 0 1 
				14
				0.0751642 -0.113128 -0.990733 3.05046 0.996305 -0.0328838 0.0793418 -45.3401 -0.0415549 -0.993037 0.110239 11.7717 0 0 0 1 
				15
				-0.0319793 -0.113097 -0.993069 3.74239 0.646035 -0.760466 0.0658028 -57.7015 -0.762637 -0.639453 0.097384 26.0034 0 0 0 1 
				16
				-0.0609427 -0.100642 -0.993054 4.12437 0.355764 -0.931752 0.0725967 -62.1155 -0.932587 -0.348869 0.0925884 32.5552 0 0 0 1 
				17
				-0.0658951 -0.0972181 -0.993079 4.28646 0.278377 -0.957518 0.0752653 -63.7289 -0.958209 -0.271491 0.090159 34.8499 0 0 0 1 
				18
				-0.0601343 -0.100761 -0.993092 4.35152 0.328786 -0.941373 0.0756043 -63.9661 -0.942488 -0.321968 0.0897375 34.7711 0 0 0 1 
				19
				-0.0537312 -0.104306 -0.993093 4.45294 0.389342 -0.918006 0.0753544 -63.8727 -0.919525 -0.382604 0.0899364 34.2498 0 0 0 1 
				20
				-0.047048 -0.107459 -0.993096 4.56836 0.449077 -0.890335 0.0750642 -63.6926 -0.892254 -0.442445 0.0901457 33.682 0 0 0 1 
				21
				-0.0348946 -0.111998 -0.993096 4.66331 0.556365 -0.827655 0.073791 -62.7474 -0.830205 -0.549949 0.0911924 32.1116 0 0 0 1 
				22
				-0.0190154 -0.115825 -0.993088 4.81873 0.688914 -0.721363 0.0709421 -60.7098 -0.724594 -0.682803 0.0935103 29.3275 0 0 0 1 
				23
				-0.001618 -0.117521 -0.993069 5.10342 0.820845 -0.567347 0.0658033 -57.2423 -0.571148 -0.81505 0.0973847 25.1565 0 0 0 1 
				24
				0.0161192 -0.116634 -0.993044 5.4989 0.927113 -0.370184 0.0585275 -52.4717 -0.374436 -0.921607 0.102166 20.0448 0 0 0 1 
				25
				0.0342104 -0.112846 -0.993023 5.94232 0.98901 -0.139175 0.0498879 -46.7714 -0.143834 -0.983817 0.106845 14.6791 0 0 0 1 
				26
				0.0519896 -0.10597 -0.993009 6.42346 0.992948 0.111576 0.0400794 -40.228 0.106549 -0.98809 0.111023 9.30324 0 0 0 1 
				27
				0.0687887 -0.0960426 -0.992998 6.93197 0.931327 0.362995 0.0294077 -32.9742 0.357629 -0.926828 0.114417 4.15013 0 0 0 1 
				28
				0.0838344 -0.0832622 -0.992995 7.45808 0.80434 0.593894 0.0181092 -25.1828 0.588226 -0.800223 0.11676 -0.575152 0 0 0 1 
				29
				0.0963165 -0.0680111 -0.993024 7.99212 0.620376 0.784278 0.00645803 -17.0622 0.778367 -0.616671 0.117731 -4.70424 0 0 0 1 
				30
				0.105908 -0.0509351 -0.99307 8.52346 0.39497 0.91868 -0.00499715 -8.84961 0.912569 -0.391704 0.117414 -8.11266 0 0 0 1 
				31
				0.112922 -0.0327946 -0.993063 9.04144 0.148164 0.988837 -0.0158072 -0.791098 0.982495 -0.145352 0.11652 -10.7282 0 0 0 1 
		</Joint>
			7
				-1
				-0.0189883 0.116044 -0.993063 10.7801 -0.95636 -0.291762 -0.0158072 1.49024 -0.291572 0.949426 0.11652 4.39954 0 0 0 1 
				0
				0.0212467 0.121365 -0.99238 9.74597 -0.998378 0.0550164 -0.0146468 -4.09307 0.0528196 0.991082 0.122337 6.37954 0 0 0 1 
				1
				0.0672774 0.110464 -0.991601 8.67996 -0.892695 0.450543 -0.0103766 -9.79509 0.445612 0.885895 0.128922 9.24893 0 0 0 1 
				2
				0.0933272 0.0691392 -0.993232 7.46884 -0.704963 0.709043 -0.0168838 -14.5137 0.703077 0.701767 0.114914 12.2531 0 0 0 1 
				3
				0.102549 0.057532 -0.993063 6.83304 -0.601261 0.798896 -0.0158061 -16.5947 0.792445 0.59871 0.116518 13.6412 0 0 0 1 
				4
				0.0985315 0.0632732 -0.99312 6.34222 -0.6509 0.75899 -0.0162221 -16.3752 0.752742 0.64802 0.115969 12.8624 0 0 0 1 
				5
				0.0863126 0.0786242 -0.993161 5.84309 -0.776554 0.629804 -0.0176292 -15.06 0.62411 0.772765 0.115416 10.3004 0 0 0 1 
				6
				0.0655276 0.0962083 -0.993202 5.27535 -0.907816 0.418923 -0.0193146 -12.6664 0.414217 0.902911 0.114791 5.95698 0 0 0 1 
				7
				0.038832 0.109638 -0.993213 4.61779 -0.986548 0.162161 -0.0206709 -9.07238 0.158794 0.980655 0.11446 0.469508 0 0 0 1 
				8
				0.0118868 0.115848 -0.993196 3.90923 -0.996561 -0.0800938 -0.0212694 -4.61171 -0.0820129 0.990033 0.114498 -4.96859 0 0 0 1 
				9
				-0.00885594 0.116402 -0.993163 3.24858 -0.968629 -0.247675 -0.0203912 -0.417991 -0.248355 0.961825 0.114944 -9.10765 0 0 0 1 
				10
				-0.017449 0.115832 -0.993116 2.77598 -0.955411 -0.294755 -0.0175922 1.8444 -0.294764 0.948527 0.11581 -11.0532 0 0 0 1 
				11
				-0.00886848 0.1172 -0.993069 2.62618 -0.983998 -0.177763 -0.0121917 0.738042 -0.177959 0.97707 0.116901 -10.1759 0 0 0 1 
				12
				0.055918 0.117323 -0.991519 3.59108 -0.905278 0.42482 -0.000786777 -7.54322 0.421125 0.897643 0.129965 -1.32375 0 0 0 1 
				13
				0.0509796 -0.00139996 -0.998699 3.16586 -0.0141837 0.999897 -0.00212566 -16.3132 0.998599 0.0142736 0.0509546 9.79392 0 0 0 1 
				14
				0.114605 -0.0728928 -0.990733 4.20779 0.923927 0.374252 0.0793418 -29.9997 0.365 -0.924458 0.110239 11.1318 0 0 0 1 
				15
				0.0190506 -0.115977 -0.993069 3.24999 0.907742 -0.414337 0.0658027 -47.7543 -0.419096 -0.902704 0.097384 14.2608 0 0 0 1 
				16
				-0.00952105 -0.11727 -0.993055 3.18602 0.734777 -0.674413 0.0725968 -56.6377 -0.678242 -0.728982 0.0925884 18.1958 0 0 0 1 
				17
				-0.0113569 -0.116895 -0.993079 3.27185 0.702526 -0.707666 0.0752653 -59.4426 -0.711567 -0.69681 0.090159 20.0961 0 0 0 1 
				18
				0.000572093 -0.117339 -0.993092 3.42562 0.767872 -0.636126 0.0756039 -58.9037 -0.640603 -0.762611 0.0897374 20.2593 0 0 0 1 
				19
				0.0138884 -0.116507 -0.993093 3.62562 0.836616 -0.542582 0.0753545 -57.8779 -0.547613 -0.831884 0.0899364 20.0915 0 0 0 1 
				20
				0.0272023 -0.114109 -0.993096 3.84395 0.894876 -0.439958 0.0750642 -56.778 -0.445486 -0.89074 0.0901457 19.9437 0 0 0 1 
				21
				0.0457394 -0.108023 -0.993096 4.12603 0.959423 -0.272145 0.0737909 -54.1808 -0.278237 -0.956174 0.0911924 19.3287 0 0 0 1 
				22
				0.0674018 -0.0960934 -0.993088 4.52594 0.996904 -0.0339098 0.070942 -50.1024 -0.0404925 -0.994795 0.0935103 18.1707 0 0 0 1 
				23
				0.0891431 -0.0765987 -0.993069 5.0785 0.961701 0.266085 0.0658033 -44.6035 0.259201 -0.960901 0.0973847 16.3624 0 0 0 1 
				24
				0.106794 -0.0495822 -0.993044 5.74709 0.813118 0.579149 0.0585276 -38.1967 0.572219 -0.813712 0.102166 14.2794 0 0 0 1 
				25
				0.116703 -0.0168865 -0.993023 6.46906 0.545549 0.836593 0.049888 -31.5433 0.829913 -0.547565 0.106845 12.4644 0 0 0 1 
				26
				0.116537 0.0187533 -0.993009 7.22397 0.183457 0.98221 0.0400795 -24.9392 0.976096 -0.186846 0.111023 10.9438 0 0 0 1 
				27
				0.105233 0.0536854 -0.992998 7.99113 -0.219939 0.97507 0.0294081 -18.6343 0.969821 0.215305 0.114417 9.65666 0 0 0 1 
				28
				0.0832643 0.0838323 -0.992995 8.7489 -0.593874 0.804355 0.0181092 -12.7981 0.800238 0.588206 0.11676 8.48195 0 0 0 1 
				29
				0.052797 0.105427 -0.993024 9.47514 -0.868447 0.49574 0.006458 -7.51012 0.492962 0.862048 0.117731 7.28052 0 0 0 1 
				30
				0.0174092 0.116223 -0.99307 10.1542 -0.994327 0.106243 -0.00499721 -2.76813 0.104926 0.987525 0.117414 5.93845 0 0 0 1 
				31
				-0.0189884 0.116044 -0.993063 10.7801 -0.95636 -0.291762 -0.0158072 1.49024 -0.291572 0.949426 0.11652 4.39954 0 0 0 1 
		</Joint>
			8
				-1
				-0.0189883 -0.99297 -0.116835 10.4878 -0.956361 -0.0160396 0.291749 -13.2351 -0.291572 0.117276 -0.949333 -0.0898881 0 0 0 1 
				0
				0.0212467 -0.992283 -0.122155 10.0731 -0.998378 -0.0146029 -0.055028 -19.4654 0.0528196 0.123126 -0.990984 7.19281 0 0 0 1 
				1
				0.0672774 -0.991512 -0.111254 9.71585 -0.892695 -0.0100178 -0.450551 -23.5402 0.445612 0.129627 -0.885792 16.1102 0 0 0 1 
				2
				0.0933272 -0.993177 -0.0699301 8.90583 -0.704963 -0.0163192 -0.709057 -25.3683 0.703077 0.115472 -0.701676 23.0786 0 0 0 1 
				3
				0.102549 -0.993017 -0.0583228 8.41202 -0.601261 -0.0151699 -0.798909 -25.8525 0.792445 0.116994 -0.598618 25.8427 0 0 0 1 
				4
				0.0985315 -0.993069 -0.0640639 7.85934 -0.6509 -0.0156177 -0.759003 -26.3973 0.752742 0.116485 -0.647928 24.4526 0 0 0 1 
				5
				0.0863126 -0.993098 -0.079415 7.17207 -0.776554 -0.0171277 -0.629818 -27.0168 0.62411 0.116031 -0.772673 19.91 0 0 0 1 
				6
				0.0655276 -0.993125 -0.0969991 6.2843 -0.907817 -0.018981 -0.418938 -26.6444 0.414216 0.115509 -0.902819 12.3348 0 0 0 1 
				7
				0.038832 -0.993125 -0.110429 5.2157 -0.986548 -0.0205418 -0.162177 -24.2626 0.158794 0.115241 -0.980563 2.91451 0 0 0 1 
				8
