<?xml version='1.0' encoding='UTF-8' ?>
<itpanim>
	<skeleton count>
		25
			0 -1
			1.37091e-06 -1 -6.12323e-17 1.44664e-05 1 1.37091e-06 -6.12323e-17 -3.33788e-06 6.12323e-17 -6.12323e-17 1 -21.2087 0 0 0 1 
			1 0
			1.3868e-06 4.78456e-08 -1 21.2087 2.75771e-06 -1 -4.78418e-08 1.44663e-05 -1 -2.75771e-06 -1.3868e-06 3.27502e-05 0 0 0 1 
			2 1
			1.40269e-06 -0.000796318 -1 16.0314 0 -1 0.000796318 -0.000903716 -1 -1.11699e-09 -1.40269e-06 3.34038e-06 0 0 0 1 
			3 2
			1.40269e-06 -0.000796318 -1 1.14949 0 -1 0.000796318 0.0109463 -1 -1.11699e-09 -1.40269e-06 3.30752e-06 0 0 0 1 
			4 3
			1.40269e-06 -0.000796318 -1 -13.7324 0 -1 0.000796318 0.013635 -1 -1.11699e-09 -1.40269e-06 3.30006e-06 0 0 0 1 
			5 4
			1 1.37091e-06 4.37113e-08 -1.60435 -1.37091e-06 1 3.58059e-15 -1.09939e-05 -4.37113e-08 -6.35048e-14 1 13.7324 0 0 0 1 
			6 5
			0.994967 0.0993349 -0.0131664 -9.21109 -0.0994537 0.995004 -0.00869969 0.783147 0.0122365 0.00996535 0.999875 13.6196 0 0 0 1 
			7 6
			0.994892 -0.100322 -0.0111756 -24.2735 0.100198 0.994905 -0.011142 -4.1214 0.0122365 0.00996535 0.999875 13.6196 0 0 0 1 
			8 7
			0.994892 -0.100322 -0.0111756 -39.6708 0.0123163 0.0107576 0.999866 13.6163 -0.100188 -0.994897 0.0119382 4.13224 0 0 0 1 
			9 4
			-1 -1.37091e-06 4.37114e-08 -1.60434 -1.37091e-06 1 3.84662e-15 -1.09939e-05 -4.37115e-08 -5.60777e-14 -1 -13.7324 0 0 0 1 
			10 9
			-0.994967 0.0993346 -0.0131667 -9.21109 0.0994535 0.995004 -0.00870241 0.783132 0.0122364 -0.00996808 -0.999875 -13.6196 0 0 0 1 
			11 10
			-0.994892 -0.100322 -0.0111753 -24.2735 -0.100198 0.994905 -0.0111448 -4.12141 0.0122364 -0.00996809 -0.999875 -13.6196 0 0 0 1 
			12 11
			-0.994892 -0.100322 -0.0111753 -39.6708 -0.0123162 0.0107603 0.999866 13.6163 -0.100189 0.994897 -0.0119409 -4.13226 0 0 0 1 
			13 4
			1.34309e-06 -5.95475e-08 -1 -17.1089 -1.40269e-06 -1 5.95456e-08 1.08463e-05 -1 1.40269e-06 -1.34309e-06 -1.9641e-05 0 0 0 1 
			14 13
			1 -0 0 0 0 1 0 0 -0 -0 1 -0 0 0 0 1 
			15 2
			1.37369e-06 -0.0998334 0.995004 -21.1028 0 -0.995004 -0.0998334 2.11735 1 1.3714e-07 -1.36683e-06 -4.58386 0 0 0 1 
			16 15
			1.37369e-06 0.0998334 0.995004 -40.7016 0 -0.995004 0.0998334 -6.09021 1 -1.3714e-07 -1.36683e-06 -4.58386 0 0 0 1 
			17 16
			1.3716e-06 -6.00745e-14 1 -61.0038 0 -1 -6.00745e-14 1.29981e-05 1 8.23984e-20 -1.3716e-06 -4.58385 0 0 0 1 
			18 17
			1.3723e-06 -1 -6.00133e-14 -6.78409 0 6.00133e-14 -1 65.6032 1 1.3723e-06 8.23562e-20 -4.58386 0 0 0 1 
			19 18
			1 -0 0 0 0 1 0 0 -0 -0 1 -0 0 0 0 1 
			20 2
			1.37369e-06 -0.0998334 0.995004 -21.1028 0 -0.995004 -0.0998334 2.11735 1 1.3714e-07 -1.36683e-06 4.58385 0 0 0 1 
			21 20
			1.37369e-06 0.0998334 0.995004 -40.7016 0 -0.995004 0.0998334 -6.09021 1 -1.3714e-07 -1.36683e-06 4.58385 0 0 0 1 
			22 21
			1.3716e-06 -6.00745e-14 1 -61.0038 0 -1 -6.00745e-14 1.29981e-05 1 8.23984e-20 -1.3716e-06 4.58386 0 0 0 1 
			23 22
			1.3723e-06 -1 5.98908e-14 -6.78409 0 -5.98908e-14 -1 65.6032 1 1.3723e-06 -8.21882e-20 4.58386 0 0 0 1 
			24 23
			1 -0 0 0 0 1 0 0 -0 -0 1 -0 0 0 0 1 
	</skeleton>
		<animations>
			33
			0
				-1
				-0.573575 0.819153 -2.02144e-33 3.33786e-06 -0.819153 -0.573575 -1.36318e-32 8.68908e-07 -1.2326e-32 -6.16298e-33 1 24.6547 0 0 0 1 
				0
				-0.573575 0.819153 -2.02144e-33 3.33786e-06 -0.819153 -0.573575 -1.36318e-32 8.68908e-07 -1.2326e-32 -6.16298e-33 1 24.5634 0 0 0 1 
				1
				-0.573575 0.819153 -2.02144e-33 3.33786e-06 -0.819153 -0.573575 -1.36318e-32 8.68908e-07 -1.2326e-32 -6.16298e-33 1 24.4633 0 0 0 1 
				2
				-0.573575 0.819153 -2.02144e-33 3.33786e-06 -0.819153 -0.573575 -1.36318e-32 8.68908e-07 -1.2326e-32 -6.16298e-33 1 24.3565 0 0 0 1 
				3
				-0.573575 0.819153 -2.02144e-33 3.33786e-06 -0.819153 -0.573575 -1.36318e-32 8.68908e-07 -1.2326e-32 -6.16298e-33 1 24.245 0 0 0 1 
				4
				-0.573575 0.819153 -2.02144e-33 3.33786e-06 -0.819153 -0.573575 -1.36318e-32 8.68908e-07 -1.2326e-32 -6.16298e-33 1 24.1308 0 0 0 1 
				5
				-0.573575 0.819153 -2.02144e-33 3.33786e-06 -0.819153 -0.573575 -1.36318e-32 8.68908e-07 -1.2326e-32 -6.16298e-33 1 24.0159 0 0 0 1 
				6
				-0.573575 0.819153 -2.02144e-33 3.33786e-06 -0.819153 -0.573575 -1.36318e-32 8.68908e-07 -1.2326e-32 -6.16298e-33 1 23.9024 0 0 0 1 
				7
				-0.573575 0.819153 -2.02144e-33 3.33786e-06 -0.819153 -0.573575 -1.36318e-32 8.68908e-07 -1.2326e-32 -6.16298e-33 1 23.7922 0 0 0 1 
				8
				-0.573575 0.819153 -2.02144e-33 3.33786e-06 -0.819153 -0.573575 -1.36318e-32 8.68908e-07 -1.2326e-32 -6.16298e-33 1 23.6875 0 0 0 1 
				9
				-0.573575 0.819153 -2.02144e-33 3.33786e-06 -0.819153 -0.573575 -1.36318e-32 8.68908e-07 -1.2326e-32 -6.16298e-33 1 23.5901 0 0 0 1 
				10
				-0.573575 0.819153 -2.02144e-33 3.33786e-06 -0.819153 -0.573575 -1.36318e-32 8.68908e-07 -1.2326e-32 -6.16298e-33 1 23.5021 0 0 0 1 
				11
				-0.573575 0.819153 -2.02144e-33 3.33786e-06 -0.819153 -0.573575 -1.36318e-32 8.68908e-07 -1.2326e-32 -6.16298e-33 1 23.4257 0 0 0 1 
				12
				-0.573575 0.819153 -2.02144e-33 3.33786e-06 -0.819153 -0.573575 -1.36318e-32 8.68908e-07 -1.2326e-32 -6.16298e-33 1 23.3627 0 0 0 1 
				13
				-0.573575 0.819153 -3.53493e-33 3.33786e-06 -0.819153 -0.573575 -5.04842e-33 8.68908e-07 -6.16298e-33 -0 1 23.3152 0 0 0 1 
				14
				-0.573575 0.819153 -2.02144e-33 3.33786e-06 -0.819153 -0.573575 -1.36318e-32 8.68908e-07 -1.2326e-32 -6.16298e-33 1 23.2852 0 0 0 1 
				15
				-0.573575 0.819153 -2.02144e-33 3.33786e-06 -0.819153 -0.573575 -1.36318e-32 8.68908e-07 -1.2326e-32 -6.16298e-33 1 23.2747 0 0 0 1 
				16
				-0.573575 0.819153 -2.02144e-33 3.33786e-06 -0.819153 -0.573575 -1.36318e-32 8.68908e-07 -1.2326e-32 -6.16298e-33 1 23.2852 0 0 0 1 
				17
				-0.573575 0.819153 -3.53493e-33 3.33786e-06 -0.819153 -0.573575 -5.04842e-33 8.68908e-07 -6.16298e-33 -0 1 23.3152 0 0 0 1 
				18
				-0.573575 0.819153 -2.02144e-33 3.33786e-06 -0.819153 -0.573575 -1.36318e-32 8.68908e-07 -1.2326e-32 -6.16298e-33 1 23.3627 0 0 0 1 
				19
				-0.573575 0.819153 -2.02144e-33 3.33786e-06 -0.819153 -0.573575 -1.36318e-32 8.68908e-07 -1.2326e-32 -6.16298e-33 1 23.4257 0 0 0 1 
				20
				-0.573575 0.819153 -2.02144e-33 3.33786e-06 -0.819153 -0.573575 -1.36318e-32 8.68908e-07 -1.2326e-32 -6.16298e-33 1 23.5021 0 0 0 1 
				21
				-0.573575 0.819153 -2.02144e-33 3.33786e-06 -0.819153 -0.573575 -1.36318e-32 8.68908e-07 -1.2326e-32 -6.16298e-33 1 23.5901 0 0 0 1 
				22
				-0.573575 0.819153 -2.02144e-33 3.33786e-06 -0.819153 -0.573575 -1.36318e-32 8.68908e-07 -1.2326e-32 -6.16298e-33 1 23.6874 0 0 0 1 
				23
				-0.573575 0.819153 -2.02144e-33 3.33786e-06 -0.819153 -0.573575 -1.36318e-32 8.68908e-07 -1.2326e-32 -6.16298e-33 1 23.7922 0 0 0 1 
				24
				-0.573575 0.819153 -2.02144e-33 3.33786e-06 -0.819153 -0.573575 -1.36318e-32 8.68908e-07 -1.2326e-32 -6.16298e-33 1 23.9024 0 0 0 1 
				25
				-0.573575 0.819153 -2.02144e-33 3.33786e-06 -0.819153 -0.573575 -1.36318e-32 8.68908e-07 -1.2326e-32 -6.16298e-33 1 24.0159 0 0 0 1 
				26
				-0.573575 0.819153 -2.02144e-33 3.33786e-06 -0.819153 -0.573575 -1.36318e-32 8.68908e-07 -1.2326e-32 -6.16298e-33 1 24.1308 0 0 0 1 
				27
				-0.573575 0.819153 -2.02144e-33 3.33786e-06 -0.819153 -0.573575 -1.36318e-32 8.68908e-07 -1.2326e-32 -6.16298e-33 1 24.245 0 0 0 1 
				28
				-0.573575 0.819153 -2.02144e-33 3.33786e-06 -0.819153 -0.573575 -1.36318e-32 8.68908e-07 -1.2326e-32 -6.16298e-33 1 24.3565 0 0 0 1 
				29
				-0.573575 0.819153 -3.53493e-33 3.33786e-06 -0.819153 -0.573575 -5.04842e-33 8.68908e-07 -6.16298e-33 -0 1 24.4633 0 0 0 1 
				30
				-0.573575 0.819153 -2.02144e-33 3.33786e-06 -0.819153 -0.573575 -1.36318e-32 8.68908e-07 -1.2326e-32 -6.16298e-33 1 24.5634 0 0 0 1 
				31
				-0.573575 0.819153 -2.02144e-33 3.33786e-06 -0.819153 -0.573575 -1.36318e-32 8.68908e-07 -1.2326e-32 -6.16298e-33 1 24.6547 0 0 0 1 
		</Joint>
			1
				-1
				1.33158e-06 -0.573574 -0.819154 3.33786e-06 0 -0.819154 0.573574 8.68908e-07 -1 -7.6376e-07 -1.09077e-06 24.6547 0 0 0 1 
				0
				1.33158e-06 -0.573574 -0.819154 3.33786e-06 0 -0.819154 0.573574 8.68908e-07 -1 -7.6376e-07 -1.09077e-06 24.5634 0 0 0 1 
				1
				1.33158e-06 -0.573574 -0.819154 3.33786e-06 0 -0.819154 0.573574 8.68908e-07 -1 -7.6376e-07 -1.09077e-06 24.4633 0 0 0 1 
				2
				1.33158e-06 -0.573574 -0.819154 3.33786e-06 0 -0.819154 0.573574 8.68908e-07 -1 -7.6376e-07 -1.09077e-06 24.3565 0 0 0 1 
				3
				1.33158e-06 -0.573574 -0.819154 3.33786e-06 0 -0.819154 0.573574 8.68908e-07 -1 -7.6376e-07 -1.09077e-06 24.245 0 0 0 1 
				4
				1.33158e-06 -0.573574 -0.819154 3.33786e-06 0 -0.819154 0.573574 8.68908e-07 -1 -7.6376e-07 -1.09077e-06 24.1308 0 0 0 1 
				5
				1.33158e-06 -0.573574 -0.819154 3.33786e-06 0 -0.819154 0.573574 8.68908e-07 -1 -7.6376e-07 -1.09077e-06 24.0159 0 0 0 1 
				6
				1.33158e-06 -0.573574 -0.819154 3.33786e-06 0 -0.819154 0.573574 8.68908e-07 -1 -7.6376e-07 -1.09077e-06 23.9024 0 0 0 1 
				7
				1.33158e-06 -0.573574 -0.819154 3.33786e-06 0 -0.819154 0.573574 8.68908e-07 -1 -7.6376e-07 -1.09077e-06 23.7922 0 0 0 1 
				8
				1.33158e-06 -0.573574 -0.819154 3.33786e-06 0 -0.819154 0.573574 8.68908e-07 -1 -7.6376e-07 -1.09077e-06 23.6875 0 0 0 1 
				9
				1.33158e-06 -0.573574 -0.819154 3.33786e-06 0 -0.819154 0.573574 8.68908e-07 -1 -7.6376e-07 -1.09077e-06 23.5901 0 0 0 1 
				10
				1.33158e-06 -0.573574 -0.819154 3.33786e-06 0 -0.819154 0.573574 8.68908e-07 -1 -7.6376e-07 -1.09077e-06 23.5021 0 0 0 1 
				11
				1.33158e-06 -0.573574 -0.819154 3.33786e-06 0 -0.819154 0.573574 8.68908e-07 -1 -7.6376e-07 -1.09077e-06 23.4257 0 0 0 1 
				12
				1.33158e-06 -0.573574 -0.819154 3.33786e-06 0 -0.819154 0.573574 8.68908e-07 -1 -7.6376e-07 -1.09077e-06 23.3627 0 0 0 1 
				13
				1.33158e-06 -0.573574 -0.819153 3.33786e-06 0 -0.819153 0.573574 8.68908e-07 -1 -7.6376e-07 -1.09077e-06 23.3152 0 0 0 1 
				14
				1.33158e-06 -0.573574 -0.819154 3.33786e-06 0 -0.819154 0.573574 8.68908e-07 -1 -7.6376e-07 -1.09077e-06 23.2852 0 0 0 1 
				15
				1.33158e-06 -0.573574 -0.819154 3.33786e-06 0 -0.819154 0.573574 8.68908e-07 -1 -7.6376e-07 -1.09077e-06 23.2747 0 0 0 1 
				16
				1.33158e-06 -0.573574 -0.819154 3.33786e-06 0 -0.819154 0.573574 8.68908e-07 -1 -7.6376e-07 -1.09077e-06 23.2852 0 0 0 1 
				17
				1.33158e-06 -0.573574 -0.819153 3.33786e-06 0 -0.819153 0.573574 8.68908e-07 -1 -7.6376e-07 -1.09077e-06 23.3152 0 0 0 1 
				18
				1.33158e-06 -0.573574 -0.819154 3.33786e-06 0 -0.819154 0.573574 8.68908e-07 -1 -7.6376e-07 -1.09077e-06 23.3627 0 0 0 1 
				19
				1.33158e-06 -0.573574 -0.819154 3.33786e-06 0 -0.819154 0.573574 8.68908e-07 -1 -7.6376e-07 -1.09077e-06 23.4257 0 0 0 1 
				20
				1.33158e-06 -0.573574 -0.819154 3.33786e-06 0 -0.819154 0.573574 8.68908e-07 -1 -7.6376e-07 -1.09077e-06 23.5021 0 0 0 1 
				21
				1.33158e-06 -0.573574 -0.819154 3.33786e-06 0 -0.819154 0.573574 8.68908e-07 -1 -7.6376e-07 -1.09077e-06 23.5901 0 0 0 1 
				22
				1.33158e-06 -0.573574 -0.819154 3.33786e-06 0 -0.819154 0.573574 8.68908e-07 -1 -7.6376e-07 -1.09077e-06 23.6874 0 0 0 1 
				23
				1.33158e-06 -0.573574 -0.819154 3.33786e-06 0 -0.819154 0.573574 8.68908e-07 -1 -7.6376e-07 -1.09077e-06 23.7922 0 0 0 1 
				24
				1.33158e-06 -0.573574 -0.819154 3.33786e-06 0 -0.819154 0.573574 8.68908e-07 -1 -7.6376e-07 -1.09077e-06 23.9024 0 0 0 1 
				25
				1.33158e-06 -0.573574 -0.819154 3.33786e-06 0 -0.819154 0.573574 8.68908e-07 -1 -7.6376e-07 -1.09077e-06 24.0159 0 0 0 1 
				26
				1.33158e-06 -0.573574 -0.819154 3.33786e-06 0 -0.819154 0.573574 8.68908e-07 -1 -7.6376e-07 -1.09077e-06 24.1308 0 0 0 1 
				27
				1.33158e-06 -0.573574 -0.819154 3.33786e-06 0 -0.819154 0.573574 8.68908e-07 -1 -7.6376e-07 -1.09077e-06 24.245 0 0 0 1 
				28
				1.33158e-06 -0.573574 -0.819154 3.33786e-06 0 -0.819154 0.573574 8.68908e-07 -1 -7.6376e-07 -1.09077e-06 24.3565 0 0 0 1 
				29
				1.33158e-06 -0.573574 -0.819153 3.33786e-06 0 -0.819153 0.573574 8.68908e-07 -1 -7.6376e-07 -1.09077e-06 24.4633 0 0 0 1 
				30
				1.33158e-06 -0.573574 -0.819154 3.33786e-06 0 -0.819154 0.573574 8.68908e-07 -1 -7.6376e-07 -1.09077e-06 24.5634 0 0 0 1 
				31
				1.33158e-06 -0.573574 -0.819154 3.33786e-06 0 -0.819154 0.573574 8.68908e-07 -1 -7.6376e-07 -1.09077e-06 24.6547 0 0 0 1 
		</Joint>
			2
				-1
				-0.000271969 -0.342021 -0.939692 0.00405821 -0.000750183 -0.939692 0.342021 0.0111245 -1 0.00079796 -1.01208e-06 19.4773 0 0 0 1 
				0
				0.0017024 -0.342017 -0.939692 0.00405815 0.00467437 -0.93968 0.342021 0.0111243 -0.999988 -0.00497473 -9.96403e-07 19.3861 0 0 0 1 
				1
				0.00386686 -0.342 -0.939692 0.00405793 0.0106212 -0.939632 0.342021 0.0111237 -0.999936 -0.0113032 -9.7882e-07 19.2861 0 0 0 1 
				2
				0.00617687 -0.341966 -0.939692 0.00405752 0.0169679 -0.939539 0.342021 0.0111226 -0.999837 -0.0180573 -9.58325e-07 19.1793 0 0 0 1 
				3
				0.00858789 -0.341914 -0.939692 0.00405691 0.0235922 -0.939396 0.342021 0.0111209 -0.999685 -0.0251066 -9.4006e-07 19.0679 0 0 0 1 
				4
				0.0110567 -0.341843 -0.939692 0.00405603 0.0303753 -0.939201 0.342021 0.0111185 -0.999477 -0.0323251 -9.22932e-07 18.9538 0 0 0 1 
				5
				0.0135403 -0.341753 -0.939692 0.00405496 0.0371988 -0.938956 0.342021 0.0111155 -0.999216 -0.0395865 -8.99491e-07 18.839 0 0 0 1 
				6
				0.015994 -0.341647 -0.939692 0.00405369 0.0439404 -0.938664 0.342021 0.0111121 -0.998906 -0.0467607 -8.80104e-07 18.7256 0 0 0 1 
				7
				0.0183734 -0.341528 -0.939692 0.00405227 0.0504778 -0.938335 0.342021 0.0111082 -0.998556 -0.0537177 -8.60671e-07 18.6155 0 0 0 1 
				8
				0.0206356 -0.341398 -0.939692 0.00405076 0.0566931 -0.93798 0.342021 0.0111039 -0.998178 -0.0603318 -8.43666e-07 18.5108 0 0 0 1 
				9
				0.0227376 -0.341265 -0.939692 0.00404915 0.0624683 -0.937613 0.342021 0.0110995 -0.997788 -0.0664777 -8.23729e-07 18.4135 0 0 0 1 
				10
				0.0246352 -0.341133 -0.939692 0.0040476 0.067682 -0.937252 0.342021 0.0110952 -0.997403 -0.072026 -8.04806e-07 18.3256 0 0 0 1 
				11
				0.0262844 -0.34101 -0.939692 0.0040461 0.0722131 -0.936913 0.342021 0.0110912 -0.997043 -0.0768479 -7.99922e-07 18.2492 0 0 0 1 
				12
				0.0276424 -0.340903 -0.939692 0.00404488 0.0759443 -0.936618 0.342021 0.0110875 -0.996729 -0.0808186 -7.91722e-07 18.1863 0 0 0 1 
				13
				0.0286667 -0.340818 -0.939692 0.00404381 0.0787585 -0.936386 0.342021 0.0110848 -0.996481 -0.0838134 -7.74554e-07 18.1388 0 0 0 1 
				14
				0.0293133 -0.340763 -0.939692 0.00404311 0.0805349 -0.936235 0.342021 0.0110829 -0.996321 -0.0857038 -7.68339e-07 18.1088 0 0 0 1 
				15
				0.029538 -0.340744 -0.939692 0.00404291 0.0811523 -0.936181 0.342021 0.0110825 -0.996264 -0.0863608 -7.76202e-07 18.0984 0 0 0 1 
				16
				0.0293133 -0.340763 -0.939692 0.00404315 0.0805349 -0.936235 0.342021 0.011083 -0.996321 -0.0857038 -7.68764e-07 18.1088 0 0 0 1 
				17
				0.0286667 -0.340818 -0.939692 0.00404377 0.0787586 -0.936386 0.342021 0.0110848 -0.996481 -0.0838134 -7.78862e-07 18.1388 0 0 0 1 
				18
				0.0276424 -0.340903 -0.939692 0.00404488 0.0759443 -0.936618 0.342021 0.0110875 -0.996729 -0.0808186 -7.91722e-07 18.1863 0 0 0 1 
				19
				0.0262844 -0.34101 -0.939692 0.0040461 0.0722131 -0.936913 0.342021 0.0110912 -0.997043 -0.0768479 -7.99922e-07 18.2492 0 0 0 1 
				20
				0.0246352 -0.341133 -0.939692 0.00404756 0.067682 -0.937252 0.342022 0.0110952 -0.997403 -0.072026 -8.06953e-07 18.3256 0 0 0 1 
				21
				0.0227376 -0.341265 -0.939692 0.00404914 0.0624683 -0.937613 0.342021 0.0110995 -0.997788 -0.0664777 -8.2696e-07 18.4135 0 0 0 1 
				22
				0.0206356 -0.341398 -0.939692 0.00405071 0.0566931 -0.93798 0.342021 0.0111039 -0.998178 -0.0603318 -8.4582e-07 18.5108 0 0 0 1 
				23
				0.0183734 -0.341528 -0.939692 0.00405227 0.0504778 -0.938335 0.342021 0.0111082 -0.998556 -0.0537177 -8.60671e-07 18.6155 0 0 0 1 
				24
				0.015994 -0.341647 -0.939692 0.00405368 0.0439404 -0.938664 0.342021 0.0111121 -0.998906 -0.0467607 -8.81108e-07 18.7256 0 0 0 1 
				25
				0.0135403 -0.341753 -0.939692 0.00405497 0.0371988 -0.938955 0.342021 0.0111155 -0.999216 -0.0395865 -9.01299e-07 18.839 0 0 0 1 
				26
				0.0110567 -0.341843 -0.939692 0.00405604 0.0303753 -0.939201 0.342021 0.0111185 -0.999477 -0.0323251 -9.20385e-07 18.9538 0 0 0 1 
				27
				0.00858789 -0.341914 -0.939692 0.00405689 0.0235922 -0.939396 0.342021 0.0111209 -0.999685 -0.0251066 -9.40096e-07 19.0679 0 0 0 1 
				28
				0.00617687 -0.341966 -0.939692 0.00405752 0.0169679 -0.939539 0.342021 0.0111226 -0.999837 -0.0180573 -9.59356e-07 19.1794 0 0 0 1 
				29
				0.00386686 -0.342 -0.939692 0.00405793 0.0106212 -0.939632 0.342021 0.0111237 -0.999936 -0.0113032 -9.7872e-07 19.2861 0 0 0 1 
				30
				0.0017024 -0.342017 -0.939692 0.00405815 0.00467437 -0.93968 0.342021 0.0111244 -0.999988 -0.00497473 -9.96421e-07 19.3861 0 0 0 1 
				31
				-0.000271969 -0.342021 -0.939692 0.00405821 -0.000750183 -0.939692 0.342021 0.0111245 -1 0.00079796 -1.01208e-06 19.4773 0 0 0 1 
		</Joint>
			3
				-1
				-6.90265e-05 -0.0871571 -0.996195 0.00104359 -0.000795174 -0.996194 0.0871571 0.0117653 -1 0.000798165 -5.41232e-07 4.5954 0 0 0 1 
				0
				0.0024084 -0.0871409 -0.996193 0.0304257 0.01038 -0.99614 0.0871613 0.0924921 -0.999943 -0.0105504 -0.00149459 4.5045 0 0 0 1 
				1
				0.00512391 -0.0870805 -0.996188 0.062636 0.0226298 -0.995936 0.0871749 0.180989 -0.999731 -0.0229902 -0.00313247 4.40541 0 0 0 1 
				2
				0.00802097 -0.0869677 -0.996179 0.0970115 0.0357005 -0.995551 0.0872003 0.275435 -0.99933 -0.0362635 -0.00488049 4.30031 0 0 0 1 
				3
				0.0110429 -0.0867964 -0.996165 0.132889 0.0493376 -0.994965 0.0872388 0.374007 -0.998721 -0.0501118 -0.00670493 4.19134 0 0 0 1 
				4
				0.0141346 -0.0865642 -0.996146 0.169627 0.0632946 -0.99417 0.0872906 0.474941 -0.997895 -0.0642845 -0.00857313 4.08049 0 0 0 1 
				5
				0.0172412 -0.0862727 -0.996122 0.206582 0.077325 -0.993172 0.0873555 0.576473 -0.996857 -0.0785313 -0.0104524 3.96973 0 0 0 1 
				6
				0.0203063 -0.0859278 -0.996094 0.243093 0.0911753 -0.991989 0.0874323 0.676782 -0.995628 -0.0925947 -0.0123091 3.86105 0 0 0 1 
				7
				0.0232739 -0.0855391 -0.996063 0.278497 0.104593 -0.990657 0.0875187 0.774052 -0.994243 -0.106219 -0.0141096 3.75635 0 0 0 1 
				8
				0.0260904 -0.0851202 -0.996029 0.312155 0.117337 -0.98922 0.0876118 0.866525 -0.99275 -0.119157 -0.0158214 3.65745 0 0 0 1 
				9
				0.0287026 -0.0846879 -0.995994 0.343431 0.129165 -0.987737 0.0877081 0.952449 -0.991208 -0.131165 -0.0174119 3.56609 0 0 0 1 
				10
				0.0310565 -0.0842619 -0.99596 0.371664 0.139831 -0.986275 0.0878028 1.03002 -0.989688 -0.141993 -0.0188478 3.48407 0 0 0 1 
				11
				0.0330985 -0.0838642 -0.995927 0.396201 0.14909 -0.98491 0.0878912 1.09743 -0.98827 -0.151392 -0.0200957 3.41315 0 0 0 1 
				12
				0.0347773 -0.0835174 -0.995899 0.416406 0.156707 -0.98372 0.0879683 1.15294 -0.987032 -0.159124 -0.0211233 3.35498 0 0 0 1 
				13
				0.0360418 -0.0832447 -0.995877 0.431645 0.162448 -0.982782 0.0880292 1.19481 -0.986059 -0.164951 -0.0218984 3.31124 0 0 0 1 
				14
				0.0368392 -0.0830672 -0.995863 0.441264 0.166069 -0.982174 0.0880686 1.22123 -0.985426 -0.168626 -0.0223876 3.28371 0 0 0 1 
				15
				0.0371162 -0.0830046 -0.995858 0.444607 0.167327 -0.981959 0.0880825 1.23042 -0.985203 -0.169903 -0.0225576 3.27414 0 0 0 1 
				16
				0.0368392 -0.0830672 -0.995863 0.441264 0.166069 -0.982174 0.0880686 1.22123 -0.985426 -0.168626 -0.0223876 3.2837 0 0 0 1 
				17
				0.0360418 -0.0832447 -0.995877 0.431645 0.162448 -0.982782 0.0880292 1.19481 -0.986059 -0.164951 -0.0218984 3.31124 0 0 0 1 
				18
				0.0347773 -0.0835174 -0.995899 0.416406 0.156707 -0.98372 0.0879683 1.15294 -0.987032 -0.159124 -0.0211233 3.35497 0 0 0 1 
				19
				0.0330985 -0.0838642 -0.995927 0.396201 0.14909 -0.98491 0.0878912 1.09743 -0.98827 -0.151392 -0.0200957 3.41315 0 0 0 1 
				20
				0.0310565 -0.084262 -0.995959 0.371664 0.139831 -0.986275 0.0878029 1.03002 -0.989688 -0.141992 -0.0188478 3.48407 0 0 0 1 
				21
				0.0287026 -0.0846879 -0.995994 0.343431 0.129165 -0.987737 0.087708 0.95245 -0.991208 -0.131165 -0.0174119 3.56609 0 0 0 1 
				22
				0.0260904 -0.0851201 -0.996029 0.312156 0.117337 -0.98922 0.0876118 0.866526 -0.99275 -0.119157 -0.0158214 3.65745 0 0 0 1 
				23
				0.0232739 -0.0855391 -0.996063 0.278497 0.104594 -0.990657 0.0875187 0.774052 -0.994243 -0.106219 -0.0141096 3.75635 0 0 0 1 
				24
				0.0203063 -0.0859278 -0.996094 0.243093 0.0911753 -0.991989 0.0874323 0.676783 -0.995628 -0.0925947 -0.0123091 3.86105 0 0 0 1 
				25
				0.0172412 -0.0862727 -0.996122 0.206582 0.077325 -0.993171 0.0873555 0.576473 -0.996857 -0.0785312 -0.0104524 3.96973 0 0 0 1 
				26
				0.0141346 -0.0865642 -0.996146 0.169627 0.0632946 -0.99417 0.0872906 0.474941 -0.997895 -0.0642845 -0.00857313 4.08049 0 0 0 1 
				27
				0.0110429 -0.0867965 -0.996165 0.132889 0.0493376 -0.994965 0.0872388 0.374007 -0.998721 -0.0501118 -0.00670493 4.19134 0 0 0 1 
				28
				0.00802097 -0.0869677 -0.996179 0.0970115 0.0357005 -0.995551 0.0872003 0.275435 -0.99933 -0.0362635 -0.00488049 4.30033 0 0 0 1 
				29
				0.00512391 -0.0870807 -0.996188 0.0626359 0.0226298 -0.995936 0.087175 0.180989 -0.999731 -0.0229902 -0.00313247 4.40541 0 0 0 1 
				30
				0.0024084 -0.0871409 -0.996193 0.0304257 0.01038 -0.99614 0.0871613 0.0924921 -0.999943 -0.0105504 -0.00149459 4.5045 0 0 0 1 
				31
				-6.90265e-05 -0.0871571 -0.996195 0.00104359 -0.000795174 -0.996194 0.0871571 0.0117653 -1 0.000798165 -5.41232e-07 4.5954 0 0 0 1 
		</Joint>
			4
				-1
				-6.90265e-05 -0.0871571 -0.996195 0.000250671 -0.000795174 -0.996194 0.0871571 0.00261006 -1 0.000798165 -5.4124e-07 -10.2865 0 0 0 1 
				0
				0.0024084 -0.0871409 -0.996193 0.0665015 0.01038 -0.99614 0.0871613 0.249644 -0.999943 -0.0105504 -0.00149459 -10.3765 0 0 0 1 
				1
				0.00512391 -0.0870805 -0.996188 0.139124 0.0226298 -0.995936 0.0871749 0.520441 -0.999731 -0.0229902 -0.00313247 -10.4724 0 0 0 1 
				2
				0.00802097 -0.0869677 -0.996179 0.216612 0.0357005 -0.995551 0.0872003 0.809402 -0.999331 -0.0362635 -0.00488049 -10.5715 0 0 0 1 
				3
				0.0110429 -0.0867964 -0.996165 0.297461 0.0493376 -0.994965 0.0872388 1.11092 -0.998721 -0.0501118 -0.00670493 -10.6714 0 0 0 1 
				4
				0.0141346 -0.0865642 -0.996146 0.380209 0.0632946 -0.99417 0.0872906 1.41956 -0.997895 -0.0642845 -0.00857313 -10.7699 0 0 0 1 
				5
				0.0172412 -0.0862727 -0.996122 0.463395 0.077325 -0.993172 0.0873555 1.72988 -0.996857 -0.0785313 -0.0104524 -10.8652 0 0 0 1 
				6
				0.0203063 -0.0859278 -0.996094 0.54552 0.0911753 -0.991989 0.0874323 2.03631 -0.995628 -0.0925947 -0.0123091 -10.9555 0 0 0 1 
				7
				0.0232739 -0.085539 -0.996063 0.625087 0.104593 -0.990657 0.0875187 2.33326 -0.994243 -0.106219 -0.0141096 -11.0396 0 0 0 1 
				8
				0.0260904 -0.0851202 -0.996029 0.700658 0.117337 -0.98922 0.0876118 2.61538 -0.99275 -0.119157 -0.0158214 -11.1162 0 0 0 1 
				9
				0.0287026 -0.0846879 -0.995994 0.770807 0.129165 -0.987737 0.0877081 2.87732 -0.991208 -0.131165 -0.0174119 -11.1846 0 0 0 1 
				10
				0.0310565 -0.0842619 -0.99596 0.83407 0.139831 -0.986275 0.0878028 3.11361 -0.989688 -0.141992 -0.0188478 -11.244 0 0 0 1 
				11
				0.0330985 -0.0838642 -0.995927 0.888994 0.14909 -0.98491 0.0878912 3.31882 -0.98827 -0.151392 -0.0200957 -11.2938 0 0 0 1 
				12
				0.0347773 -0.0835174 -0.995899 0.934182 0.156707 -0.98372 0.0879683 3.48768 -0.987032 -0.159124 -0.0211233 -11.3335 0 0 0 1 
				13
				0.0360418 -0.0832447 -0.995877 0.968239 0.162448 -0.982782 0.0880292 3.61498 -0.986059 -0.164951 -0.0218984 -11.3627 0 0 0 1 
				14
				0.0368392 -0.0830672 -0.995863 0.989724 0.166069 -0.982174 0.0880686 3.6953 -0.985426 -0.168627 -0.0223876 -11.3808 0 0 0 1 
				15
				0.0371162 -0.0830046 -0.995858 0.997189 0.167327 -0.981959 0.0880825 3.7232 -0.985203 -0.169903 -0.0225576 -11.3871 0 0 0 1 
				16
				0.0368392 -0.0830672 -0.995863 0.989724 0.166069 -0.982174 0.0880686 3.6953 -0.985426 -0.168627 -0.0223876 -11.3808 0 0 0 1 
				17
				0.0360418 -0.0832447 -0.995877 0.96824 0.162448 -0.982782 0.0880292 3.61498 -0.986059 -0.164951 -0.0218984 -11.3627 0 0 0 1 
				18
				0.0347773 -0.0835174 -0.995899 0.934182 0.156707 -0.98372 0.0879683 3.48768 -0.987032 -0.159124 -0.0211233 -11.3335 0 0 0 1 
				19
				0.0330985 -0.0838642 -0.995927 0.888994 0.14909 -0.98491 0.0878912 3.31882 -0.98827 -0.151392 -0.0200957 -11.2938 0 0 0 1 
				20
				0.0310565 -0.084262 -0.995959 0.83407 0.139831 -0.986275 0.0878029 3.11361 -0.989688 -0.141992 -0.0188478 -11.244 0 0 0 1 
				21
				0.0287026 -0.0846879 -0.995994 0.770807 0.129165 -0.987737 0.087708 2.87732 -0.991208 -0.131165 -0.0174119 -11.1846 0 0 0 1 
				22
				0.0260904 -0.0851201 -0.996029 0.700659 0.117337 -0.98922 0.0876118 2.61538 -0.992749 -0.119157 -0.0158214 -11.1162 0 0 0 1 
				23
				0.0232739 -0.085539 -0.996063 0.625087 0.104593 -0.990657 0.0875187 2.33326 -0.994243 -0.106219 -0.0141096 -11.0396 0 0 0 1 
				24
				0.0203063 -0.0859278 -0.996094 0.54552 0.0911753 -0.991989 0.0874323 2.03631 -0.995628 -0.0925947 -0.0123091 -10.9555 0 0 0 1 
				25
				0.0172412 -0.0862727 -0.996122 0.463396 0.077325 -0.993171 0.0873555 1.72988 -0.996857 -0.0785312 -0.0104524 -10.8652 0 0 0 1 
				26
				0.0141346 -0.0865642 -0.996146 0.380209 0.0632946 -0.99417 0.0872906 1.41956 -0.997895 -0.0642845 -0.00857313 -10.7699 0 0 0 1 
				27
				0.0110429 -0.0867964 -0.996165 0.297461 0.0493376 -0.994965 0.0872388 1.11092 -0.998721 -0.0501118 -0.00670493 -10.6714 0 0 0 1 
				28
				0.00802097 -0.0869677 -0.996179 0.216612 0.0357005 -0.995551 0.0872003 0.809402 -0.99933 -0.0362635 -0.00488049 -10.5715 0 0 0 1 
				29
				0.00512391 -0.0870807 -0.996188 0.139124 0.0226298 -0.995936 0.087175 0.520441 -0.999731 -0.0229902 -0.00313247 -10.4724 0 0 0 1 
				30
				0.0024084 -0.0871409 -0.996193 0.0665015 0.01038 -0.99614 0.0871613 0.249644 -0.999943 -0.0105504 -0.00149459 -10.3765 0 0 0 1 
				31
				-6.90265e-05 -0.0871571 -0.996195 0.000250671 -0.000795174 -0.996194 0.0871571 0.00261006 -1 0.000798165 -5.4124e-07 -10.2865 0 0 0 1 
		</Joint>
			5
				-1
				0.996195 0.0871571 2.4103e-06 1.59826 -0.0871571 0.996195 1.67575e-06 -0.139894 -2.25508e-06 -1.87944e-06 1 -10.2865 0 0 0 1 
				0
				0.996193 0.0871389 -0.00247501 1.66451 -0.0871613 0.996132 -0.0111734 0.107133 0.00149179 0.0113466 0.999935 -10.3741 0 0 0 1 
				1
				0.996188 0.0870764 -0.00519047 1.73712 -0.0871748 0.995918 -0.0234231 0.377909 0.00312968 0.0237863 0.999712 -10.4674 0 0 0 1 
				2
				0.996179 0.0869613 -0.00808743 1.8146 -0.0872002 0.995522 -0.0364935 0.66683 0.0048777 0.0370593 0.999301 -10.5638 0 0 0 1 
				3
				0.996165 0.0867876 -0.0111092 1.89542 -0.0872386 0.994925 -0.0501301 0.968287 0.00670214 0.050907 0.998681 -10.6608 0 0 0 1 
				4
				0.996146 0.0865529 -0.0142007 1.97814 -0.0872904 0.994119 -0.0640865 1.27684 0.00857034 0.065079 0.997843 -10.7563 0 0 0 1 
				5
				0.996122 0.086259 -0.0173071 2.06129 -0.0873553 0.99311 -0.0781161 1.58707 0.0104496 0.079325 0.996794 -10.8486 0 0 0 1 
				6
				0.996094 0.0859116 -0.0203719 2.14337 -0.0874321 0.991916 -0.0919655 1.89338 0.0123064 0.0933874 0.995554 -10.936 0 0 0 1 
				7
				0.996063 0.0855205 -0.0233392 2.22289 -0.0875184 0.990573 -0.105383 2.19019 0.0141069 0.10701 0.994158 -11.0172 0 0 0 1 
				8
				0.996029 0.0850994 -0.0261554 2.29841 -0.0876115 0.989127 -0.118125 2.47216 0.0158186 0.119947 0.992654 -11.0912 0 0 0 1 
				9
				0.995994 0.084665 -0.0287672 2.3685 -0.0877077 0.987633 -0.129951 2.73395 0.0174092 0.131954 0.991103 -11.157 0 0 0 1 
				10
				0.99596 0.0842371 -0.0311208 2.43171 -0.0878024 0.986163 -0.140616 2.9701 0.0188451 0.142781 0.989575 -11.2141 0 0 0 1 
				11
				0.995927 0.0838378 -0.0331625 2.48658 -0.0878908 0.984791 -0.149874 3.17517 0.0200929 0.152179 0.988149 -11.2619 0 0 0 1 
				12
				0.995899 0.0834897 -0.034841 2.53173 -0.0879678 0.983594 -0.157491 3.34391 0.0211206 0.15991 0.986905 -11.3 0 0 0 1 
				13
				0.995877 0.0832159 -0.0361053 2.56575 -0.0880288 0.982653 -0.163231 3.47111 0.0218956 0.165736 0.985927 -11.328 0 0 0 1 
				14
				0.995863 0.0830378 -0.0369026 2.58721 -0.0880681 0.982042 -0.166851 3.55137 0.0223849 0.169411 0.985291 -11.3454 0 0 0 1 
				15
				0.995858 0.082975 -0.0371795 2.59467 -0.088082 0.981825 -0.168109 3.57925 0.0225549 0.170688 0.985067 -11.3513 0 0 0 1 
				16
				0.995863 0.0830378 -0.0369026 2.58721 -0.0880681 0.982041 -0.166851 3.55137 0.0223849 0.169411 0.985291 -11.3454 0 0 0 1 
				17
				0.995877 0.0832159 -0.0361053 2.56575 -0.0880288 0.982653 -0.163231 3.47111 0.0218956 0.165736 0.985927 -11.328 0 0 0 1 
				18
				0.995899 0.0834897 -0.034841 2.53173 -0.0879678 0.983594 -0.157491 3.34391 0.0211206 0.15991 0.986905 -11.3 0 0 0 1 
				19
				0.995927 0.0838378 -0.0331625 2.48658 -0.0878908 0.984791 -0.149874 3.17517 0.0200929 0.152179 0.988149 -11.2619 0 0 0 1 
				20
				0.99596 0.0842372 -0.0311208 2.43171 -0.0878025 0.986163 -0.140616 2.9701 0.0188451 0.14278 0.989575 -11.2141 0 0 0 1 
				21
				0.995994 0.084665 -0.0287673 2.3685 -0.0877077 0.987633 -0.129951 2.73396 0.0174092 0.131954 0.991103 -11.157 0 0 0 1 
				22
				0.996029 0.0850993 -0.0261554 2.29841 -0.0876115 0.989126 -0.118125 2.47216 0.0158186 0.119947 0.992654 -11.0912 0 0 0 1 
				23
				0.996063 0.0855205 -0.0233392 2.22289 -0.0875184 0.990573 -0.105383 2.19019 0.0141069 0.10701 0.994158 -11.0172 0 0 0 1 
				24
				0.996094 0.0859116 -0.0203719 2.14337 -0.0874321 0.991916 -0.0919655 1.89338 0.0123064 0.0933875 0.995554 -10.936 0 0 0 1 
				25
				0.996122 0.086259 -0.0173071 2.06129 -0.0873553 0.99311 -0.0781161 1.58707 0.0104496 0.079325 0.996794 -10.8486 0 0 0 1 
				26
				0.996146 0.0865529 -0.0142007 1.97814 -0.0872904 0.994119 -0.0640865 1.27684 0.00857033 0.065079 0.997843 -10.7563 0 0 0 1 
				27
				0.996165 0.0867876 -0.0111092 1.89542 -0.0872387 0.994925 -0.0501301 0.968287 0.00670214 0.050907 0.998681 -10.6608 0 0 0 1 
				28
				0.996179 0.0869613 -0.00808743 1.8146 -0.0872002 0.995522 -0.0364935 0.66683 0.0048777 0.0370592 0.999301 -10.5638 0 0 0 1 
				29
				0.996188 0.0870766 -0.00519047 1.73712 -0.0871749 0.995918 -0.0234231 0.377908 0.00312968 0.0237863 0.999712 -10.4674 0 0 0 1 
				30
				0.996193 0.0871389 -0.00247501 1.66451 -0.0871613 0.996132 -0.0111734 0.107133 0.00149179 0.0113466 0.999935 -10.3741 0 0 0 1 
				31
				0.996195 0.0871571 2.4103e-06 1.59826 -0.0871571 0.996195 1.67575e-06 -0.139894 -2.25508e-06 -1.87944e-06 1 -10.2865 0 0 0 1 
		</Joint>
			6
				-1
				0.112922 -0.0327947 -0.993063 9.04144 0.148164 0.988837 -0.0158073 -0.791098 0.982495 -0.145352 0.11652 -10.2865 0 0 0 1 
				0
				0.124379 -0.0327946 -0.991693 9.10768 0.148337 0.988837 -0.0140955 -0.544102 0.981084 -0.145352 0.127855 -10.363 0 0 0 1 
				1
				0.136921 -0.0327949 -0.990039 9.18025 0.148504 0.988837 -0.0122172 -0.273428 0.979387 -0.145352 0.140262 -10.444 0 0 0 1 
				2
				0.150283 -0.0327952 -0.988099 9.25766 0.148656 0.988837 -0.0102102 0.0153038 0.977403 -0.145352 0.15348 -10.5273 0 0 0 1 
				3
				0.164202 -0.0327949 -0.985881 9.33838 0.148784 0.988836 -0.0081127 0.316474 0.975141 -0.145351 0.167248 -10.6107 0 0 0 1 
				4
				0.178424 -0.0327947 -0.983407 9.42095 0.148885 0.988836 -0.00596281 0.624645 0.972624 -0.145351 0.181315 -10.6923 0 0 0 1 
				5
				0.192695 -0.0327948 -0.98071 9.50393 0.148957 0.988836 -0.00379875 0.934385 0.969887 -0.145351 0.195429 -10.7705 0 0 0 1 
				6
				0.206759 -0.0327944 -0.977842 9.5858 0.148997 0.988836 -0.00165862 1.24012 0.96698 -0.145352 0.209337 -10.8441 0 0 0 1 
				7
				0.220362 -0.032795 -0.974867 9.66508 0.149005 0.988836 0.000416547 1.53629 0.96397 -0.145351 0.222789 -10.9118 0 0 0 1 
				8
				0.23326 -0.0327958 -0.971862 9.74035 0.148986 0.988837 0.00238997 1.81757 0.960934 -0.145351 0.235542 -10.973 0 0 0 1 
				9
				0.245211 -0.0327948 -0.968915 9.81018 0.148945 0.988836 0.0042257 2.07864 0.95796 -0.145351 0.247359 -11.0269 0 0 0 1 
				10
				0.255973 -0.0327946 -0.966128 9.87313 0.148889 0.988836 0.00588244 2.31407 0.955149 -0.145352 0.257998 -11.0733 0 0 0 1 
				11
				0.265304 -0.0327959 -0.963607 9.92776 0.148825 0.988837 0.00732071 2.51848 0.952609 -0.145351 0.267224 -11.1118 0 0 0 1 
				12
				0.272972 -0.0327955 -0.961463 9.9727 0.148762 0.988836 0.00850638 2.68665 0.95045 -0.145351 0.274804 -11.1422 0 0 0 1 
				13
				0.278746 -0.0327955 -0.959805 10.0066 0.148708 0.988836 0.00940029 2.81339 0.948782 -0.145351 0.280511 -11.1645 0 0 0 1 
				14
				0.282386 -0.0327955 -0.95874 10.0279 0.148672 0.988837 0.00996452 2.89335 0.947711 -0.145351 0.284109 -11.1781 0 0 0 1 
				15
				0.28365 -0.032795 -0.958367 10.0353 0.148658 0.988837 0.0101611 2.92114 0.947335 -0.145351 0.285359 -11.1828 0 0 0 1 
				16
				0.282386 -0.0327954 -0.958741 10.0279 0.148672 0.988837 0.00996456 2.89335 0.947711 -0.145351 0.284109 -11.1781 0 0 0 1 
				17
				0.278746 -0.0327954 -0.959805 10.0066 0.148708 0.988836 0.00940041 2.81339 0.948782 -0.145351 0.280511 -11.1644 0 0 0 1 
				18
				0.272973 -0.0327958 -0.961463 9.9727 0.148762 0.988836 0.00850608 2.68665 0.95045 -0.145351 0.274804 -11.1422 0 0 0 1 
				19
				0.265304 -0.0327959 -0.963607 9.92776 0.148825 0.988837 0.00732071 2.51848 0.952609 -0.145351 0.267224 -11.1118 0 0 0 1 
				20
				0.255973 -0.0327947 -0.966127 9.87313 0.148889 0.988836 0.00588239 2.31407 0.955149 -0.145352 0.257998 -11.0733 0 0 0 1 
				21
				0.245211 -0.032795 -0.968915 9.81018 0.148945 0.988836 0.00422546 2.07864 0.95796 -0.145351 0.247359 -11.0269 0 0 0 1 
				22
				0.23326 -0.0327955 -0.971861 9.74035 0.148986 0.988836 0.00239018 1.81757 0.960933 -0.145351 0.235542 -10.973 0 0 0 1 
				23
				0.220362 -0.032795 -0.974867 9.66508 0.149005 0.988836 0.00041661 1.53629 0.96397 -0.145351 0.222789 -10.9118 0 0 0 1 
				24
				0.206759 -0.0327948 -0.977842 9.5858 0.148997 0.988836 -0.00165902 1.24012 0.96698 -0.145352 0.209337 -10.8441 0 0 0 1 
				25
				0.192695 -0.0327947 -0.98071 9.50393 0.148957 0.988836 -0.00379863 0.934385 0.969887 -0.145351 0.195429 -10.7705 0 0 0 1 
				26
				0.178424 -0.0327947 -0.983407 9.42096 0.148885 0.988836 -0.00596282 0.624644 0.972624 -0.145351 0.181315 -10.6923 0 0 0 1 
				27
				0.164202 -0.0327947 -0.985881 9.33838 0.148784 0.988836 -0.00811239 0.316474 0.975141 -0.145352 0.167248 -10.6107 0 0 0 1 
				28
				0.150283 -0.032795 -0.988099 9.25766 0.148656 0.988836 -0.01021 0.0153039 0.977403 -0.145352 0.15348 -10.5273 0 0 0 1 
				29
				0.136921 -0.0327948 -0.990039 9.18025 0.148504 0.988836 -0.0122171 -0.273429 0.979387 -0.145352 0.140262 -10.4441 0 0 0 1 
				30
				0.124379 -0.0327945 -0.991693 9.10768 0.148337 0.988837 -0.0140955 -0.544102 0.981084 -0.145352 0.127855 -10.363 0 0 0 1 
				31
				0.112922 -0.0327947 -0.993063 9.04144 0.148164 0.988837 -0.0158073 -0.791098 0.982495 -0.145352 0.11652 -10.2865 0 0 0 1 
		</Joint>
			7
				-1
				-0.0189883 0.116044 -0.993063 10.7801 -0.95636 -0.291762 -0.0158072 1.49024 -0.291572 0.949426 0.11652 4.84129 0 0 0 1 
				0
				-0.0239188 0.126386 -0.991693 11.0228 -0.956435 -0.291606 -0.0140953 1.7399 -0.290965 0.948152 0.127855 4.74306 0 0 0 1 
				1
				-0.0293153 0.137708 -0.990039 11.2885 -0.956506 -0.291455 -0.0122171 2.01313 -0.290235 0.94662 0.140262 4.63588 0 0 0 1 
				2
				-0.0350649 0.149769 -0.988099 11.5716 -0.956572 -0.291318 -0.01021 2.3042 -0.289381 0.94483 0.15348 4.52204 0 0 0 1 
				3
				-0.0410547 0.162334 -0.985881 11.8666 -0.956627 -0.291202 -0.00811254 2.60735 -0.288408 0.942788 0.167248 4.40387 0 0 0 1 
				4
				-0.0471746 0.175172 -0.983407 12.1682 -0.95667 -0.291111 -0.00596294 2.91708 -0.287325 0.940515 0.181315 4.28353 0 0 0 1 
				5
				-0.0533157 0.188054 -0.98071 12.4709 -0.956701 -0.291047 -0.00379874 3.22792 -0.286147 0.938045 0.195429 4.16312 0 0 0 1 
				6
				-0.0593678 0.20075 -0.977842 12.7693 -0.956718 -0.291011 -0.00165878 3.53427 -0.284896 0.935421 0.209337 4.04482 0 0 0 1 
				7
				-0.0652207 0.213029 -0.974867 13.0581 -0.956722 -0.291003 0.000416393 3.83056 -0.283601 0.932703 0.222789 3.93074 0 0 0 1 
				8
				-0.0707705 0.224671 -0.971862 13.3319 -0.956714 -0.291021 0.00239031 4.11154 -0.282295 0.929962 0.235542 3.82283 0 0 0 1 
				9
				-0.0759138 0.23546 -0.968915 13.5858 -0.956696 -0.291057 0.00422549 4.37199 -0.281015 0.927278 0.247359 3.72306 0 0 0 1 
				10
				-0.080545 0.245174 -0.966128 13.8144 -0.956672 -0.291108 0.00588234 4.60657 -0.279805 0.924741 0.257998 3.63342 0 0 0 1 
				11
				-0.0845597 0.253597 -0.963607 14.0127 -0.956645 -0.291165 0.00732118 4.80999 -0.278712 0.922448 0.267224 3.55581 0 0 0 1 
				12
				-0.0878591 0.260519 -0.961463 14.1757 -0.956617 -0.291223 0.00850625 4.97719 -0.277784 0.920499 0.274804 3.49215 0 0 0 1 
				13
				-0.0903438 0.265731 -0.959805 14.2985 -0.956594 -0.291271 0.00940045 5.1031 -0.277066 0.918993 0.280511 3.44424 0 0 0 1 
				14
				-0.0919102 0.269016 -0.95874 14.3759 -0.956579 -0.291304 0.00996488 5.1825 -0.276604 0.918026 0.284109 3.41409 0 0 0 1 
				15
				-0.0924539 0.270158 -0.958367 14.4028 -0.956573 -0.291316 0.0101606 5.21008 -0.276443 0.917688 0.285359 3.4036 0 0 0 1 
				16
				-0.0919101 0.269016 -0.95874 14.3759 -0.956579 -0.291304 0.00996482 5.1825 -0.276605 0.918026 0.284109 3.41408 0 0 0 1 
				17
				-0.0903438 0.265731 -0.959805 14.2985 -0.956594 -0.291271 0.00940057 5.1031 -0.277065 0.918993 0.280511 3.44425 0 0 0 1 
				18
				-0.0878588 0.260519 -0.961463 14.1757 -0.956617 -0.291222 0.00850595 4.97719 -0.277783 0.920499 0.274804 3.49215 0 0 0 1 
				19
				-0.0845597 0.253597 -0.963607 14.0127 -0.956645 -0.291165 0.00732118 4.80999 -0.278712 0.922448 0.267224 3.55581 0 0 0 1 
				20
				-0.0805449 0.245174 -0.966127 13.8144 -0.956672 -0.291108 0.0058823 4.60657 -0.279805 0.924741 0.257998 3.63342 0 0 0 1 
				21
				-0.0759137 0.23546 -0.968915 13.5858 -0.956696 -0.291058 0.00422545 4.37199 -0.281015 0.927278 0.247359 3.72306 0 0 0 1 
				22
				-0.0707705 0.224671 -0.971861 13.3319 -0.956714 -0.291021 0.00239035 4.11154 -0.282295 0.929962 0.235542 3.82282 0 0 0 1 
				23
				-0.0652207 0.213029 -0.974867 13.0581 -0.956722 -0.291003 0.000416456 3.83056 -0.283601 0.932703 0.222789 3.93074 0 0 0 1 
				24
				-0.0593677 0.20075 -0.977842 12.7693 -0.956718 -0.291011 -0.00165891 3.53427 -0.284895 0.935421 0.209337 4.04483 0 0 0 1 
				25
				-0.0533158 0.188054 -0.98071 12.4709 -0.956701 -0.291047 -0.00379864 3.22792 -0.286147 0.938044 0.195429 4.16312 0 0 0 1 
				26
				-0.0471746 0.175172 -0.983407 12.1682 -0.95667 -0.291111 -0.00596295 2.91708 -0.287326 0.940515 0.181315 4.28353 0 0 0 1 
				27
				-0.0410548 0.162334 -0.985881 11.8666 -0.956627 -0.291202 -0.00811251 2.60735 -0.288408 0.942788 0.167248 4.40387 0 0 0 1 
				28
				-0.0350646 0.149769 -0.988099 11.5716 -0.956572 -0.291318 -0.0102102 2.3042 -0.289381 0.944829 0.15348 4.52205 0 0 0 1 
				29
				-0.0293155 0.137708 -0.990039 11.2885 -0.956506 -0.291456 -0.0122169 2.01313 -0.290235 0.94662 0.140262 4.63588 0 0 0 1 
				30
				-0.0239188 0.126386 -0.991693 11.0228 -0.956435 -0.291606 -0.0140953 1.73989 -0.290965 0.948152 0.127855 4.74306 0 0 0 1 
				31
				-0.0189883 0.116044 -0.993063 10.7801 -0.95636 -0.291762 -0.0158072 1.49024 -0.291572 0.949426 0.11652 4.84129 0 0 0 1 
		</Joint>
			8
				-1
				-0.0189883 -0.99297 -0.116835 10.4878 -0.956361 -0.0160396 0.291749 -13.2351 -0.291572 0.117276 -0.949333 0.351858 0 0 0 1 
				0
				-0.0239188 -0.991592 -0.127176 10.6545 -0.956435 -0.0143275 0.291594 -12.9866 -0.290965 0.12861 -0.94805 0.262981 0 0 0 1 
				1
				-0.0293153 -0.989929 -0.138496 10.8371 -0.956506 -0.0124492 0.291446 -12.7145 -0.290235 0.141016 -0.946508 0.167049 0 0 0 1 
				2
				-0.0350649 -0.98798 -0.150556 11.0317 -0.956572 -0.010442 0.29131 -12.4244 -0.289381 0.154233 -0.944707 0.0663631 0 0 0 1 
				3
				-0.0410547 -0.985752 -0.163119 11.2345 -0.956627 -0.00834442 0.291196 -12.1221 -0.288408 0.167999 -0.942654 -0.0368377 0 0 0 1 
				4
				-0.0471746 -0.983267 -0.175955 11.4418 -0.95667 -0.00619475 0.291107 -11.8131 -0.287326 0.182064 -0.940371 -0.14051 0 0 0 1 
				5
