<?xml version='1.0' encoding='UTF-8' ?>
<itpanim>
	<skeleton count>
		25
			0 -1
			1.37091e-06 -1 -6.12323e-17 -0.0654457 1 1.37091e-06 -6.12323e-17 -3.24814e-06 6.12323e-17 -6.12323e-17 1 -21.1202 0 0 0 1 
			1 0
			1.3868e-06 4.78456e-08 -1 21.1202 2.75771e-06 -1 -4.78418e-08 -0.0654457 -1 -2.75771e-06 -1.3868e-06 3.24468e-05 0 0 0 1 
			2 1
			1.40269e-06 -0.000796318 -1 15.9428 0 -1 0.000796318 -0.0662934 -1 -1.11699e-09 -1.40269e-06 3.43201e-06 0 0 0 1 
			3 2
			1.40269e-06 -0.000796318 -1 1.06087 0 -1 0.000796318 -0.0544433 -1 -1.11699e-09 -1.40269e-06 3.39914e-06 0 0 0 1 
			4 3
			1.40269e-06 -0.000796318 -1 -13.821 0 -1 0.000796318 -0.0517547 -1 -1.11699e-09 -1.40269e-06 3.39168e-06 0 0 0 1 
			5 4
			1 1.37091e-06 4.37113e-08 -1.60435 -1.37091e-06 1 3.58059e-15 0.0654492 -4.37113e-08 -6.35048e-14 1 13.821 0 0 0 1 
			6 5
			0.994967 0.0993349 -0.0131664 -9.20576 -0.0994537 0.995004 -0.00869969 0.84751 0.0122365 0.00996535 0.999875 13.7088 0 0 0 1 
			7 6
			0.994892 -0.100322 -0.0111756 -24.281 0.100198 0.994905 -0.011142 -4.05726 0.0122365 0.00996535 0.999875 13.7088 0 0 0 1 
			8 7
			0.994892 -0.100322 -0.0111756 -39.6783 0.0123163 0.0107576 0.999866 13.7056 -0.100188 -0.994897 0.0119382 4.06817 0 0 0 1 
			9 4
			-1 -1.37091e-06 4.37114e-08 -1.60434 -1.37091e-06 1 3.84662e-15 0.0654492 -4.37115e-08 -5.60777e-14 -1 -13.821 0 0 0 1 
			10 9
			-0.994967 0.0993346 -0.0131667 -9.20575 0.0994535 0.995004 -0.00870241 0.847494 0.0122364 -0.00996808 -0.999875 -13.7088 0 0 0 1 
			11 10
			-0.994892 -0.100322 -0.0111753 -24.281 -0.100198 0.994905 -0.0111448 -4.05727 0.0122364 -0.00996809 -0.999875 -13.7088 0 0 0 1 
			12 11
			-0.994892 -0.100322 -0.0111753 -39.6783 -0.0123162 0.0107603 0.999866 13.7056 -0.100189 0.994897 -0.0119409 -4.06819 0 0 0 1 
			13 4
			1.34309e-06 -5.95475e-08 -1 -17.1975 -1.40269e-06 -1 5.95456e-08 -0.0654494 -1 1.40269e-06 -1.34309e-06 -1.96681e-05 0 0 0 1 
			14 13
			1.34309e-06 -5.95475e-08 -1 -34.0542 -1.40269e-06 -1 5.95456e-08 -0.0654267 -1 1.40269e-06 -1.34309e-06 -4.23082e-05 0 0 0 1 
			15 2
			1.37369e-06 -0.0998334 0.995004 -21.0212 0 -0.995004 -0.0998334 2.04338 1 1.3714e-07 -1.36683e-06 -4.58386 0 0 0 1 
			16 15
			1.37369e-06 0.0998334 0.995004 -40.6069 0 -0.995004 0.0998334 -6.1465 1 -1.3714e-07 -1.36683e-06 -4.58386 0 0 0 1 
			17 16
			1.3716e-06 -6.00745e-14 1 -60.9152 0 -1 -6.00745e-14 -0.0654472 1 8.23984e-20 -1.3716e-06 -4.58385 0 0 0 1 
			18 17
			1.3723e-06 -1 -6.00133e-14 -6.84955 0 6.00133e-14 -1 65.5146 1 1.3723e-06 8.23562e-20 -4.58386 0 0 0 1 
			19 18
			-1.3723e-06 -1 5.97912e-14 -8.66382 -0 -5.97912e-14 -1 65.5146 -1 1.3723e-06 -8.20515e-20 4.58388 0 0 0 1 
			20 2
			1.37369e-06 -0.0998334 0.995004 -21.0212 0 -0.995004 -0.0998334 2.04338 1 1.3714e-07 -1.36683e-06 4.58385 0 0 0 1 
			21 20
			1.37369e-06 0.0998334 0.995004 -40.6069 0 -0.995004 0.0998334 -6.1465 1 -1.3714e-07 -1.36683e-06 4.58385 0 0 0 1 
			22 21
			1.3716e-06 -6.00745e-14 1 -60.9152 0 -1 -6.00745e-14 -0.0654472 1 8.23984e-20 -1.3716e-06 4.58386 0 0 0 1 
			23 22
			1.3723e-06 -1 5.98908e-14 -6.84955 0 -5.98908e-14 -1 65.5146 1 1.3723e-06 -8.21882e-20 4.58386 0 0 0 1 
			24 23
			1.3723e-06 -1 5.98908e-14 -8.66383 0 -5.98908e-14 -1 65.5146 1 1.3723e-06 -8.21882e-20 4.58386 0 0 0 1 
	</skeleton>
		<animations>
			33
			0
				-1
				-0.573575 0.819153 -2.02144e-33 3.33786e-06 -0.819153 -0.573575 -1.36318e-32 -0.0654593 -1.2326e-32 -6.16298e-33 1 24.1243 0 0 0 1 
				0
				-0.573575 0.819153 -2.02144e-33 0.141591 -0.819153 -0.573575 -1.36318e-32 -2.49873 -1.2326e-32 -6.16298e-33 1 26.2187 0 0 0 1 
				1
				-0.573575 0.819153 -2.02144e-33 0.381893 -0.819153 -0.573575 -1.36318e-32 -5.28483 -1.2326e-32 -6.16298e-33 1 28.5896 0 0 0 1 
				2
				-0.573575 0.819153 -2.02144e-33 0.433808 -0.819153 -0.573575 -1.36318e-32 -7.39759 -1.2326e-32 -6.16298e-33 1 30.4328 0 0 0 1 
				3
				-0.573575 0.819153 -2.02144e-33 0.0102315 -0.819153 -0.573575 -1.36318e-32 -7.81084 -1.2326e-32 -6.16298e-33 1 30.9442 0 0 0 1 
				4
				-0.573576 0.819152 -1.14587e-08 -0.944231 -0.819136 -0.573565 -0.00631946 -6.35383 -0.00517661 -0.00362468 0.99998 30.0802 0 0 0 1 
				5
				-0.573577 0.819152 -2.68145e-08 -2.21998 -0.818957 -0.57344 -0.0218149 -3.78806 -0.0178697 -0.0125125 0.999762 28.4783 0 0 0 1 
				6
				-0.573577 0.819152 -8.91172e-10 -3.67989 -0.818465 -0.573096 -0.0409384 -0.579725 -0.0335347 -0.0234813 0.999162 26.4248 0 0 0 1 
				7
				-0.573575 0.819153 -3.9601e-09 -5.18685 -0.817767 -0.572605 -0.0581448 2.80499 -0.0476295 -0.0333504 0.998308 24.2059 0 0 0 1 
				8
				-0.573574 0.819154 -7.18465e-08 -6.60806 -0.817253 -0.572243 -0.0680805 5.91458 -0.0557685 -0.0390492 0.99768 22.0988 0 0 0 1 
				9
				-0.573571 0.819156 -8.23179e-08 -7.81072 -0.817402 -0.572343 -0.065403 8.29753 -0.0535753 -0.0375132 0.997859 20.3806 0 0 0 1 
				10
				-0.573564 0.819161 4.06385e-07 -8.65771 -0.818347 -0.572994 -0.0445711 9.48763 -0.0365106 -0.0255647 0.999006 19.3375 0 0 0 1 
				11
				-0.573575 0.819153 -2.02144e-33 -9.01192 -0.819153 -0.573575 -1.36318e-32 9.01871 -1.2326e-32 -6.16298e-33 1 19.2557 0 0 0 1 
				12
				-0.573765 0.81902 -4.44478e-07 -7.97801 -0.812883 -0.569466 0.122189 3.8254 0.100075 0.0701082 0.992507 21.7219 0 0 0 1 
				13
				-0.573796 0.818998 -2.74027e-05 -5.47836 -0.77529 -0.543163 0.322334 -6.31824 0.263976 0.184975 0.946626 26.8496 0 0 0 1 
				14
				-0.573848 0.818962 -7.20381e-05 -2.68493 -0.700611 -0.490873 0.517869 -17.3329 0.424079 0.297228 0.85546 32.5674 0 0 0 1 
				15
				-0.573575 0.819153 -5.3711e-08 -0.769677 -0.627508 -0.439384 0.642788 -25.1394 0.526541 0.368687 0.766044 36.8038 0 0 0 1 
				16
				-0.573511 0.819198 1.39503e-05 -0.0430549 -0.587871 -0.411574 0.69643 -28.7076 0.57052 0.399402 0.717624 39.1077 0 0 0 1 
				17
				-0.573555 0.819167 4.82695e-06 0.10476 -0.571289 -0.400003 0.716677 -30.1457 0.587081 0.411051 0.697405 40.5287 0 0 0 1 
				18
				-0.573574 0.819154 1.46793e-07 -0.0249563 -0.569159 -0.398527 0.71919 -30.3975 0.589127 0.412509 0.694814 41.3976 0 0 0 1 
				19
				-0.573575 0.819153 -3.05466e-09 -0.130928 -0.570743 -0.399637 0.717316 -30.4068 0.587592 0.411435 0.696748 42.0449 0 0 0 1 
				20
				-0.573575 0.819154 1.96067e-07 -0.231787 -0.572771 -0.401057 0.714904 -30.3882 0.585616 0.41005 0.699223 42.6635 0 0 0 1 
				21
				-0.573566 0.819159 1.75999e-06 -0.455758 -0.580987 -0.406802 0.704959 -29.8607 0.577474 0.40434 0.709248 43.0507 0 0 0 1 
				22
				-0.573553 0.819169 4.82729e-06 -0.677001 -0.598494 -0.419048 0.682791 -28.6553 0.559323 0.391614 0.730613 42.9046 0 0 0 1 
				23
				-0.573575 0.819153 8.27426e-10 -0.769677 -0.627508 -0.439384 0.642788 -26.6031 0.526541 0.368687 0.766045 41.9232 0 0 0 1 
				24
				-0.573583 0.819147 -1.06669e-06 -0.738838 -0.663503 -0.464597 0.586441 -23.8904 0.480381 0.336374 0.809992 40.2589 0 0 0 1 
				25
				-0.573579 0.81915 -2.34047e-06 -0.673218 -0.699721 -0.489952 0.51994 -20.8561 0.425907 0.298228 0.854203 38.2964 0 0 0 1 
				26
				-0.573576 0.819152 -4.41187e-06 -0.580942 -0.733836 -0.513835 0.444364 -17.5752 0.363999 0.25488 0.895846 36.1053 0 0 0 1 
				27
				-0.573575 0.819153 6.94704e-10 -0.470136 -0.763816 -0.534828 0.361308 -14.1231 0.295967 0.207237 0.932446 33.7552 0 0 0 1 
				28
				-0.573575 0.819153 4.98881e-06 -0.348667 -0.788083 -0.551821 0.272799 -10.5723 0.223467 0.156467 0.962071 31.3138 0 0 0 1 
				29
				-0.573577 0.819152 3.95131e-07 -0.224404 -0.805584 -0.564077 0.181252 -6.99566 0.148473 0.103962 0.983437 28.8483 0 0 0 1 
				30
				-0.573579 0.81915 -4.41064e-06 -0.105472 -0.815871 -0.571283 0.0893864 -3.46834 0.0732184 0.0512738 0.995997 26.4286 0 0 0 1 
				31
				-0.573575 0.819153 -2.02144e-33 3.33786e-06 -0.819153 -0.573575 -1.36318e-32 -0.0654593 -1.2326e-32 -6.16298e-33 1 24.1243 0 0 0 1 
		</Joint>
			1
				-1
				1.33158e-06 -0.573574 -0.819154 3.33786e-06 0 -0.819154 0.573574 -0.0654593 -1 -7.6376e-07 -1.09077e-06 24.1243 0 0 0 1 
				0
				1.33158e-06 -0.573574 -0.819154 0.141591 0 -0.819154 0.573574 -2.49873 -1 -7.6376e-07 -1.09077e-06 26.2187 0 0 0 1 
				1
				1.33158e-06 -0.573574 -0.819154 0.381893 0 -0.819154 0.573574 -5.28483 -1 -7.6376e-07 -1.09077e-06 28.5896 0 0 0 1 
				2
				1.33158e-06 -0.573574 -0.819154 0.433808 0 -0.819154 0.573574 -7.39759 -1 -7.6376e-07 -1.09077e-06 30.4328 0 0 0 1 
				3
				1.33158e-06 -0.573574 -0.819154 0.0102315 0 -0.819154 0.573574 -7.81084 -1 -7.6376e-07 -1.09077e-06 30.9442 0 0 0 1 
				4
				-7.52304e-07 -0.573575 -0.819153 -0.944231 0.00631837 -0.819137 0.573564 -6.35383 -0.99998 -0.00517528 0.00362468 30.0802 0 0 0 1 
				5
				-7.36949e-07 -0.573575 -0.819153 -2.21998 0.0218138 -0.818958 0.573439 -3.78806 -0.999762 -0.0178684 0.0125125 28.4783 0 0 0 1 
				6
				-7.62872e-07 -0.573575 -0.819153 -3.67989 0.0409373 -0.818466 0.573095 -0.579725 -0.999162 -0.0335334 0.0234812 26.4248 0 0 0 1 
				7
				-7.59802e-07 -0.573574 -0.819154 -5.18685 0.0581437 -0.817768 0.572604 2.80499 -0.998308 -0.0476282 0.0333504 24.2059 0 0 0 1 
				8
				-6.91913e-07 -0.573573 -0.819155 -6.60806 0.0680794 -0.817254 0.572242 5.91458 -0.99768 -0.0557672 0.0390491 22.0988 0 0 0 1 
				9
				-6.81438e-07 -0.57357 -0.819157 -7.81072 0.0654019 -0.817403 0.572341 8.29753 -0.997859 -0.053574 0.0375131 20.3806 0 0 0 1 
				10
				-1.17013e-06 -0.573562 -0.819162 -8.65771 0.04457 -0.818348 0.572992 9.48763 -0.999006 -0.0365093 0.0255646 19.3375 0 0 0 1 
				11
				1.33158e-06 -0.573574 -0.819154 -9.01192 0 -0.819154 0.573574 9.01871 -1 -7.6376e-07 -1.09077e-06 19.2557 0 0 0 1 
				12
				-3.19536e-07 -0.573764 -0.819021 -7.97801 -0.12219 -0.812884 0.569465 3.8254 -0.992507 0.100076 -0.0701081 21.7219 0 0 0 1 
				13
				2.66386e-05 -0.573795 -0.818999 -5.47836 -0.322335 -0.77529 0.543162 -6.31824 -0.946626 0.263977 -0.184975 26.8496 0 0 0 1 
				14
				7.1274e-05 -0.573847 -0.818963 -2.68493 -0.51787 -0.700611 0.490872 -17.3329 -0.85546 0.424081 -0.297228 32.5674 0 0 0 1 
				15
				-7.86427e-07 -0.573574 -0.819154 -0.769677 -0.642788 -0.627507 0.439383 -25.1394 -0.766044 0.526543 -0.368686 36.8038 0 0 0 1 
				16
				-1.47904e-05 -0.57351 -0.819198 -0.0430549 -0.696431 -0.58787 0.411573 -28.7076 -0.717624 0.570521 -0.399402 39.1077 0 0 0 1 
				17
				-5.59068e-06 -0.573554 -0.819168 0.10476 -0.716678 -0.571289 0.400002 -30.1457 -0.697404 0.587082 -0.41105 40.5287 0 0 0 1 
				18
				-9.10553e-07 -0.573573 -0.819155 -0.0249563 -0.71919 -0.569159 0.398526 -30.3975 -0.694813 0.589129 -0.412508 41.3976 0 0 0 1 
				19
				-8.37083e-07 -0.573574 -0.819154 -0.130928 -0.717317 -0.570743 0.399636 -30.4068 -0.696747 0.587593 -0.411434 42.0449 0 0 0 1 
				20
				-1.0362e-06 -0.573573 -0.819154 -0.231787 -0.714904 -0.57277 0.401056 -30.3882 -0.699222 0.585617 -0.41005 42.6635 0 0 0 1 
				21
				-2.52373e-06 -0.573565 -0.81916 -0.455758 -0.704959 -0.580986 0.406801 -29.8607 -0.709248 0.577475 -0.404339 43.0507 0 0 0 1 
				22
				-5.59102e-06 -0.573552 -0.819169 -0.677001 -0.682792 -0.598493 0.419047 -28.6553 -0.730613 0.559325 -0.391613 42.9046 0 0 0 1 
				23
				-7.64589e-07 -0.573574 -0.819154 -0.769677 -0.642788 -0.627507 0.439383 -26.6031 -0.766044 0.526543 -0.368686 41.9232 0 0 0 1 
				24
				2.26537e-07 -0.573582 -0.819148 -0.738838 -0.586442 -0.663503 0.464596 -23.8904 -0.809991 0.480383 -0.336373 40.2589 0 0 0 1 
				25
				1.5767e-06 -0.573578 -0.819151 -0.673218 -0.51994 -0.699721 0.489951 -20.8561 -0.854202 0.425909 -0.298228 38.2964 0 0 0 1 
				26
				3.64811e-06 -0.573575 -0.819153 -0.580942 -0.444365 -0.733836 0.513834 -17.5752 -0.895846 0.364001 -0.254879 36.1053 0 0 0 1 
				27
				-7.64456e-07 -0.573574 -0.819154 -0.470136 -0.361309 -0.763817 0.534827 -14.1231 -0.932446 0.295968 -0.207237 33.7552 0 0 0 1 
				28
				-5.82894e-06 -0.573573 -0.819154 -0.348667 -0.2728 -0.788083 0.551819 -10.5723 -0.962071 0.223469 -0.156466 31.3138 0 0 0 1 
				29
				-1.1589e-06 -0.573576 -0.819152 -0.224404 -0.181253 -0.805584 0.564076 -6.99566 -0.983436 0.148475 -0.103962 28.8483 0 0 0 1 
				30
				3.64687e-06 -0.573578 -0.81915 -0.105472 -0.0893875 -0.815872 0.571282 -3.46834 -0.995997 0.0732197 -0.0512737 26.4286 0 0 0 1 
				31
				1.33158e-06 -0.573574 -0.819154 3.33786e-06 0 -0.819154 0.573574 -0.0654593 -1 -7.6376e-07 -1.09077e-06 24.1243 0 0 0 1 
		</Joint>
			2
				-1
				-0.000271969 -0.342021 -0.939692 0.00405821 -0.000750183 -0.939692 0.342021 -0.0543357 -1 0.00079796 -1.01208e-06 18.947 0 0 0 1 
				0
				-0.0364802 -0.340101 -0.939681 0.145622 -0.100213 -0.934322 0.342052 -2.48767 -0.994297 0.106647 1.59912e-06 21.0401 0 0 0 1 
				1
				-0.0767304 -0.333337 -0.93968 0.385844 -0.210783 -0.915734 0.342055 -5.27399 -0.974517 0.224314 2.96437e-06 23.4096 0 0 0 1 
				2
				-0.107652 -0.324662 -0.939684 0.437657 -0.295748 -0.89193 0.342045 -7.38703 -0.949181 0.314731 6.90835e-08 25.2517 0 0 0 1 
				3
				-0.117233 -0.321302 -0.939692 0.0140415 -0.322099 -0.882765 0.342021 -7.80039 -0.939419 0.34277 -1.95462e-06 25.7628 0 0 0 1 
				4
				-0.106138 -0.325147 -0.939689 -0.940375 -0.28559 -0.895242 0.342025 -6.31052 -0.952456 0.304667 0.00216019 24.8993 0 0 0 1 
				5
				-0.0842755 -0.331483 -0.93969 -2.21605 -0.210341 -0.915876 0.341947 -3.66428 -0.973989 0.226473 0.00746146 23.2995 0 0 0 1 
				6
				-0.0551478 -0.337548 -0.939692 -3.67588 -0.110983 -0.93322 0.341737 -0.356724 -0.992291 0.123136 0.0140028 21.2504 0 0 0 1 
				7
				-0.0226405 -0.341271 -0.939692 -5.1828 -0.00408494 -0.939894 0.341443 3.11716 -0.999735 0.011569 0.0198856 19.0372 0 0 0 1 
				8
				0.0091413 -0.341895 -0.939694 -6.604 0.0931039 -0.93536 0.341224 6.27813 -0.995615 -0.0906084 0.0232813 16.9345 0 0 0 1 
				9
				0.0360383 -0.340115 -0.939693 -7.80669 0.163835 -0.925571 0.341286 8.6471 -0.985829 -0.166254 0.0223665 15.2163 0 0 0 1 
				10
				0.0539788 -0.337726 -0.939695 -8.65371 0.192173 -0.919962 0.341673 9.72928 -0.979876 -0.199027 0.0152433 14.1676 0 0 0 1 
				11
				0.0591231 -0.336873 -0.939692 -9.00793 0.162437 -0.925546 0.342021 9.02967 -0.984946 -0.172862 -5.28633e-07 14.0804 0 0 0 1 
				12
				0.0304315 -0.340996 -0.939572 -7.97396 -0.0388406 -0.939701 0.339784 3.2039 -0.998782 0.0261534 -0.0418409 16.583 0 0 0 1 
				13
				-0.0333678 -0.340794 -0.939546 -5.47418 -0.407561 -0.853716 0.324136 -7.97698 -0.912568 0.393738 -0.110408 21.9439 0 0 0 1 
				14
				-0.101593 -0.327049 -0.939531 -2.68068 -0.733116 -0.613786 0.292931 -20.0068 -0.672473 0.718544 -0.177409 28.1299 0 0 0 1 
				15
				-0.14479 -0.309862 -0.939692 -0.766001 -0.887088 -0.38004 0.262002 -28.4628 -0.438305 0.871525 -0.219849 32.8274 0 0 0 1 
				16
				-0.158443 -0.303008 -0.939724 -0.0395346 -0.929626 -0.27492 0.245387 -32.31 -0.332703 0.912472 -0.238125 35.3815 0 0 0 1 
				17
				-0.157833 -0.303398 -0.939701 0.108332 -0.938238 -0.250643 0.238512 -33.8532 -0.307893 0.919308 -0.2451 36.9071 0 0 0 1 
				18
				-0.150036 -0.307358 -0.939692 -0.021313 -0.932714 -0.271242 0.237641 -34.1178 -0.327924 0.912118 -0.245981 37.7895 0 0 0 1 
				19
				-0.142061 -0.311122 -0.939692 -0.127238 -0.924462 -0.29763 0.238301 -34.1171 -0.353821 0.902563 -0.245339 38.4269 0 0 0 1 
				20
				-0.134029 -0.314668 -0.939692 -0.228058 -0.915208 -0.324349 0.239149 -34.0857 -0.380041 0.892066 -0.244515 39.0328 0 0 0 1 
				21
				-0.122622 -0.319275 -0.939695 -0.451981 -0.897045 -0.369419 0.242572 -33.5061 -0.424588 0.872693 -0.241105 39.3684 0 0 0 1 
				22
				-0.109682 -0.323932 -0.939701 -0.673185 -0.866907 -0.431321 0.249869 -32.1853 -0.486253 0.84204 -0.233511 39.112 0 0 0 1 
				23
				-0.0971609 -0.32793 -0.939692 -0.765787 -0.820801 -0.507583 0.262002 -29.9251 -0.56289 0.796757 -0.219848 37.9477 0 0 0 1 
				24
				-0.0853978 -0.331198 -0.939689 -0.734905 -0.757914 -0.590606 0.27704 -26.9196 -0.646741 0.735862 -0.200583 36.0566 0 0 0 1 
				25
				-0.0734842 -0.334039 -0.939691 -0.669245 -0.680263 -0.672225 0.292158 -23.54 -0.729275 0.660705 -0.177836 33.8661 0 0 0 1 
				26
				-0.0614471 -0.336458 -0.939692 -0.576929 -0.588386 -0.74828 0.306397 -19.867 -0.806242 0.571729 -0.151987 31.4604 0 0 0 1 
				27
				-0.0493172 -0.338447 -0.939692 -0.466123 -0.48388 -0.814956 0.318916 -15.984 -0.873744 0.470426 -0.123576 28.9221 0 0 0 1 
				28
				-0.0371126 -0.340001 -0.939692 -0.344662 -0.369278 -0.869115 0.329049 -11.9744 -0.928578 0.359219 -0.0932997 26.3285 0 0 0 1 
				29
				-0.0248476 -0.34112 -0.939691 -0.220362 -0.247912 -0.908517 0.336358 -7.92331 -0.968464 0.241319 -0.0619933 23.7539 0 0 0 1 
				30
				-0.012556 -0.341796 -0.93969 -0.101397 -0.1237 -0.932014 0.340657 -3.92009 -0.99224 0.120517 -0.0305776 21.2706 0 0 0 1 
				31
				-0.000271969 -0.342021 -0.939692 0.00405821 -0.000750183 -0.939692 0.342021 -0.0543357 -1 0.00079796 -1.01208e-06 18.947 0 0 0 1 
		</Joint>
			3
				-1
				-6.90265e-05 -0.0871571 -0.996195 0.00104359 -0.000795174 -0.996194 0.0871571 -0.0536949 -1 0.000798165 -5.41232e-07 4.06508 0 0 0 1 
				0
				-0.0451093 -0.0810165 -0.995691 -0.396314 -0.204597 -0.974829 0.0885882 -3.96748 -0.977806 0.207712 0.0273981 6.24062 0 0 0 1 
				1
				-0.092211 -0.0597037 -0.993948 -0.755342 -0.423006 -0.901302 0.093382 -8.40015 -0.901423 0.429056 0.057855 8.90185 0 0 0 1 
				2
				-0.124125 -0.0331158 -0.991714 -1.16402 -0.579129 -0.809141 0.0995043 -11.7787 -0.805731 0.586681 0.0812564 11.1192 0 0 0 1 
				3
				-0.132935 -0.0230649 -0.990856 -1.73033 -0.624627 -0.774257 0.101824 -12.5846 -0.769526 0.632451 0.0885191 11.7749 0 0 0 1 
				4
				-0.122668 -0.0345907 -0.991845 -2.51949 -0.566694 -0.818006 0.0986149 -10.5509 -0.814746 0.574169 0.0807409 10.7182 0 0 0 1 
				5
				-0.100407 -0.0539728 -0.993481 -3.46958 -0.442975 -0.891675 0.0932117 -6.78398 -0.890894 0.449447 0.0656219 8.79939 0 0 0 1 
				6
				-0.067526 -0.072946 -0.995047 -4.49572 -0.268413 -0.959227 0.0885352 -1.997 -0.960934 0.273062 0.045193 6.47997 0 0 0 1 
				7
				-0.0280423 -0.0847795 -0.996005 -5.51873 -0.0692782 -0.993836 0.0865454 3.06814 -0.997203 0.0714283 0.0219961 4.15841 0 0 0 1 
				8
				0.0117377 -0.0867414 -0.996162 -6.46694 0.120314 -0.98887 0.0875241 7.67541 -0.992667 -0.12088 -0.0011709 2.11932 0 0 0 1 
				9
				0.0450949 -0.0809892 -0.995694 -7.26941 0.267148 -0.95943 0.0901386 11.0966 -0.9626 -0.270063 -0.0216293 0.548468 0 0 0 1 
				10
				0.0666628 -0.0733691 -0.995074 -7.84953 0.344668 -0.934208 0.0919715 12.6002 -0.936355 -0.349102 -0.036989 -0.410615 0 0 0 1 
				11
				0.0726955 -0.070635 -0.99485 -8.12723 0.33054 -0.939409 0.0908518 11.4582 -0.940988 -0.335442 -0.0449431 -0.573451 0 0 0 1 
				12
				0.0382579 -0.0832216 -0.995796 -7.5201 0.0505359 -0.99509 0.085104 2.63766 -0.997989 -0.0535794 -0.0338643 1.71986 0 0 0 1 
				13
				-0.0413384 -0.0825532 -0.995729 -5.96978 -0.493596 -0.864792 0.0921895 -14.032 -0.868709 0.495298 -0.00499884 8.35732 0 0 0 1 
				14
				-0.118423 -0.039584 -0.992174 -4.19211 -0.898264 -0.421589 0.124034 -30.912 -0.4232 0.905923 0.0143689 18.1115 0 0 0 1 
				15
				-0.154744 0.010271 -0.987901 -2.92087 -0.987802 -0.0192153 0.154529 -41.6641 -0.0173956 0.999763 0.0131191 26.2928 0 0 0 1 
				16
				-0.163162 0.0293729 -0.986162 -2.39782 -0.976422 0.13839 0.165673 -46.1463 0.141341 0.989942 0.00610029 30.4185 0 0 0 1 
				17
				-0.162865 0.0283993 -0.98624 -2.24086 -0.972724 0.162718 0.165319 -47.8179 0.165174 0.986264 0.0011235 32.3134 0 0 0 1 
				18
				-0.158206 0.0173689 -0.987253 -2.25434 -0.980213 0.117704 0.159148 -47.9997 0.118968 0.992897 -0.00159624 32.8976 0 0 0 1 
				19
				-0.15285 0.00667161 -0.988227 -2.24146 -0.986052 0.0656213 0.152957 -47.8756 0.0658692 0.997822 -0.0034517 33.1496 0 0 0 1 
				20
				-0.146919 -0.00355171 -0.989142 -2.22261 -0.989075 0.0127113 0.146864 -47.7058 0.0120516 0.999913 -0.00538044 33.3653 0 0 0 1 
				21
				-0.137637 -0.0170694 -0.990336 -2.27663 -0.987824 -0.0708495 0.138509 -46.855 -0.0725291 0.997341 -0.00711003 33.0379 0 0 0 1 
				22
				-0.126018 -0.0309901 -0.991544 -2.30509 -0.975357 -0.178597 0.129543 -45.0844 -0.181101 0.983434 -0.00771994 31.864 0 0 0 1 
				23
				-0.113821 -0.0430605 -0.992568 -2.21121 -0.945321 -0.302651 0.121533 -42.1365 -0.305635 0.952128 -0.00625795 29.5595 0 0 0 1 
				24
				-0.101605 -0.0530811 -0.993408 -2.00516 -0.893942 -0.433287 0.114584 -38.1937 -0.436513 0.899691 -0.0034273 26.4212 0 0 0 1 
				25
				-0.0885897 -0.061915 -0.994142 -1.7621 -0.819724 -0.56247 0.108077 -33.6569 -0.565866 0.824497 -0.000924179 23.0033 0 0 0 1 
				26
				-0.0748859 -0.0695061 -0.994767 -1.49055 -0.722419 -0.683866 0.102167 -28.6152 -0.687388 0.726289 0.000999306 19.4534 0 0 0 1 
				27
				-0.06061 -0.0757949 -0.99528 -1.19916 -0.603645 -0.791327 0.0970235 -23.1757 -0.794946 0.606677 0.00220914 15.9119 0 0 0 1 
				28
				-0.0458716 -0.0807337 -0.99568 -0.89601 -0.466764 -0.879498 0.0928173 -17.4595 -0.883192 0.469005 0.00266043 12.504 0 0 0 1 
				29
				-0.0307809 -0.0842919 -0.995965 -0.589143 -0.316628 -0.944298 0.0897047 -11.6015 -0.94805 0.318112 0.00237715 9.33755 0 0 0 1 
				30
				-0.0154688 -0.0864394 -0.996137 -0.28723 -0.159178 -0.983338 0.0878006 -5.74933 -0.987129 0.159921 0.00145179 6.50229 0 0 0 1 
				31
				-6.90265e-05 -0.0871571 -0.996195 0.00104359 -0.000795174 -0.996194 0.0871571 -0.0536949 -1 0.000798165 -5.41232e-07 4.06508 0 0 0 1 
		</Joint>
			4
				-1
				-6.90265e-05 -0.0871571 -0.996195 0.000250672 -0.000795174 -0.996194 0.0871571 -0.0628502 -1 0.000798165 -5.4124e-07 -10.8168 0 0 0 1 
				0
				-0.0451093 -0.0810165 -0.995691 -1.06741 -0.204597 -0.974829 0.0885882 -7.00965 -0.977806 0.207711 0.0273981 -8.31153 0 0 0 1 
				1
				-0.092211 -0.0597037 -0.993948 -2.12745 -0.423006 -0.901302 0.093382 -14.6928 -0.901423 0.429056 0.057855 -4.51417 0 0 0 1 
				2
				-0.124125 -0.0331158 -0.991714 -3.01115 -0.579129 -0.809141 0.0995043 -20.3951 -0.805731 0.586681 0.0812564 -0.873205 0 0 0 1 
				3
				-0.132935 -0.0230648 -0.990856 -3.7086 -0.624627 -0.774257 0.101824 -21.8782 -0.769526 0.632451 0.0885191 0.321245 0 0 0 1 
				4
				-0.122668 -0.0345907 -0.991845 -4.34493 -0.566694 -0.818006 0.0986149 -18.9822 -0.814746 0.574169 0.0807409 -1.40834 0 0 0 1 
				5
				-0.100407 -0.0539728 -0.993481 -4.96369 -0.442975 -0.891675 0.0932117 -13.3739 -0.890894 0.449447 0.0656219 -4.45999 0 0 0 1 
				6
				-0.067526 -0.072946 -0.995047 -5.50044 -0.268414 -0.959227 0.0885352 -5.98892 -0.960934 0.273063 0.045193 -7.82128 0 0 0 1 
				7
				-0.0280423 -0.0847795 -0.996005 -5.93582 -0.0692782 -0.993836 0.0865454 2.03982 -0.997203 0.0714283 0.0219961 -10.6821 0 0 0 1 
				8
				0.0117377 -0.0867414 -0.996162 -6.29202 0.120314 -0.98887 0.0875241 9.46857 -0.992667 -0.12088 -0.0011709 -12.6531 0 0 0 1 
				9
				0.0450949 -0.0809892 -0.995694 -6.59809 0.267148 -0.95943 0.0901387 15.0749 -0.9626 -0.270063 -0.0216293 -13.7761 0 0 0 1 
				10
				0.0666628 -0.073369 -0.995074 -6.85727 0.344668 -0.934208 0.0919715 17.7321 -0.936355 -0.349102 -0.036989 -14.3444 0 0 0 1 
				11
				0.0726955 -0.070635 -0.99485 -7.04519 0.33054 -0.939409 0.0908518 16.3798 -0.940988 -0.335442 -0.0449431 -14.5762 0 0 0 1 
				12
				0.0382579 -0.0832216 -0.995796 -6.95053 0.0505359 -0.99509 0.085104 3.39241 -0.997989 -0.0535794 -0.0338643 -13.132 0 0 0 1 
				13
				-0.0413384 -0.0825533 -0.995729 -6.58475 -0.493596 -0.864792 0.0921895 -21.3753 -0.868709 0.495298 -0.00499884 -4.57203 0 0 0 1 
				14
				-0.118423 -0.039584 -0.992174 -5.95436 -0.898264 -0.421589 0.124034 -44.2787 -0.4232 0.905923 0.0143689 11.8111 0 0 0 1 
				15
				-0.154744 0.010271 -0.987901 -5.22378 -0.987802 -0.0192153 0.154529 -56.3644 -0.0173956 0.999763 0.0131191 26.0312 0 0 0 1 
				16
				-0.163162 0.0293729 -0.986162 -4.82606 -0.976422 0.13839 0.165673 -60.6776 0.141341 0.989942 0.00610029 32.5193 0 0 0 1 
				17
				-0.162865 0.0283993 -0.98624 -4.66468 -0.972724 0.162718 0.165319 -62.2943 0.165174 0.986264 0.0011235 34.7689 0 0 0 1 
				18
				-0.158206 0.0173689 -0.987253 -4.60879 -0.980213 0.117704 0.159148 -62.5874 0.118968 0.992897 -0.00159624 34.6654 0 0 0 1 
				19
				-0.152851 0.00667161 -0.988227 -4.51618 -0.986052 0.0656213 0.152957 -62.5501 0.0658692 0.997822 -0.0034517 34.1272 0 0 0 1 
				20
				-0.146919 -0.00355171 -0.989142 -4.40904 -0.989075 0.0127113 0.146864 -62.4252 0.0120516 0.999913 -0.00538044 33.5419 0 0 0 1 
				21
				-0.137637 -0.0170694 -0.990336 -4.32488 -0.987824 -0.0708495 0.138509 -61.5555 -0.0725291 0.997341 -0.00711003 31.9558 0 0 0 1 
				22
				-0.126018 -0.0309901 -0.991544 -4.1804 -0.975357 -0.178597 0.129543 -59.599 -0.181102 0.983434 -0.00771994 29.1662 0 0 0 1 
				23
				-0.113821 -0.0430605 -0.992568 -3.90497 -0.945321 -0.302651 0.121533 -56.2039 -0.305635 0.952128 -0.00625795 25.0086 0 0 0 1 
				24
				-0.101605 -0.0530811 -0.993408 -3.51709 -0.893942 -0.433287 0.114584 -51.4961 -0.436513 0.899691 -0.0034273 19.9227 0 0 0 1 
				25
				-0.0885897 -0.061915 -0.994142 -3.08031 -0.819724 -0.56247 0.108077 -45.8545 -0.565866 0.824497 -0.000924176 14.5799 0 0 0 1 
				26
				-0.0748859 -0.0695061 -0.994767 -2.60481 -0.722419 -0.683866 0.102167 -39.3643 -0.687388 0.726289 0.000999309 9.22181 0 0 0 1 
				27
				-0.06061 -0.0757949 -0.99528 -2.10095 -0.603645 -0.791327 0.0970235 -32.1569 -0.794946 0.606677 0.00220914 4.08 0 0 0 1 
				28
				-0.0458716 -0.0807337 -0.99568 -1.57845 -0.466764 -0.879498 0.0928173 -24.4034 -0.883192 0.469005 0.00266043 -0.640816 0 0 0 1 
				29
				-0.0307809 -0.0842919 -0.995965 -1.04699 -0.316628 -0.944298 0.0897047 -16.311 -0.94805 0.318112 0.00237715 -4.77208 0 0 0 1 
				30
				-0.0154688 -0.0864394 -0.996137 -0.517202 -0.159178 -0.983338 0.0878006 -8.11555 -0.987129 0.159921 0.00145179 -8.18847 0 0 0 1 
				31
				-6.90265e-05 -0.0871571 -0.996195 0.000250672 -0.000795174 -0.996194 0.0871571 -0.0628502 -1 0.000798165 -5.4124e-07 -10.8168 0 0 0 1 
		</Joint>
			5
				-1
				0.996195 0.0871571 2.4103e-06 1.59826 -0.0871571 0.996195 1.67575e-06 -0.205354 -2.25508e-06 -1.87944e-06 1 -10.8168 0 0 0 1 
				0
				0.995691 0.0810524 0.0450475 0.52981 -0.0885888 0.974992 0.20382 -7.15439 -0.0274009 -0.206933 0.977971 -8.35494 0 0 0 1 
				1
				0.993948 0.0597771 0.0921662 -0.532978 -0.0933832 0.901639 0.422288 -14.8451 -0.0578575 -0.428339 0.901764 -4.60584 0 0 0 1 
				2
				0.991713 0.0332147 0.124101 -1.42018 -0.0995059 0.809602 0.578484 -20.5569 -0.0812586 -0.586039 0.806198 -1.00199 0 0 0 1 
				3
				0.990856 0.0231707 0.13292 -2.11898 -0.101826 0.774754 0.62401 -22.0436 -0.0885212 -0.631838 0.770029 0.180927 0 0 0 1 
				4
				0.991844 0.0346884 0.122643 -2.75376 -0.0986164 0.818457 0.566042 -19.1426 -0.0807432 -0.57352 0.815202 -1.53633 0 0 0 1 
				5
				0.993481 0.0540528 0.100367 -3.36994 -0.093213 0.892028 0.442265 -13.5258 -0.0656244 -0.448737 0.891251 -4.56407 0 0 0 1 
				6
				0.995047 0.0729998 0.0674707 -3.90424 -0.0885359 0.95944 0.267649 -6.13353 -0.0451957 -0.272297 0.961151 -7.89305 0 0 0 1 
				7
				0.996005 0.0848019 0.0279776 -4.33811 -0.0865457 0.993891 0.0684865 1.89831 -0.0219989 -0.0706343 0.99726 -10.7172 0 0 0 1 
				8
				0.996162 0.086732 -0.011804 -4.69407 -0.0875238 0.988774 -0.121102 9.3255 0.00116812 0.12167 0.99257 -12.6516 0 0 0 1 
				9
				0.995694 0.0809533 -0.0451566 -5.00087 -0.0901379 0.959217 -0.267912 14.9277 0.0216266 0.270829 0.962385 -13.7421 0 0 0 1 
				10
				0.995075 0.0733158 -0.0667184 -5.26102 -0.0919705 0.933934 -0.345413 17.582 0.0369863 0.349847 0.936077 -14.286 0 0 0 1 
				11
				0.99485 0.0705771 -0.0727489 -5.4493 -0.0908509 0.939146 -0.331288 16.2315 0.0449404 0.336192 0.940721 -14.505 0 0 0 1 
				12
				0.995796 0.083191 -0.0383213 -5.35315 -0.0851038 0.995049 -0.0513285 3.2532 0.0338615 0.054374 0.997946 -13.0778 0 0 0 1 
				13
				0.995729 0.0825861 0.0412754 -4.98748 -0.0921909 0.865184 0.492907 -21.5255 0.00499641 -0.494606 0.869103 -4.56269 0 0 0 1 
				14
				0.992174 0.0396783 0.118394 -4.36267 -0.124036 0.422304 0.897928 -44.4789 -0.01437 -0.905585 0.423921 11.7904 0 0 0 1 
				15
				0.987901 -0.0101478 0.154755 -3.63882 -0.154532 0.0200018 0.987786 -56.6124 -0.0131192 -0.999748 0.0181917 26.0128 0 0 0 1 
				16
				0.986161 -0.029243 0.163189 -3.24384 -0.165676 -0.137613 0.976532 -60.9431 -0.0060999 -0.990054 -0.140553 32.5122 0 0 0 1 
				17
				0.986239 -0.0282696 0.16289 -3.08233 -0.165322 -0.161944 0.972853 -62.5591 -0.00112303 -0.986395 -0.164389 34.7697 0 0 0 1 
				18
				0.987253 -0.0172429 0.158222 -3.02484 -0.159151 -0.116923 0.980306 -62.8425 0.00159658 -0.992991 -0.118177 34.6706 0 0 0 1 
				19
				0.988226 -0.00654989 0.152859 -2.9307 -0.15296 -0.0648361 0.986103 -62.7953 0.00345189 -0.997874 -0.0650747 34.1354 0 0 0 1 
				20
				0.989142 0.0036687 0.146919 -2.82212 -0.146866 -0.0119237 0.989085 -62.6607 0.00538047 -0.999922 -0.0112554 33.5532 0 0 0 1 
				21
				0.990335 0.017179 0.137626 -2.73609 -0.138512 0.0716361 0.987767 -61.7779 0.00710983 -0.997283 0.0733232 31.9699 0 0 0 1 
				22
				0.991544 0.0310904 0.125996 -2.5897 -0.129546 0.179374 0.975214 -59.8074 0.00771944 -0.98329 0.181885 29.1812 0 0 0 1 
				23
				0.992567 0.0431511 0.113789 -2.31266 -0.121536 0.303403 0.94508 -56.3997 0.00625709 -0.951884 0.306393 25.0212 0 0 0 1 
				24
				0.993408 0.053162 0.101565 -1.92346 -0.114586 0.433999 0.893597 -51.6811 0.00342608 -0.899343 0.43723 19.9306 0 0 0 1 
				25
				0.994142 0.0619855 0.0885431 -1.48553 -0.10808 0.563122 0.819275 -46.0294 0.000922594 -0.824046 0.566523 14.5836 0 0 0 1 
				26
				0.994767 0.0695657 0.0748332 -1.00905 -0.102168 0.684441 0.721874 -39.5301 -0.00100123 -0.725742 0.687966 9.22215 0 0 0 1 
				27
				0.99528 0.0758431 0.0605524 -0.504374 -0.0970251 0.791808 0.603015 -32.3147 -0.00221136 -0.606043 0.795429 4.07808 0 0 0 1 
				28
				0.99568 0.0807701 0.0458101 0.01875 -0.0928186 0.879869 0.466063 -24.5547 -0.0026629 -0.468302 0.883565 -0.643826 0 0 0 1 
				29
				0.995965 0.0843163 0.0307165 0.550655 -0.0897056 0.94455 0.315876 -16.4575 -0.0023798 -0.317357 0.948303 -4.77504 0 0 0 1 
				30
				0.996137 0.0864517 0.0154027 1.08072 -0.0878011 0.983464 0.158394 -8.25905 -0.00145455 -0.159135 0.987256 -8.19037 0 0 0 1 
				31
				0.996195 0.0871571 2.4103e-06 1.59826 -0.0871571 0.996195 1.67575e-06 -0.205354 -2.25508e-06 -1.87944e-06 1 -10.8168 0 0 0 1 
		</Joint>
			6
				-1
				0.112922 -0.0327947 -0.993063 9.04144 0.148164 0.988837 -0.0158073 -0.856559 0.982495 -0.145352 0.11652 -10.8168 0 0 0 1 
				0
				0.115393 -0.0431888 -0.99238 7.96923 0.237559 0.971263 -0.0146466 -7.81629 0.964495 -0.234058 0.122337 -8.55967 0 0 0 1 
				1
				0.11603 -0.057146 -0.991601 6.89341 0.369042 0.929355 -0.0103763 -15.5428 0.922142 -0.364738 0.128922 -5.03813 0 0 0 1 
				2
				0.0960765 -0.0652647 -0.993232 5.98952 0.436515 0.899539 -0.0168835 -21.3004 0.894552 -0.431939 0.114914 -1.60913 0 0 0 1 
				3
				0.100584 -0.0609014 -0.993063 5.28431 0.399046 0.916794 -0.015806 -22.8044 0.911397 -0.394688 0.116518 -0.480465 0 0 0 1 
				4
				0.109455 -0.0416124 -0.99312 4.65692 0.223338 0.974606 -0.0162219 -19.8794 0.968576 -0.220026 0.115969 -2.13961 0 0 0 1 
				5
				0.116262 -0.0107088 -0.993161 4.05296 -0.0586583 0.998123 -0.017629 -14.2223 0.991485 0.0603067 0.115416 -5.05439 0 0 0 1 
				6
				0.11333 0.0265746 -0.993202 3.53037 -0.385578 0.922473 -0.0193145 -6.79504 0.915689 0.385146 0.11479 -8.23074 0 0 0 1 
				7
				0.0983378 0.0621134 -0.993213 3.10365 -0.674762 0.737746 -0.0206709 1.25167 0.731455 0.672215 0.11446 -10.8815 0 0 0 1 
				8
				0.0753611 0.0887854 -0.993196 2.74887 -0.866952 0.497939 -0.0212694 8.67155 0.492663 0.862655 0.114498 -12.6428 0 0 0 1 
				9
				0.0526072 0.104213 -0.993163 2.43857 -0.957158 0.288846 -0.0203913 14.2542 0.284746 0.951687 0.114944 -13.5805 0 0 0 1 
				10
				0.0391104 0.110417 -0.993115 2.17379 -0.981723 0.189503 -0.0175924 16.8948 0.186256 0.975652 0.11581 -14.0096 0 0 0 1 
				11
				0.0417178 0.109882 -0.993069 1.98384 -0.966408 0.256722 -0.0121917 15.5527 0.253603 0.960219 0.116901 -14.1693 0 0 0 1 
				12
				0.0976807 0.0857318 -0.991518 2.08706 -0.664142 0.747606 -0.000786941 2.61734 0.741198 0.658586 0.129965 -12.8248 0 0 0 1 
				13
				0.046348 -0.0212777 -0.998699 2.45222 0.379005 0.925392 -0.00212687 -22.2144 0.924233 -0.378413 0.0509544 -4.52536 0 0 0 1 
				14
				0.0751643 -0.113128 -0.990733 3.05047 0.996305 -0.0328839 0.0793419 -45.4056 -0.041555 -0.993036 0.110239 11.6831 0 0 0 1 
				15
				-0.0319794 -0.113097 -0.993069 3.74239 0.646035 -0.760466 0.0658029 -57.767 -0.762637 -0.639453 0.0973841 25.9148 0 0 0 1 
				16
				-0.0609427 -0.100642 -0.993054 4.12438 0.355764 -0.931752 0.0725967 -62.1809 -0.932586 -0.348869 0.0925884 32.4666 0 0 0 1 
				17
				-0.0658951 -0.0972181 -0.993079 4.28646 0.278377 -0.957518 0.0752653 -63.7943 -0.958209 -0.271491 0.090159 34.7613 0 0 0 1 
				18
				-0.0601343 -0.100761 -0.993092 4.35152 0.328786 -0.941373 0.0756042 -64.0316 -0.942488 -0.321968 0.0897375 34.6825 0 0 0 1 
				19
				-0.0537312 -0.104306 -0.993093 4.45294 0.389342 -0.918006 0.0753544 -63.9382 -0.919525 -0.382604 0.0899364 34.1612 0 0 0 1 
				20
				-0.0470479 -0.107459 -0.993096 4.56836 0.449077 -0.890334 0.0750644 -63.7581 -0.892254 -0.442445 0.0901457 33.5934 0 0 0 1 
				21
				-0.0348946 -0.111998 -0.993096 4.66331 0.556365 -0.827655 0.0737907 -62.8128 -0.830205 -0.549949 0.0911923 32.023 0 0 0 1 
				22
				-0.0190154 -0.115825 -0.993088 4.81873 0.688914 -0.721364 0.0709421 -60.7753 -0.724594 -0.682803 0.0935103 29.2389 0 0 0 1 
				23
				-0.00161798 -0.117521 -0.993069 5.10342 0.820846 -0.567347 0.0658033 -57.3077 -0.571148 -0.81505 0.0973847 25.0679 0 0 0 1 
				24
				0.0161192 -0.116634 -0.993045 5.4989 0.927113 -0.370184 0.0585275 -52.5372 -0.374436 -0.921608 0.102166 19.9562 0 0 0 1 
				25
				0.0342105 -0.112846 -0.993023 5.94232 0.98901 -0.139175 0.049888 -46.8369 -0.143834 -0.983817 0.106845 14.5905 0 0 0 1 
				26
				0.0519896 -0.10597 -0.993009 6.42346 0.992947 0.111576 0.0400793 -40.2934 0.106549 -0.988089 0.111023 9.21468 0 0 0 1 
				27
				0.0687887 -0.0960426 -0.992998 6.93197 0.931327 0.362995 0.0294077 -33.0397 0.357629 -0.926828 0.114417 4.06156 0 0 0 1 
				28
				0.0838344 -0.0832622 -0.992995 7.45808 0.80434 0.593894 0.0181092 -25.2482 0.588226 -0.800223 0.11676 -0.663724 0 0 0 1 
				29
				0.0963165 -0.0680109 -0.993024 7.99212 0.620376 0.784277 0.00645814 -17.1277 0.778367 -0.616671 0.117731 -4.79281 0 0 0 1 
				30
				0.105908 -0.0509354 -0.99307 8.52346 0.39497 0.918681 -0.00499736 -8.91507 0.912569 -0.391704 0.117414 -8.20125 0 0 0 1 
				31
				0.112922 -0.0327946 -0.993063 9.04144 0.148164 0.988837 -0.0158072 -0.856559 0.982495 -0.145352 0.11652 -10.8168 0 0 0 1 
		</Joint>
			7
				-1
				-0.0189883 0.116044 -0.993063 10.7801 -0.95636 -0.291762 -0.0158072 1.42478 -0.291572 0.949426 0.11652 4.31097 0 0 0 1 
				0
				0.0212465 0.121365 -0.99238 9.74597 -0.998378 0.0550163 -0.0146466 -4.15853 0.0528196 0.991082 0.122337 6.29096 0 0 0 1 
				1
				0.0672771 0.110464 -0.991601 8.67996 -0.892695 0.450543 -0.0103763 -9.86055 0.445612 0.885895 0.128922 9.16037 0 0 0 1 
				2
				0.0933269 0.0691394 -0.993232 7.46884 -0.704963 0.709043 -0.0168835 -14.5792 0.703077 0.701767 0.114914 12.1646 0 0 0 1 
				3
				0.102549 0.057532 -0.993063 6.83304 -0.601261 0.798896 -0.015806 -16.6602 0.792445 0.598711 0.116518 13.5526 0 0 0 1 
				4
				0.0985314 0.0632733 -0.99312 6.34222 -0.6509 0.75899 -0.0162219 -16.4406 0.752742 0.64802 0.115969 12.7739 0 0 0 1 
				5
				0.0863127 0.0786241 -0.993161 5.84309 -0.776554 0.629804 -0.0176293 -15.1255 0.624111 0.772765 0.115416 10.2118 0 0 0 1 
				6
				0.0655275 0.0962083 -0.993202 5.27535 -0.907817 0.418923 -0.0193144 -12.7319 0.414216 0.902911 0.11479 5.8684 0 0 0 1 
				7
				0.038832 0.109638 -0.993213 4.61779 -0.986548 0.162161 -0.020671 -9.13784 0.158794 0.980655 0.11446 0.380935 0 0 0 1 
				8
				0.0118868 0.115848 -0.993196 3.90923 -0.996561 -0.0800939 -0.0212694 -4.67717 -0.0820129 0.990033 0.114498 -5.05716 0 0 0 1 
				9
				-0.00885584 0.116402 -0.993163 3.24858 -0.968628 -0.247675 -0.0203913 -0.483448 -0.248355 0.961825 0.114944 -9.19622 0 0 0 1 
				10
				-0.0174488 0.115832 -0.993116 2.77598 -0.955411 -0.294755 -0.0175924 1.77894 -0.294764 0.948527 0.11581 -11.1418 0 0 0 1 
				11
				-0.00886854 0.1172 -0.993069 2.62618 -0.983998 -0.177763 -0.0121917 0.672584 -0.177959 0.977069 0.116901 -10.2644 0 0 0 1 
				12
				0.0559181 0.117323 -0.991518 3.59108 -0.905278 0.42482 -0.00078697 -7.60867 0.421125 0.897643 0.129965 -1.41232 0 0 0 1 
				13
				0.0509795 -0.00140077 -0.998699 3.16586 -0.0141837 0.999897 -0.00212647 -16.3787 0.998599 0.0142737 0.0509544 9.70535 0 0 0 1 
				14
				0.114605 -0.0728927 -0.990733 4.20779 0.923927 0.374251 0.0793419 -30.0652 0.365 -0.924458 0.110239 11.0432 0 0 0 1 
				15
				0.0190506 -0.115977 -0.993069 3.24999 0.907742 -0.414337 0.0658028 -47.8198 -0.419096 -0.902704 0.0973841 14.1722 0 0 0 1 
				16
				-0.00952111 -0.11727 -0.993054 3.18602 0.734777 -0.674413 0.0725968 -56.7031 -0.678242 -0.728982 0.0925885 18.1073 0 0 0 1 
				17
				-0.0113569 -0.116895 -0.993079 3.27185 0.702526 -0.707666 0.0752653 -59.5081 -0.711567 -0.69681 0.090159 20.0075 0 0 0 1 
				18
				0.000572046 -0.117339 -0.993092 3.42562 0.767872 -0.636126 0.0756038 -58.9691 -0.640602 -0.762611 0.0897374 20.1708 0 0 0 1 
				19
				0.0138884 -0.116507 -0.993093 3.62562 0.836616 -0.542582 0.0753545 -57.9434 -0.547613 -0.831884 0.0899364 20.003 0 0 0 1 
				20
				0.0272023 -0.114109 -0.993096 3.84395 0.894876 -0.439958 0.0750642 -56.8435 -0.445486 -0.890739 0.0901457 19.8551 0 0 0 1 
				21
				0.0457391 -0.108023 -0.993096 4.12603 0.959423 -0.272145 0.0737907 -54.2463 -0.278237 -0.956174 0.0911923 19.2401 0 0 0 1 
				22
				0.0674019 -0.0960934 -0.993088 4.52594 0.996904 -0.0339098 0.070942 -50.1679 -0.0404925 -0.994795 0.0935103 18.0821 0 0 0 1 
				23
				0.0891431 -0.0765987 -0.993069 5.0785 0.961701 0.266085 0.0658033 -44.6689 0.259201 -0.960901 0.0973847 16.2738 0 0 0 1 
				24
				0.106794 -0.0495822 -0.993045 5.74709 0.813118 0.579149 0.0585276 -38.2622 0.572219 -0.813712 0.102166 14.1909 0 0 0 1 
				25
				0.116703 -0.0168865 -0.993023 6.46907 0.545549 0.836593 0.0498881 -31.6088 0.829913 -0.547565 0.106845 12.3759 0 0 0 1 
				26
				0.116537 0.0187527 -0.993009 7.22396 0.183457 0.98221 0.0400789 -25.0047 0.976095 -0.186845 0.111024 10.8553 0 0 0 1 
				27
				0.105233 0.0536854 -0.992998 7.99113 -0.219939 0.97507 0.0294081 -18.6997 0.969821 0.215305 0.114417 9.56809 0 0 0 1 
				28
				0.0832643 0.0838324 -0.992995 8.74891 -0.593874 0.804355 0.0181093 -12.8635 0.800238 0.588206 0.11676 8.39338 0 0 0 1 
				29
				0.0527969 0.105427 -0.993024 9.47514 -0.868447 0.49574 0.00645809 -7.57558 0.492962 0.862048 0.117731 7.19196 0 0 0 1 
				30
				0.0174094 0.116223 -0.99307 10.1542 -0.994328 0.106243 -0.00499733 -2.83359 0.104926 0.987525 0.117414 5.84986 0 0 0 1 
				31
				-0.0189884 0.116044 -0.993063 10.7801 -0.95636 -0.291762 -0.0158072 1.42478 -0.291572 0.949426 0.11652 4.31097 0 0 0 1 
		</Joint>
			8
				-1
				-0.0189883 -0.99297 -0.116835 10.4878 -0.956361 -0.0160396 0.291749 -13.3006 -0.291572 0.117276 -0.949333 -0.178458 0 0 0 1 
				0
				0.0212465 -0.992283 -0.122155 10.0731 -0.998378 -0.0146028 -0.055028 -19.5309 0.0528196 0.123126 -0.990984 7.10423 0 0 0 1 
				1
				0.0672771 -0.991512 -0.111254 9.71584 -0.892695 -0.0100176 -0.450551 -23.6057 0.445612 0.129627 -0.885792 16.0216 0 0 0 1 
				2
				0.0933269 -0.993177 -0.0699303 8.90582 -0.704963 -0.0163189 -0.709057 -25.4337 0.703077 0.115472 -0.701676 22.9901 0 0 0 1 
				3
				0.102549 -0.993017 -0.0583228 8.41201 -0.601261 -0.0151699 -0.798909 -25.918 0.792445 0.116994 -0.598618 25.7541 0 0 0 1 
				4
				0.0985314 -0.99307 -0.0640641 7.85934 -0.6509 -0.0156175 -0.759003 -26.4627 0.752742 0.116485 -0.647928 24.3641 0 0 0 1 
				5
				0.0863127 -0.993098 -0.0794149 7.17207 -0.776554 -0.0171278 -0.629818 -27.0823 0.62411 0.116031 -0.772673 19.8214 0 0 0 1 
				6
				0.0655275 -0.993125 -0.0969992 6.2843 -0.907817 -0.0189808 -0.418938 -26.7098 0.414216 0.115509 -0.902819 12.2462 0 0 0 1 
				7
