<?xml version='1.0' encoding='UTF-8' ?>
<itpanim>
	<skeleton count>
		25
			0 -1
			1.37091e-06 -1 -6.12323e-17 -0.0654457 1 1.37091e-06 -6.12323e-17 -3.24814e-06 6.12323e-17 -6.12323e-17 1 -21.1202 0 0 0 1 
			1 0
			1.3868e-06 4.78456e-08 -1 21.1202 2.75771e-06 -1 -4.78418e-08 -0.0654457 -1 -2.75771e-06 -1.3868e-06 3.24468e-05 0 0 0 1 
			2 1
			1.40269e-06 -0.000796318 -1 15.9428 0 -1 0.000796318 -0.0662934 -1 -1.11699e-09 -1.40269e-06 3.43201e-06 0 0 0 1 
			3 2
			1.40269e-06 -0.000796318 -1 1.06087 0 -1 0.000796318 -0.0544433 -1 -1.11699e-09 -1.40269e-06 3.39914e-06 0 0 0 1 
			4 3
			1.40269e-06 -0.000796318 -1 -13.821 0 -1 0.000796318 -0.0517547 -1 -1.11699e-09 -1.40269e-06 3.39168e-06 0 0 0 1 
			5 4
			1 1.37091e-06 4.37113e-08 -1.60435 -1.37091e-06 1 3.58059e-15 0.0654492 -4.37113e-08 -6.35048e-14 1 13.821 0 0 0 1 
			6 5
			0.994967 0.0993349 -0.0131664 -9.20576 -0.0994537 0.995004 -0.00869969 0.84751 0.0122365 0.00996535 0.999875 13.7088 0 0 0 1 
			7 6
			0.994892 -0.100322 -0.0111756 -24.281 0.100198 0.994905 -0.011142 -4.05726 0.0122365 0.00996535 0.999875 13.7088 0 0 0 1 
			8 7
			0.994892 -0.100322 -0.0111756 -39.6783 0.0123163 0.0107576 0.999866 13.7056 -0.100188 -0.994897 0.0119382 4.06817 0 0 0 1 
			9 4
			-1 -1.37091e-06 4.37114e-08 -1.60434 -1.37091e-06 1 3.84662e-15 0.0654492 -4.37115e-08 -5.60777e-14 -1 -13.821 0 0 0 1 
			10 9
			-0.994967 0.0993346 -0.0131667 -9.20575 0.0994535 0.995004 -0.00870241 0.847494 0.0122364 -0.00996808 -0.999875 -13.7088 0 0 0 1 
			11 10
			-0.994892 -0.100322 -0.0111753 -24.281 -0.100198 0.994905 -0.0111448 -4.05727 0.0122364 -0.00996809 -0.999875 -13.7088 0 0 0 1 
			12 11
			-0.994892 -0.100322 -0.0111753 -39.6783 -0.0123162 0.0107603 0.999866 13.7056 -0.100189 0.994897 -0.0119409 -4.06819 0 0 0 1 
			13 4
			1.34309e-06 -5.95475e-08 -1 -17.1975 -1.40269e-06 -1 5.95456e-08 -0.0654494 -1 1.40269e-06 -1.34309e-06 -1.96681e-05 0 0 0 1 
			14 13
			1.34309e-06 -5.95475e-08 -1 -34.0542 -1.40269e-06 -1 5.95456e-08 -0.0654267 -1 1.40269e-06 -1.34309e-06 -4.23082e-05 0 0 0 1 
			15 2
			1.37369e-06 -0.0998334 0.995004 -21.0212 0 -0.995004 -0.0998334 2.04338 1 1.3714e-07 -1.36683e-06 -4.58386 0 0 0 1 
			16 15
			1.37369e-06 0.0998334 0.995004 -40.6069 0 -0.995004 0.0998334 -6.1465 1 -1.3714e-07 -1.36683e-06 -4.58386 0 0 0 1 
			17 16
			1.3716e-06 -6.00745e-14 1 -60.9152 0 -1 -6.00745e-14 -0.0654472 1 8.23984e-20 -1.3716e-06 -4.58385 0 0 0 1 
			18 17
			1.3723e-06 -1 -6.00133e-14 -6.84955 0 6.00133e-14 -1 65.5146 1 1.3723e-06 8.23562e-20 -4.58386 0 0 0 1 
			19 18
			-1.3723e-06 -1 5.97912e-14 -8.66382 -0 -5.97912e-14 -1 65.5146 -1 1.3723e-06 -8.20515e-20 4.58388 0 0 0 1 
			20 2
			1.37369e-06 -0.0998334 0.995004 -21.0212 0 -0.995004 -0.0998334 2.04338 1 1.3714e-07 -1.36683e-06 4.58385 0 0 0 1 
			21 20
			1.37369e-06 0.0998334 0.995004 -40.6069 0 -0.995004 0.0998334 -6.1465 1 -1.3714e-07 -1.36683e-06 4.58385 0 0 0 1 
			22 21
			1.3716e-06 -6.00745e-14 1 -60.9152 0 -1 -6.00745e-14 -0.0654472 1 8.23984e-20 -1.3716e-06 4.58386 0 0 0 1 
			23 22
			1.3723e-06 -1 5.98908e-14 -6.84955 0 -5.98908e-14 -1 65.5146 1 1.3723e-06 -8.21882e-20 4.58386 0 0 0 1 
			24 23
			1.3723e-06 -1 5.98908e-14 -8.66383 0 -5.98908e-14 -1 65.5146 1 1.3723e-06 -8.21882e-20 4.58386 0 0 0 1 
	</skeleton>
		<animations>
			17
			0
				-1
				-0.573575 0.819153 -2.02144e-33 3.33786e-06 -0.819153 -0.573575 -1.36318e-32 -0.0654593 -1.2326e-32 -6.16298e-33 1 24.9824 0 0 0 1 
				0
				-0.505843 0.862626 0 3.33786e-06 -0.862626 -0.505843 -0 -0.0654593 -0 -0 1 24.369 0 0 0 1 
				1
				-0.429402 0.903114 0 3.33786e-06 -0.903114 -0.429402 -0 -0.0654593 -0 -0 1 23.6378 0 0 0 1 
				2
				-0.347512 0.937676 0 3.33786e-06 -0.937676 -0.347512 -0 -0.0654594 -0 -0 1 22.86 0 0 0 1 
				3
				-0.264082 0.9645 0 3.33786e-06 -0.9645 -0.264082 -0 -0.0654594 -0 -0 1 22.1066 0 0 0 1 
				4
				-0.183318 0.983054 3.02927e-33 3.33786e-06 -0.983054 -0.183318 -5.64892e-34 -0.0654595 -0 -3.08149e-33 1 21.4465 0 0 0 1 
				5
				-0.109543 0.993982 5.84489e-34 3.33786e-06 -0.993982 -0.109543 1.23362e-32 -0.0654595 1.2326e-32 7.70372e-34 1 20.9486 0 0 0 1 
				6
				-0.0470798 0.998891 -1.95544e-34 3.33786e-06 -0.998891 -0.0470798 -1.23304e-32 -0.0654595 -1.2326e-32 -3.85186e-34 1 20.6839 0 0 0 1 
				7
				1.46474e-06 1 0 3.33786e-06 -1 1.46474e-06 0 -0.0654595 -0 -0 1 20.7235 0 0 0 1 
				8
				0.0292568 0.999572 -2.44035e-35 3.33786e-06 -0.999572 0.0292568 -1.23319e-32 -0.0654595 -1.2326e-32 3.85186e-34 1 21.1119 0 0 0 1 
				9
				0.0429396 0.999078 3.84831e-34 3.33786e-06 -0.999078 0.0429396 1.65397e-35 -0.0654595 -0 -3.85186e-34 1 21.8046 0 0 0 1 
				10
				0.0446992 0.999 1.66159e-34 3.33786e-06 -0.999 0.0446992 -1.23308e-32 -0.0654595 -1.2326e-32 3.85186e-34 1 22.7305 0 0 0 1 
				11
				0.0381711 0.999271 6.8422e-34 3.33786e-06 -0.999271 0.0381711 1.23611e-32 -0.0654594 1.2326e-32 -1.15556e-33 1 23.8186 0 0 0 1 
				12
				0.0268715 0.999639 3.31217e-34 3.33786e-06 -0.999639 0.0268715 -1.23215e-32 -0.0654594 -1.2326e-32 -0 1 25 0 0 0 1 
				13
				0.0143181 0.999897 -1.76485e-34 3.33786e-06 -0.999897 0.0143181 1.23247e-32 -0.0654593 1.2326e-32 -0 1 26.2058 0 0 0 1 
				14
				0.00414853 0.999992 0 3.33786e-06 -0.999992 0.00414853 0 -0.0654593 -0 -0 1 27.3649 0 0 0 1 
				15
				1.46474e-06 1 0 3.33786e-06 -1 1.46474e-06 0 -0.0654593 -0 -0 1 28.4063 0 0 0 1 
		</Joint>
			1
				-1
				1.33158e-06 -0.573574 -0.819154 3.33786e-06 0 -0.819154 0.573574 -0.0654593 -1 -7.6376e-07 -1.09077e-06 24.9824 0 0 0 1 
				0
				1.33158e-06 -0.505841 -0.862627 3.33786e-06 0 -0.862627 0.505841 -0.0654593 -1 -6.73569e-07 -1.14866e-06 24.369 0 0 0 1 
				1
				1.33158e-06 -0.4294 -0.903114 3.33786e-06 0 -0.903114 0.4294 -0.0654593 -1 -5.71781e-07 -1.20257e-06 23.6378 0 0 0 1 
				2
				1.33158e-06 -0.34751 -0.937676 3.33786e-06 0 -0.937676 0.34751 -0.0654594 -1 -4.62738e-07 -1.24859e-06 22.86 0 0 0 1 
				3
				1.33158e-06 -0.264081 -0.964501 3.33786e-06 0 -0.964501 0.264081 -0.0654594 -1 -3.51645e-07 -1.28431e-06 22.1066 0 0 0 1 
				4
				1.33158e-06 -0.183317 -0.983054 3.33786e-06 0 -0.983054 0.183317 -0.0654595 -1 -2.44101e-07 -1.30902e-06 21.4465 0 0 0 1 
				5
				1.33158e-06 -0.109542 -0.993982 3.33786e-06 0 -0.993982 0.109542 -0.0654595 -1 -1.45864e-07 -1.32357e-06 20.9486 0 0 0 1 
				6
				1.33158e-06 -0.0470785 -0.998891 3.33786e-06 0 -0.998891 0.0470785 -0.0654595 -1 -6.26888e-08 -1.3301e-06 20.6839 0 0 0 1 
				7
				1.33158e-06 2.79632e-06 -1 3.33786e-06 0 -1 -2.79632e-06 -0.0654595 -1 3.72352e-12 -1.33158e-06 20.7235 0 0 0 1 
				8
				1.33158e-06 0.0292581 -0.999572 3.33786e-06 0 -0.999572 -0.0292581 -0.0654595 -1 3.89595e-08 -1.33101e-06 21.1119 0 0 0 1 
				9
				1.33158e-06 0.0429409 -0.999078 3.33786e-06 0 -0.999078 -0.0429409 -0.0654595 -1 5.71793e-08 -1.33035e-06 21.8046 0 0 0 1 
				10
				1.33158e-06 0.0447005 -0.999 3.33786e-06 0 -0.999 -0.0447005 -0.0654595 -1 5.95223e-08 -1.33025e-06 22.7305 0 0 0 1 
				11
				1.33158e-06 0.0381725 -0.999271 3.33786e-06 0 -0.999271 -0.0381725 -0.0654594 -1 5.08297e-08 -1.33061e-06 23.8186 0 0 0 1 
				12
				1.33158e-06 0.0268729 -0.999639 3.33786e-06 0 -0.999639 -0.0268729 -0.0654594 -1 3.57834e-08 -1.3311e-06 25 0 0 0 1 
				13
				1.33158e-06 0.0143195 -0.999897 3.33786e-06 0 -0.999897 -0.0143195 -0.0654593 -1 1.90675e-08 -1.33144e-06 26.2058 0 0 0 1 
				14
				1.33158e-06 0.00414986 -0.999992 3.33786e-06 0 -0.999992 -0.00414986 -0.0654593 -1 5.52587e-09 -1.33157e-06 27.3649 0 0 0 1 
				15
				1.33158e-06 2.79632e-06 -1 3.33786e-06 0 -1 -2.79632e-06 -0.0654593 -1 3.72352e-12 -1.33158e-06 28.4063 0 0 0 1 
		</Joint>
			2
				-1
				-0.000271969 -0.342021 -0.939692 0.00405821 -0.000750183 -0.939692 0.342021 -0.0543356 -1 0.00079796 -1.01208e-06 19.805 0 0 0 1 
				0
				-0.000235769 -0.296749 -0.954956 0.00352251 -0.000762301 -0.954955 0.296749 -0.0541546 -1 0.000797928 -1.06361e-06 19.1916 0 0 0 1 
				1
				-0.000194376 -0.244965 -0.969532 0.00290968 -0.000773856 -0.969532 0.244965 -0.0539817 -1 0.000797893 -1.11329e-06 18.4604 0 0 0 1 
				2
				-0.000150556 -0.19013 -0.981759 0.00226069 -0.000783524 -0.981759 0.19013 -0.0538365 -1 0.000797857 -1.16168e-06 17.6826 0 0 0 1 
				3
				-0.000107252 -0.135933 -0.990718 0.00161923 -0.000790578 -0.990718 0.135933 -0.05373 -1 0.000797819 -1.20929e-06 16.9293 0 0 0 1 
				4
				-6.74231e-05 -0.0860818 -0.996288 0.00102917 -0.000794926 -0.996288 0.0860818 -0.0536636 -1 0.000797779 -1.25581e-06 16.2692 0 0 0 1 
				5
				-3.40418e-05 -0.044302 -0.999018 0.000534668 -0.000797012 -0.999018 0.044302 -0.0536309 -1 0.000797737 -1.30089e-06 15.7712 0 0 0 1 
				6
				-1.01216e-05 -0.0143746 -0.999897 0.000180496 -0.000797631 -0.999896 0.0143746 -0.0536201 -1 0.000797694 -1.3451e-06 15.5065 0 0 0 1 
				7
				1.3879e-06 -1.39499e-06 -1 1.05015e-05 -0.000797649 -1 1.39388e-06 -0.0536185 -1 0.000797649 -1.38901e-06 15.5462 0 0 0 1 
				8
				2.47215e-05 0.0292539 -0.999572 -0.000335977 -0.000797268 -0.999572 -0.0292539 -0.0536234 -1 0.00079765 -1.38773e-06 15.9345 0 0 0 1 
				9
				3.56343e-05 0.0429367 -0.999078 -0.000498029 -0.000796854 -0.999077 -0.0429367 -0.0536291 -1 0.000797649 -1.38714e-06 16.6272 0 0 0 1 
				10
				3.70377e-05 0.0446963 -0.999001 -0.000518868 -0.00079679 -0.999 -0.0446963 -0.0536299 -1 0.00079765 -1.38706e-06 17.5532 0 0 0 1 
				11
				3.18312e-05 0.0381683 -0.999271 -0.000441554 -0.000797015 -0.999271 -0.0381683 -0.0536267 -1 0.000797649 -1.38734e-06 18.6412 0 0 0 1 
				12
				2.28191e-05 0.0268687 -0.999639 -0.000307728 -0.000797324 -0.999639 -0.0268687 -0.0536223 -1 0.00079765 -1.38784e-06 19.8226 0 0 0 1 
				13
				1.28068e-05 0.0143153 -0.999898 -0.000159054 -0.000797548 -0.999897 -0.0143153 -0.0536192 -1 0.000797649 -1.38839e-06 21.0284 0 0 0 1 
				14
				4.69561e-06 0.00414567 -0.999991 -3.8613e-05 -0.000797637 -0.999991 -0.00414567 -0.0536181 -1 0.00079765 -1.38883e-06 22.1876 0 0 0 1 
				15
				1.3879e-06 -1.39499e-06 -1 1.05015e-05 -0.000797649 -1 1.39388e-06 -0.0536179 -1 0.000797649 -1.38901e-06 23.229 0 0 0 1 
		</Joint>
			3
				-1
				-6.90265e-05 -0.0871571 -0.996195 0.00104359 -0.000795174 -0.996194 0.0871571 -0.0536948 -1 0.000798165 -5.41232e-07 4.92315 0 0 0 1 
				0
				-5.69255e-05 -0.0721496 -0.997394 0.000868765 -0.000796093 -0.997394 0.0721496 -0.0536799 -1 0.000798126 -6.60656e-07 4.30972 0 0 0 1 
				1
				-4.00159e-05 -0.0511115 -0.998693 0.000622636 -0.000797075 -0.998693 0.0511115 -0.0536635 -1 0.000798079 -7.7611e-07 3.57855 0 0 0 1 
				2
				-2.11903e-05 -0.027666 -0.999617 0.000347955 -0.000797744 -0.999617 0.027666 -0.0536513 -1 0.000798025 -8.88169e-07 2.80073 0 0 0 1 
				3
				-3.35593e-06 -0.00545554 -0.999985 8.77299e-05 -0.000797957 -0.999985 0.00545554 -0.0536454 -1 0.000797963 -9.97408e-07 2.04737 0 0 0 1 
				4
				1.0666e-05 0.011986 -0.999928 -0.000116283 -0.000797824 -0.999928 -0.011986 -0.0536444 -1 0.000797895 -1.1025e-06 1.3873 0 0 0 1 
				5
				1.80615e-05 0.0211317 -0.999777 -0.000222382 -0.000797616 -0.999776 -0.0211317 -0.0536445 -1 0.000797819 -1.20243e-06 0.88936 0 0 0 1 
				6
				1.5935e-05 0.0183487 -0.999832 -0.000187596 -0.000797579 -0.999831 -0.0183487 -0.0536423 -1 0.000797738 -1.29771e-06 0.624674 0 0 0 1 
				7
				1.38788e-06 -1.42479e-06 -1 3.11401e-05 -0.000797649 -1 1.42368e-06 -0.053639 -1 0.000797649 -1.38901e-06 0.664302 0 0 0 1 
				8
				2.47215e-05 0.0292539 -0.999572 -0.000314768 -0.000797268 -0.999572 -0.0292539 -0.0536432 -1 0.00079765 -1.38774e-06 1.05266 0 0 0 1 
				9
				3.56343e-05 0.0429367 -0.999078 -0.000476558 -0.000796854 -0.999077 -0.0429367 -0.0536486 -1 0.000797649 -1.38714e-06 1.74535 0 0 0 1 
				10
				3.70377e-05 0.0446963 -0.999001 -0.000497365 -0.00079679 -0.999 -0.0446963 -0.0536494 -1 0.00079765 -1.38706e-06 2.67127 0 0 0 1 
				11
				3.18312e-05 0.0381682 -0.999271 -0.000420174 -0.000797015 -0.999271 -0.0381682 -0.0536463 -1 0.000797649 -1.38734e-06 3.75935 0 0 0 1 
				12
				2.28191e-05 0.0268686 -0.999639 -0.000286564 -0.000797324 -0.999639 -0.0268686 -0.0536422 -1 0.000797649 -1.38784e-06 4.94071 0 0 0 1 
				13
				1.28068e-05 0.0143152 -0.999898 -0.000138134 -0.000797548 -0.999897 -0.0143152 -0.0536394 -1 0.000797649 -1.38839e-06 6.14652 0 0 0 1 
				14
				4.69559e-06 0.00414564 -0.999991 -1.78924e-05 -0.000797637 -0.999991 -0.00414564 -0.0536385 -1 0.00079765 -1.38883e-06 7.30568 0 0 0 1 
				15
				1.38788e-06 -1.42479e-06 -1 3.11401e-05 -0.000797649 -1 1.42368e-06 -0.0536384 -1 0.000797649 -1.38901e-06 8.3471 0 0 0 1 
		</Joint>
			4
				-1
				-6.90265e-05 -0.0871571 -0.996195 0.000250672 -0.000795174 -0.996194 0.0871571 -0.06285 -1 0.000798165 -5.4124e-07 -9.95873 0 0 0 1 
				0
				-5.69255e-05 -0.0721496 -0.997394 0.000215584 -0.000796093 -0.997394 0.0721496 -0.0628456 -1 0.000798126 -6.60658e-07 -10.5722 0 0 0 1 
				1
				-4.00159e-05 -0.0511115 -0.998693 0.000164537 -0.000797075 -0.998693 0.0511115 -0.0628404 -1 0.000798079 -7.76111e-07 -11.3033 0 0 0 1 
				2
				-2.11903e-05 -0.027666 -0.999617 0.00010698 -0.000797744 -0.999617 0.027666 -0.0628356 -1 0.000798025 -8.8817e-07 -12.0811 0 0 0 1 
				3
				-3.35593e-06 -0.00545554 -0.999985 5.24479e-05 -0.000797957 -0.999985 0.00545554 -0.0628319 -1 0.000797963 -9.97409e-07 -12.8345 0 0 0 1 
				4
				1.0666e-05 0.011986 -0.999928 1.02137e-05 -0.000797824 -0.999928 -0.011986 -0.0628291 -1 0.000797895 -1.1025e-06 -13.4946 0 0 0 1 
				5
				1.80615e-05 0.0211317 -0.999777 -1.04172e-05 -0.000797616 -0.999776 -0.0211317 -0.0628265 -1 0.000797819 -1.20243e-06 -13.9925 0 0 0 1 
				6
				1.5935e-05 0.0183487 -0.999832 2.0605e-07 -0.000797579 -0.999831 -0.0183487 -0.0628236 -1 0.000797738 -1.29771e-06 -14.2572 0 0 0 1 
				7
				1.38788e-06 -1.42479e-06 -1 5.17907e-05 -0.000797649 -1 1.42368e-06 -0.0628209 -1 0.000797649 -1.38901e-06 -14.2176 0 0 0 1 
				8
				2.47215e-05 0.0292539 -0.999572 -2.55262e-05 -0.000797268 -0.999572 -0.0292539 -0.0628206 -1 0.00079765 -1.38773e-06 -13.8292 0 0 0 1 
				9
				3.56343e-05 0.0429367 -0.999078 -6.17017e-05 -0.000796854 -0.999077 -0.0429367 -0.0628212 -1 0.000797649 -1.38714e-06 -13.1365 0 0 0 1 
				10
				3.70377e-05 0.0446963 -0.999001 -6.63544e-05 -0.00079679 -0.999 -0.0446963 -0.0628212 -1 0.00079765 -1.38706e-06 -12.2106 0 0 0 1 
				11
				3.18312e-05 0.0381682 -0.999271 -4.90936e-05 -0.000797015 -0.999271 -0.0381682 -0.0628207 -1 0.000797649 -1.38734e-06 -11.1225 0 0 0 1 
				12
				2.28191e-05 0.0268686 -0.999639 -1.92207e-05 -0.000797324 -0.999639 -0.0268686 -0.0628202 -1 0.000797649 -1.38784e-06 -9.94118 0 0 0 1 
				13
				1.28068e-05 0.0143152 -0.999898 1.39593e-05 -0.000797548 -0.999897 -0.0143152 -0.06282 -1 0.000797649 -1.38839e-06 -8.73536 0 0 0 1 
				14
				4.69559e-06 0.00414564 -0.999991 4.08332e-05 -0.000797637 -0.999991 -0.00414564 -0.0628202 -1 0.00079765 -1.38883e-06 -7.57621 0 0 0 1 
				15
				1.38788e-06 -1.42479e-06 -1 5.17907e-05 -0.000797649 -1 1.42368e-06 -0.0628203 -1 0.000797649 -1.38901e-06 -6.53478 0 0 0 1 
		</Joint>
			5
				-1
				0.996195 0.0871571 2.4103e-06 1.59826 -0.0871571 0.996195 1.67575e-06 -0.205354 -2.25508e-06 -1.87944e-06 1 -9.95873 0 0 0 1 
				0
				0.997394 0.0721496 2.26288e-06 1.60019 -0.0721496 0.997394 1.68151e-06 -0.181276 -2.13566e-06 -1.8404e-06 1 -10.5722 0 0 0 1 
				1
				0.998693 0.0511115 2.10924e-06 1.60228 -0.0511115 0.998693 1.68808e-06 -0.147522 -2.02021e-06 -1.79369e-06 1 -11.3033 0 0 0 1 
				2
				0.999617 0.027666 1.95554e-06 1.60377 -0.027666 0.999617 1.68592e-06 -0.109905 -1.90815e-06 -1.73938e-06 1 -12.0811 0 0 0 1 
				3
				0.999985 0.00545553 1.80804e-06 1.60436 -0.00545553 0.999985 1.66815e-06 -0.0742686 -1.79891e-06 -1.67799e-06 1 -12.8345 0 0 0 1 
				4
				0.999928 -0.011986 1.67441e-06 1.60427 0.011986 0.999928 1.62962e-06 -0.0462834 -1.69382e-06 -1.60944e-06 1 -13.4946 0 0 0 1 
				5
				0.999777 -0.0211317 1.56112e-06 1.60404 0.0211317 0.999777 1.56738e-06 -0.0316075 -1.59389e-06 -1.53405e-06 1 -13.9925 0 0 0 1 
				6
				0.999832 -0.0183487 1.47171e-06 1.60413 0.0183487 0.999832 1.47967e-06 -0.0360696 -1.49861e-06 -1.45241e-06 1 -14.2572 0 0 0 1 
				7
				1 1.42591e-06 1.40731e-06 1.6044 -1.42591e-06 1 1.36436e-06 -0.0655074 -1.40731e-06 -1.36436e-06 1 -14.2176 0 0 0 1 
				8
				0.999572 -0.0292539 1.36806e-06 1.60371 0.0292539 0.999572 1.40525e-06 -0.0185702 -1.40858e-06 -1.36463e-06 1 -13.8292 0 0 0 1 
				9
				0.999078 -0.0429367 1.34929e-06 1.60292 0.0429367 0.999078 1.42366e-06 0.00338248 -1.40917e-06 -1.36441e-06 1 -13.1365 0 0 0 1 
				10
				0.999001 -0.0446963 1.34686e-06 1.6028 0.0446963 0.999001 1.42613e-06 0.00620567 -1.40926e-06 -1.3645e-06 1 -12.2106 0 0 0 1 
				11
				0.999271 -0.0381682 1.35588e-06 1.60323 0.0381682 0.999271 1.41719e-06 -0.00426784 -1.40898e-06 -1.36441e-06 1 -11.1225 0 0 0 1 
				12
				0.999639 -0.0268686 1.37131e-06 1.60382 0.0268686 0.999639 1.40179e-06 -0.0223968 -1.40848e-06 -1.36444e-06 1 -9.94117 0 0 0 1 
				13
				0.999898 -0.0143152 1.38825e-06 1.60424 0.0143152 0.999898 1.38443e-06 -0.0425373 -1.40793e-06 -1.36442e-06 1 -8.73536 0 0 0 1 
				14
				0.999991 -0.00414564 1.40182e-06 1.60439 0.00414564 0.999991 1.37018e-06 -0.0588533 -1.40749e-06 -1.36436e-06 1 -7.5762 0 0 0 1 
				15
				1 1.42591e-06 1.40731e-06 1.6044 -1.42591e-06 1 1.36436e-06 -0.0655068 -1.40731e-06 -1.36436e-06 1 -6.53478 0 0 0 1 
		</Joint>
			6
				-1
				0.112922 -0.0327947 -0.993063 9.04144 0.148164 0.988837 -0.0158073 -0.856559 0.982495 -0.145352 0.11652 -9.95875 0 0 0 1 
				0
				0.0923762 -0.0784943 -0.992626 9.05233 0.0973207 0.992827 -0.0694534 -0.72035 0.990957 -0.0901872 0.0993527 -10.5722 0 0 0 1 
				1
				0.0786099 -0.131322 -0.988218 9.06412 0.0442366 0.990769 -0.128142 -0.529407 0.995923 -0.0336422 0.0836934 -11.3033 0 0 0 1 
				2
				0.072637 -0.186836 -0.979702 9.07252 -0.00941493 0.982125 -0.187997 -0.316614 0.997314 0.0228793 0.0695795 -12.0812 0 0 0 1 
				3
				0.0743427 -0.24053 -0.967791 9.07586 -0.0630067 0.967404 -0.245274 -0.11503 0.99524 0.0792116 0.0567644 -12.8345 0 0 0 1 
				4
				0.0835828 -0.288161 -0.953927 9.07535 -0.116834 0.947841 -0.29656 0.0432711 0.989628 0.136239 0.0455561 -13.4946 0 0 0 1 
				5
				0.0992263 -0.325898 -0.940183 9.07398 -0.169671 0.925468 -0.338705 0.126281 0.980493 0.193131 0.0365352 -13.9925 0 0 0 1 
				6
				0.118387 -0.350365 -0.929101 9.07448 -0.221688 0.902738 -0.368671 0.101025 0.967904 0.249617 0.0292009 -14.2572 0 0 0 1 
				7
				0.137908 -0.358679 -0.923217 9.07601 -0.273551 0.882073 -0.383557 -0.065518 0.95192 0.305443 0.0235275 -14.2176 0 0 0 1 
				8
				0.154538 -0.349513 -0.924099 9.07213 -0.326137 0.864859 -0.381647 0.200003 0.932605 0.360362 0.0196642 -13.8292 0 0 0 1 
				9
				0.166224 -0.325569 -0.930792 9.06764 -0.379719 0.85 -0.365121 0.324189 0.910046 0.414131 0.0176653 -13.1365 0 0 0 1 
				10
				0.171931 -0.290605 -0.941269 9.06694 -0.434024 0.835415 -0.337202 0.340159 0.884343 0.46651 0.0175041 -12.2106 0 0 0 1 
				11
				0.171456 -0.248271 -0.953396 9.0694 -0.488396 0.819024 -0.301112 0.28091 0.855612 0.517262 0.0191717 -11.1225 0 0 0 1 
				12
				0.165388 -0.202043 -0.965311 9.07274 -0.541942 0.799149 -0.260116 0.178355 0.823982 0.566162 0.022674 -9.94118 0 0 0 1 
				13
				0.155122 -0.155245 -0.975621 9.07508 -0.593701 0.774686 -0.217669 0.0644206 0.789592 0.612993 0.0280017 -8.73537 0 0 0 1 
				14
				0.142888 -0.111009 -0.983494 9.07593 -0.642791 0.745194 -0.1775 -0.0278787 0.752597 0.657544 0.0351239 -7.57621 0 0 0 1 
				15
				0.131636 -0.071996 -0.98868 9.07601 -0.688528 0.710883 -0.143439 -0.0655174 0.713163 0.699616 0.0440064 -6.53479 0 0 0 1 
		</Joint>
			7
				-1
				-0.0189883 0.116044 -0.993063 10.7801 -0.95636 -0.291762 -0.0158072 1.42478 -0.291572 0.949426 0.11652 5.16903 0 0 0 1 
				0
				0.0346326 0.116169 -0.992626 10.4747 -0.947915 -0.31086 -0.0694534 0.778129 -0.316636 0.943329 0.0993527 4.6859 0 0 0 1 
				1
				0.0922639 0.122116 -0.988218 10.2745 -0.935066 -0.330501 -0.128142 0.151718 -0.342256 0.935872 0.0836934 4.0312 0 0 0 1 
				2
				0.150054 0.13292 -0.979702 10.1909 -0.917917 -0.349407 -0.187997 -0.461578 -0.367303 0.927495 0.0695796 3.2748 0 0 0 1 
				3
				0.204363 0.147029 -0.967791 10.2205 -0.897049 -0.367619 -0.245274 -1.08516 -0.39184 0.918281 0.0567644 2.48951 0 0 0 1 
				4
				0.251632 0.163415 -0.953927 10.3623 -0.873446 -0.386192 -0.29656 -1.75566 -0.416862 0.907828 0.0455561 1.74302 0 0 0 1 
				5
				0.288819 0.180664 -0.940183 10.6018 -0.849362 -0.4048 -0.338705 -2.4862 -0.441777 0.89638 0.0365352 1.10442 0 0 0 1 
				6
				0.313525 0.196146 -0.929101 10.8973 -0.827076 -0.424295 -0.368672 -3.31238 -0.466526 0.884025 0.0292009 0.64591 0 0 0 1 
				7
				0.32352 0.207374 -0.923217 11.1994 -0.808831 -0.445731 -0.383557 -4.27747 -0.491046 0.870816 0.0235275 0.439419 0 0 0 1 
				8
				0.317753 0.212306 -0.924099 11.4516 -0.79594 -0.46992 -0.381647 -4.82163 -0.515278 0.856797 0.0196642 0.530388 0 0 0 1 
				9
				0.298666 0.210771 -0.930792 11.627 -0.787465 -0.496573 -0.365121 -5.52246 -0.539163 0.842016 0.0176653 0.875715 0 0 0 1 
				10
				0.269518 0.203401 -0.941269 11.7142 -0.781541 -0.52487 -0.337202 -6.34265 -0.562631 0.826522 0.0175041 1.40589 0 0 0 1 
				11
				0.233391 0.191218 -0.953396 11.7094 -0.776262 -0.553849 -0.301112 -7.23907 -0.585616 0.810362 0.0191717 2.05159 0 0 0 1 
				12
				0.193213 0.175623 -0.965311 11.6193 -0.77003 -0.582575 -0.260116 -8.16609 -0.608048 0.793576 0.022674 2.74592 0 0 0 1 
				13
				0.151868 0.15843 -0.975621 11.4635 -0.761718 -0.610251 -0.217669 -9.07699 -0.629859 0.776205 0.0280017 3.42223 0 0 0 1 
				14
				0.112247 0.141918 -0.983494 11.276 -0.750753 -0.636288 -0.1775 -9.92513 -0.650976 0.758285 0.0351239 4.01176 0 0 0 1 
				15
				0.0770646 0.128734 -0.98868 11.1028 -0.737141 -0.660339 -0.143439 -10.667 -0.67133 0.739851 0.0440064 4.44601 0 0 0 1 
		</Joint>
			8
				-1
				-0.0189883 -0.99297 -0.116835 10.4878 -0.956361 -0.0160396 0.291749 -13.3006 -0.291572 0.117276 -0.949333 0.679597 0 0 0 1 
				0
				0.0346326 -0.992533 -0.11696 11.0079 -0.947915 -0.0697009 0.310805 -13.8172 -0.316636 0.100104 -0.94325 -0.189443 0 0 0 1 
				1
				0.0922639 -0.988121 -0.122903 11.6951 -0.935066 -0.128405 0.330399 -14.2458 -0.342256 0.0844386 -0.935805 -1.23862 0 0 0 1 
				2
				0.150054 -0.979596 -0.1337 12.5014 -0.917917 -0.188275 0.349257 -14.595 -0.367304 0.0703181 -0.927439 -2.3807 0 0 0 1 
				3
				0.204363 -0.967673 -0.147799 13.3672 -0.897049 -0.245567 0.367423 -14.8973 -0.39184 0.0574956 -0.918235 -3.54377 0 0 0 1 
				4
				0.251632 -0.953797 -0.164175 14.2368 -0.873446 -0.296867 0.385956 -15.2044 -0.416862 0.046279 -0.907791 -4.67554 0 0 0 1 
				5
				0.288819 -0.940039 -0.181412 15.0488 -0.849362 -0.339027 0.40453 -15.5641 -0.441777 0.0372489 -0.896351 -5.69776 0 0 0 1 
				6
				0.313525 -0.928945 -0.196886 15.7248 -0.827076 -0.369009 0.424001 -16.0471 -0.466526 0.0299049 -0.884002 -6.53734 0 0 0 1 
				7
				0.32352 -0.923052 -0.208109 16.1808 -0.808831 -0.383912 0.445425 -16.7313 -0.491046 0.0242209 -0.870797 -7.12138 0 0 0 1 
				8
				0.317753 -0.92393 -0.213042 16.3441 -0.79594 -0.382021 0.469616 -17.077 -0.515278 0.0203464 -0.856781 -7.40352 0 0 0 1 
				9
				0.298666 -0.930624 -0.211512 16.2257 -0.787465 -0.365517 0.496282 -17.6473 -0.539163 0.0183358 -0.842002 -7.42595 0 0 0 1 
				10
				0.269518 -0.941107 -0.20415 15.8641 -0.781541 -0.33762 0.524601 -18.3763 -0.562631 0.0181623 -0.826508 -7.25712 0 0 0 1 
				11
				0.233391 -0.953243 -0.191977 15.303 -0.776262 -0.301553 0.553609 -19.1914 -0.585615 0.019817 -0.810346 -6.96532 0 0 0 1 
				12
				0.193213 -0.965171 -0.176391 14.5942 -0.77003 -0.26058 0.582367 -20.0225 -0.608048 0.0233059 -0.793558 -6.61638 0 0 0 1 
				13
				0.151868 -0.975494 -0.159207 13.8019 -0.761718 -0.218155 0.610077 -20.8054 -0.629859 0.0286198 -0.776182 -6.27591 0 0 0 1 
				14
				0.112247 -0.983381 -0.142701 13.0043 -0.750753 -0.178007 0.636147 -21.4847 -0.650976 0.0357277 -0.758257 -6.01153 0 0 0 1 
				15
				0.0770646 -0.988577 -0.129521 12.2894 -0.737141 -0.143965 0.660225 -22.017 -0.67133 0.0445955 -0.739816 -5.89067 0 0 0 1 
		</Joint>
			9
				-1
				-0.996195 0.0871571 3.16105e-06 -1.59823 0.0871571 0.996195 -2.16318e-06 0.0742974 -3.33756e-06 -1.87944e-06 -1 -9.95873 0 0 0 1 
				0
				-0.997394 0.0721496 3.31518e-06 -1.60014 0.0721496 0.997394 -2.08502e-06 0.0502213 -3.45698e-06 -1.8404e-06 -1 -10.5722 0 0 0 1 
				1
				-0.998693 0.0511115 3.47608e-06 -1.60222 0.0511115 0.998693 -1.97393e-06 0.0164707 -3.57243e-06 -1.79369e-06 -1 -11.3033 0 0 0 1 
				2
				-0.999617 0.027666 3.63496e-06 -1.6037 0.027666 0.999617 -1.84065e-06 -0.0211418 -3.68449e-06 -1.73938e-06 -1 -12.0811 0 0 0 1 
				3
				-0.999985 0.00545552 3.78452e-06 -1.60429 0.00545552 0.999985 -1.69866e-06 -0.0567724 -3.79373e-06 -1.67799e-06 -1 -12.8345 0 0 0 1 
				4
				-0.999928 -0.011986 3.91783e-06 -1.60419 -0.011986 0.999928 -1.56259e-06 -0.0847516 -3.89882e-06 -1.60944e-06 -1 -13.4946 0 0 0 1 
				5
				-0.999777 -0.0211317 4.03027e-06 -1.60394 -0.0211317 0.999777 -1.4492e-06 -0.0994216 -3.99875e-06 -1.53405e-06 -1 -13.9925 0 0 0 1 
				6
				-0.999832 -0.0183487 4.11998e-06 -1.60403 -0.0183487 0.999832 -1.37705e-06 -0.094954 -4.09402e-06 -1.45241e-06 -1 -14.2572 0 0 0 1 
				7
				-1 1.42146e-06 4.18533e-06 -1.6043 1.42145e-06 1 -1.36437e-06 -0.0655117 -4.18533e-06 -1.36436e-06 -1 -14.2176 0 0 0 1 
				8
				-0.999572 -0.0292539 4.22218e-06 -1.60361 -0.0292539 0.999572 -1.24165e-06 -0.112446 -4.18405e-06 -1.36463e-06 -1 -13.8292 0 0 0 1 
				9
				-0.999078 -0.0429367 4.23819e-06 -1.60281 -0.0429367 0.999078 -1.18353e-06 -0.134397 -4.18346e-06 -1.36441e-06 -1 -13.1365 0 0 0 1 
				10
				-0.999001 -0.0446963 4.24019e-06 -1.60269 -0.0446963 0.999001 -1.17616e-06 -0.13722 -4.18338e-06 -1.3645e-06 -1 -12.2106 0 0 0 1 
				11
				-0.999271 -0.0381682 4.23268e-06 -1.60312 -0.0381682 0.999271 -1.20373e-06 -0.126747 -4.18366e-06 -1.36441e-06 -1 -11.1225 0 0 0 1 
				12
				-0.999639 -0.0268686 4.21931e-06 -1.60372 -0.0268686 0.999639 -1.25152e-06 -0.108619 -4.18416e-06 -1.36444e-06 -1 -9.94118 0 0 0 1 
				13
				-0.999898 -0.0143152 4.20381e-06 -1.60413 -0.0143152 0.999898 -1.30437e-06 -0.0884795 -4.18471e-06 -1.36442e-06 -1 -8.73536 0 0 0 1 
				14
				-0.999991 -0.00414564 4.19077e-06 -1.60428 -0.00414564 0.999991 -1.347e-06 -0.0721643 -4.18515e-06 -1.36436e-06 -1 -7.57621 0 0 0 1 
				15
				-1 1.42146e-06 4.18533e-06 -1.6043 1.42145e-06 1 -1.36437e-06 -0.0655111 -4.18533e-06 -1.36436e-06 -1 -6.53478 0 0 0 1 
		</Joint>
			10
				-1
				0.237443 0.519487 -0.820826 -9.04141 0.493742 0.663159 0.562529 0.725502 0.836564 -0.538845 -0.0990298 -9.95876 0 0 0 1 
				0
				0.160954 0.478148 -0.863405 -9.05229 0.45614 0.739739 0.494695 0.589295 0.875231 -0.473457 -0.0990385 -10.5722 0 0 0 1 
				1
				0.0891451 0.420448 -0.902926 -9.06407 0.407598 0.811753 0.418235 0.398356 0.9088 -0.405315 -0.0990101 -11.3034 0 0 0 1 
				2
				0.0260399 0.349701 -0.9365 -9.07245 0.348162 0.874991 0.336413 0.185568 0.937073 -0.334814 -0.0989679 -12.0812 0 0 0 1 
				3
				-0.0253222 0.270618 -0.962354 -9.07579 0.279269 0.926251 0.253118 -0.0160109 0.959879 -0.262346 -0.09903 -12.8345 0 0 0 1 
				4
				-0.0629803 0.18875 -0.980004 -9.07527 0.203273 0.963795 0.172565 -0.174306 0.977094 -0.18834 -0.099068 -13.4946 0 0 0 1 
				5
				-0.0864457 0.110097 -0.990154 -9.07389 0.122893 0.987463 0.0990683 -0.25731 0.988648 -0.113119 -0.098892 -13.9926 0 0 0 1 
				6
				-0.0977081 0.0406976 -0.994383 -9.07438 0.0404795 0.998499 0.0368886 -0.232049 0.994391 -0.0366478 -0.0992089 -14.2572 0 0 0 1 
				7
				-0.0985626 -0.0138766 -0.995034 -9.0759 -0.0396198 0.999164 -0.0100097 -0.0655011 0.994342 0.0384365 -0.09903 -14.2176 0 0 0 1 
				8
				-0.0933993 -0.0503804 -0.994353 -9.07202 -0.118495 0.992183 -0.0391402 -0.33102 0.988552 0.11417 -0.098639 -13.8293 0 0 0 1 
				9
				-0.0868121 -0.0708087 -0.993705 -9.06754 -0.195087 0.979367 -0.0527438 -0.455203 0.976936 0.18928 -0.0988347 -13.1366 0 0 0 1 
				10
				-0.0809005 -0.0789539 -0.99359 -9.06683 -0.269352 0.9615 -0.0544726 -0.471173 0.959638 0.263219 -0.0990522 -12.2106 0 0 0 1 
				11
				-0.076852 -0.0787594 -0.993927 -9.06929 -0.341423 0.938684 -0.0479825 -0.411925 0.936762 0.335662 -0.0990301 -11.1226 0 0 0 1 
				12
				-0.0752394 -0.0740931 -0.994409 -9.07263 -0.411212 0.910798 -0.03675 -0.309371 0.908429 0.406148 -0.098996 -9.94121 0 0 0 1 
				13
				-0.0754061 -0.068609 -0.99479 -9.07498 -0.478583 0.877707 -0.0242569 -0.195437 0.874799 0.47426 -0.0990196 -8.73539 0 0 0 1 
				14
				-0.0754995 -0.0656338 -0.994983 -9.07583 -0.543402 0.839353 -0.0141342 -0.103139 0.83607 0.539609 -0.0990363 -7.57624 0 0 0 1 
				15
				-0.0727784 -0.0679004 -0.995034 -9.07591 -0.605552 0.795743 -0.0100098 -0.0655005 0.792471 0.601816 -0.0990301 -6.53481 0 0 0 1 
		</Joint>
			11
				-1
				-0.535497 0.198717 -0.820826 -5.38542 -0.697574 0.443793 0.562529 8.3278 0.476061 0.873819 -0.0990298 2.92209 0 0 0 1 
				0
				-0.491901 0.112094 -0.863405 -6.57402 -0.781829 0.3795 0.494695 7.61263 0.383115 0.918376 -0.0990385 2.90402 0 0 0 1 
				1
				-0.428385 0.034778 -0.902926 -7.69148 -0.857119 0.300708 0.418235 6.67427 0.286063 0.953082 -0.0990101 2.68971 0 0 0 1 
				2
				-0.349523 -0.028327 -0.9365 -8.67151 -0.918291 0.208729 0.336413 5.54633 0.185945 0.977563 -0.0989679 2.34723 0 0 0 1 
				3
				-0.261531 -0.0740067 -0.962354 -9.46568 -0.961549 0.106561 0.253118 4.28398 0.0838169 0.991548 -0.09903 1.94502 0 0 0 1 
				4
				-0.171502 -0.100898 -0.980004 -10.045 -0.984997 -0.00184491 0.172565 2.95556 -0.0192196 0.994895 -0.099068 1.55002 0 0 0 1 
				5
				-0.0867221 -0.109879 -0.990154 -10.4049 -0.988713 -0.112393 0.0990683 1.63491 -0.122172 0.98757 -0.098892 1.22997 0 0 0 1 
				6
				-0.0137622 -0.104947 -0.994383 -10.5788 -0.974406 -0.221746 0.0368886 0.391227 -0.224371 0.96944 -0.0992089 1.05373 0 0 0 1 
				7
				0.0416214 -0.0904147 -0.995034 -10.5935 -0.945612 -0.325143 -0.0100097 -0.67554 -0.322624 0.941333 -0.0990301 1.09259 0 0 0 1 
				8
				0.0771171 -0.072901 -0.994353 -10.5101 -0.905042 -0.423518 -0.0391403 -2.15552 -0.418274 0.902949 -0.098639 1.39179 0 0 0 1 
				9
				0.0960588 -0.0576448 -0.993705 -10.4042 -0.855118 -0.515742 -0.0527439 -3.45902 -0.509455 0.854802 -0.0988347 1.90563 0 0 0 1 
				10
				0.103023 -0.0465288 -0.99359 -10.3125 -0.797014 -0.601499 -0.0544726 -4.61848 -0.595109 0.797517 -0.0990522 2.5652 0 0 0 1 
				11
				0.102495 -0.0400504 -0.993927 -10.2526 -0.731199 -0.680474 -0.0479826 -5.66892 -0.674419 0.731677 -0.0990301 3.30106 0 0 0 1 
				12
				0.0986344 -0.0377098 -0.994409 -10.2311 -0.658042 -0.752084 -0.0367501 -6.64094 -0.746493 0.657987 -0.098996 4.04616 0 0 0 1 
				13
				0.0947734 -0.0375669 -0.99479 -10.236 -0.57795 -0.815712 -0.0242569 -7.56432 -0.81055 0.577238 -0.0990196 4.73416 0 0 0 1 
				14
				0.0931702 -0.0364317 -0.994983 -10.2383 -0.491444 -0.870795 -0.0141343 -8.47008 -0.865911 0.490295 -0.0990363 5.297 0 0 0 1 
				15
				0.0947798 -0.0303966 -0.995034 -10.1965 -0.399125 -0.916842 -0.0100098 -9.38938 -0.911985 0.398092 -0.0990301 5.66711 0 0 0 1 
		</Joint>
			12
				-1
				-0.535497 0.820984 0.198063 -13.6306 -0.697574 -0.562175 0.444241 -2.41297 0.476061 0.0997256 0.87374 10.2521 0 0 0 1 
				0
				-0.494775 0.863484 0.0979519 -14.148 -0.791886 -0.49441 0.358435 -4.42544 0.357931 0.0997778 0.928402 8.80297 0 0 0 1 
				1
				-0.429644 0.902935 0.0106541 -14.2875 -0.872238 -0.418033 0.253869 -6.52306 0.233681 0.0997803 0.96718 7.09431 0 0 0 1 
				2
				-0.346039 0.936454 -0.0575413 -14.0532 -0.932277 -0.336307 0.133255 -8.59289 0.105435 0.0997557 0.98941 5.21028 0 0 0 1 
				3
				-0.25192 0.962272 -0.102805 -13.4926 -0.967435 -0.253117 0.00144835 -10.5213 -0.024628 0.0998221 0.9947 3.23557 0 0 0 1 
				4
				-0.156195 0.979905 -0.124055 -12.6857 -0.975603 -0.172673 -0.135583 -12.2107 -0.154279 0.0998508 0.982969 1.25409 0 0 0 1 
				5
				-0.0676649 0.990056 -0.123327 -11.7402 -0.957199 -0.0992848 -0.27187 -13.5886 -0.281411 0.099652 0.954399 -0.651159 0 0 0 1 
				6
				0.00640018 0.994298 -0.106443 -10.7907 -0.914633 -0.0372092 -0.40257 -14.612 -0.404235 0.0999329 0.909179 -2.40099 0 0 0 1 
				7
				0.0602041 0.99497 -0.0800552 -9.95265 -0.852823 0.00959398 -0.522112 -15.2354 -0.518718 0.0997062 0.849112 -3.87494 0 0 0 1 
				8
				0.0925195 0.994312 -0.0527702 -9.32273 -0.775012 0.038638 -0.630764 -16.0907 -0.625137 0.0992555 0.774178 -5.04849 0 0 0 1 
				9
				0.108035 0.993681 -0.0304332 -8.92516 -0.684608 0.052165 -0.727042 -16.6255 -0.720861 0.0993809 0.685918 -5.93861 0 0 0 1 
				10
				0.112171 0.993579 -0.014799 -8.72621 -0.583679 0.0538275 -0.810199 -16.8904 -0.8042 0.0995189 0.585969 -6.59789 0 0 0 1 
				11
				0.109929 0.993922 -0.00577035 -8.67445 -0.473664 0.0472823 -0.879435 -16.9274 -0.873818 0.0994091 0.475983 -7.08319 0 0 0 1 
				12
				0.105591 0.994408 -0.0019165 -8.71241 -0.356042 0.0360066 -0.933776 -16.773 -0.928485 0.0992809 0.357852 -7.44782 0 0 0 1 
				13
				0.101946 0.99479 -0.000343342 -8.77677 -0.232417 0.0234826 -0.972333 -16.4632 -0.967259 0.0992056 0.2336 -7.74614 0 0 0 1 
				14
				0.0999739 0.994986 0.00284055 -8.80375 -0.10454 0.0133429 -0.994431 -16.037 -0.989483 0.0991202 0.10535 -8.03572 0 0 0 1 
				15
				0.0987458 0.995044 0.0117146 -8.73714 0.0257435 0.00921383 -0.999626 -15.5348 -0.99478 0.0990105 -0.024706 -8.37499 0 0 0 1 
		</Joint>
			13
				-1
				6.58427e-07 -1.34472e-06 -1 1.76019e-05 0 -1 1.34472e-06 -0.065535 -1 -8.85398e-13 -6.58427e-07 -13.3353 0 0 0 1 
				0
				7.24478e-07 0.00414582 -0.999992 2.33729e-05 0 -0.999991 -0.00414582 -0.0655337 -1 3.00355e-09 -7.24472e-07 -13.9487 0 0 0 1 
				1
				8.02301e-07 0.0143155 -0.999898 2.94214e-05 0 -0.999898 -0.0143155 -0.0655317 -1 1.14853e-08 -8.02219e-07 -14.6799 0 0 0 1 
				2
				8.89014e-07 0.0268688 -0.999639 3.54302e-05 0 -0.999639 -0.0268688 -0.0655292 -1 2.38867e-08 -8.88693e-07 -15.4577 0 0 0 1 
				3
				9.82643e-07 0.0381684 -0.999271 4.11165e-05 0 -0.999271 -0.0381684 -0.0655262 -1 3.75059e-08 -9.81928e-07 -16.211 0 0 0 1 
				4
				1.08063e-06 0.0446963 -0.999001 4.62278e-05 0 -0.999001 -0.0446963 -0.065523 -1 4.83e-08 -1.07955e-06 -16.8711 0 0 0 1 
				5
				1.18063e-06 0.0429367 -0.999078 5.05679e-05 0 -0.999078 -0.0429367 -0.0655197 -1 5.06924e-08 -1.17954e-06 -17.3691 0 0 0 1 
				6
				1.28265e-06 0.0292539 -0.999572 5.4011e-05 0 -0.999572 -0.0292539 -0.0655166 -1 3.75224e-08 -1.2821e-06 -17.6337 0 0 0 1 
				7
				1.38685e-06 -1.42368e-06 -1 5.64769e-05 0 -1 1.42368e-06 -0.0655142 -1 -1.97444e-12 -1.38685e-06 -17.5941 0 0 0 1 
				8
				1.38557e-06 0.0292539 -0.999572 5.79467e-05 0 -0.999572 -0.0292539 -0.0655126 -1 4.05333e-08 -1.38498e-06 -17.2058 0 0 0 1 
				9
				1.38498e-06 0.0429367 -0.999078 5.86185e-05 0 -0.999078 -0.0429367 -0.0655118 -1 5.94665e-08 -1.3837e-06 -16.5131 0 0 0 1 
				10
				1.3849e-06 0.0446963 -0.999001 5.87049e-05 0 -0.999001 -0.0446963 -0.0655116 -1 6.19e-08 -1.38352e-06 -15.5871 0 0 0 1 
				11
				1.38518e-06 0.0381682 -0.999271 5.83853e-05 0 -0.999271 -0.0381683 -0.0655119 -1 5.28698e-08 -1.38417e-06 -14.4991 0 0 0 1 
				12
				1.38568e-06 0.0268686 -0.999639 5.78285e-05 0 -0.999639 -0.0268686 -0.0655124 -1 3.72313e-08 -1.38518e-06 -13.3177 0 0 0 1 
				13
				1.38623e-06 0.0143152 -0.999898 5.72018e-05 0 -0.999898 -0.0143152 -0.065513 -1 1.98442e-08 -1.38609e-06 -12.1119 0 0 0 1 
				14
				1.38667e-06 0.00414564 -0.999991 5.6688e-05 0 -0.999991 -0.00414564 -0.0655134 -1 5.74864e-09 -1.38666e-06 -10.9527 0 0 0 1 
				15
				1.38685e-06 -1.42368e-06 -1 5.64769e-05 0 -1 1.42368e-06 -0.0655136 -1 -1.97444e-12 -1.38685e-06 -9.91131 0 0 0 1 
		</Joint>
			14
				-1
				6.58427e-07 -1.34472e-06 -1 2.38766e-05 0 -1 1.34472e-06 -0.0655441 -1 -8.85398e-13 -6.58427e-07 -30.192 0 0 0 1 
				0
				7.24478e-07 0.00414582 -0.999992 3.20949e-05 0 -0.999991 -0.00414582 -0.0655422 -1 3.00355e-09 -7.24472e-07 -30.8054 0 0 0 1 
				1
				8.02301e-07 0.0143155 -0.999898 4.05605e-05 0 -0.999898 -0.0143155 -0.0655394 -1 1.14853e-08 -8.02219e-07 -31.5366 0 0 0 1 
				2
				8.89014e-07 0.0268688 -0.999639 4.89144e-05 0 -0.999639 -0.0268688 -0.0655358 -1 2.38867e-08 -8.88693e-07 -32.3144 0 0 0 1 
				3
				9.82643e-07 0.0381684 -0.999271 5.68443e-05 0 -0.999271 -0.0381684 -0.0655314 -1 3.75059e-08 -9.81928e-07 -33.0677 0 0 0 1 
				4
				1.08063e-06 0.0446963 -0.999001 6.40565e-05 0 -0.999001 -0.0446963 -0.0655267 -1 4.83e-08 -1.07955e-06 -33.7278 0 0 0 1 
				5
				1.18063e-06 0.0429367 -0.999078 7.03416e-05 0 -0.999078 -0.0429367 -0.0655219 -1 5.06924e-08 -1.17954e-06 -34.2258 0 0 0 1 
				6
				1.28265e-06 0.0292539 -0.999572 7.56138e-05 0 -0.999572 -0.0292539 -0.0655175 -1 3.75224e-08 -1.2821e-06 -34.4904 0 0 0 1 
				7
				1.38685e-06 -1.42368e-06 -1 7.98538e-05 0 -1 1.42368e-06 -0.065514 -1 -1.97444e-12 -1.38685e-06 -34.4508 0 0 0 1 
				8
				1.38557e-06 0.0292539 -0.999572 8.12864e-05 0 -0.999572 -0.0292539 -0.0655117 -1 4.05333e-08 -1.38498e-06 -34.0625 0 0 0 1 
				9
				1.38498e-06 0.0429367 -0.999078 8.1934e-05 0 -0.999078 -0.0429367 -0.0655106 -1 5.94665e-08 -1.3837e-06 -33.3698 0 0 0 1 
				10
				1.3849e-06 0.0446963 -0.999001 8.2017e-05 0 -0.999001 -0.0446963 -0.0655104 -1 6.19e-08 -1.38352e-06 -32.4438 0 0 0 1 
				11
				1.38518e-06 0.0381682 -0.999271 8.17096e-05 0 -0.999271 -0.0381683 -0.0655108 -1 5.28698e-08 -1.38417e-06 -31.3558 0 0 0 1 
				12
				1.38568e-06 0.0268686 -0.999639 8.1172e-05 0 -0.999639 -0.0268686 -0.0655116 -1 3.72313e-08 -1.38518e-06 -30.1744 0 0 0 1 
				13
				1.38623e-06 0.0143152 -0.999898 8.0563e-05 0 -0.999898 -0.0143152 -0.0655124 -1 1.98442e-08 -1.38609e-06 -28.9686 0 0 0 1 
				14
				1.38667e-06 0.00414564 -0.999991 8.00609e-05 0 -0.999991 -0.00414564 -0.0655131 -1 5.74864e-09 -1.38666e-06 -27.8094 0 0 0 1 
				15
				1.38685e-06 -1.42368e-06 -1 7.98538e-05 0 -1 1.42368e-06 -0.0655134 -1 -1.97444e-12 -1.38685e-06 -26.768 0 0 0 1 
		</Joint>
			15
				-1
				0.202202 -0.303987 0.930971 3.75488 -0.408258 -0.890234 -0.202013 -2.69465 0.890191 -0.339229 -0.304112 24.9824 0 0 0 1 
				0
				0.190918 -0.215008 0.957769 3.95415 -0.403164 -0.906797 -0.123201 -2.38417 0.894991 -0.362617 -0.259807 24.369 0 0 0 1 
				1
				0.183139 -0.111554 0.976737 4.13975 -0.385896 -0.921954 -0.0329415 -2.03378 0.904182 -0.370886 -0.211894 23.6378 0 0 0 1 
				2
				0.174954 -0.000307093 0.984577 4.29817 -0.35726 -0.931865 0.0631924 -1.6584 0.917473 -0.362805 -0.163143 22.86 0 0 0 1 
				3
				0.163495 0.11098 0.980282 4.42113 -0.31969 -0.934075 0.159067 -1.27598 0.93331 -0.339393 -0.117237 22.1066 0 0 0 1 
				4
				0.148467 0.214363 0.965405 4.50618 -0.278224 -0.927737 0.248786 -0.905765 0.948972 -0.305536 -0.0780977 21.4466 0 0 0 1 
				5
				0.133558 0.302522 0.943739 4.55627 -0.240586 -0.913887 0.327 -0.567592 0.961395 -0.270724 -0.0492745 20.9486 0 0 0 1 
				6
				0.125912 0.369614 0.920615 4.57878 -0.21433 -0.895948 0.389025 -0.281267 0.968612 -0.246298 -0.0335908 20.6839 0 0 0 1 
				7
				0.130827 0.411717 0.901872 4.58386 -0.200051 -0.880015 0.430759 -0.065455 0.971012 -0.236775 -0.0327655 20.7236 0 0 0 1 
				8
				0.138752 0.430315 0.891951 4.5819 -0.170488 -0.876837 0.449545 0.0686472 0.975542 -0.214442 -0.0482992 21.1119 0 0 0 1 
				9
				0.142107 0.430929 0.891126 4.57963 -0.115802 -0.886843 0.447325 0.131367 0.983054 -0.166762 -0.0761243 21.8046 0 0 0 1 
				10
				0.145608 0.416948 0.897191 4.57928 -0.0546915 -0.902077 0.428095 0.139433 0.987829 -0.111403 -0.108546 22.7305 0 0 0 1 
				11
				0.142978 0.395586 0.907231 4.58052 0.0251665 -0.917806 0.396231 0.109509 0.989406 -0.0338203 -0.141181 23.8186 0 0 0 1 
				12
				0.136566 0.371201 0.918455 4.5822 0.116546 -0.926723 0.357213 0.0577138 0.983751 0.0582595 -0.169821 25 0 0 0 1 
				13
				0.139453 0.343673 0.928677 4.58339 0.178997 -0.931141 0.317706 0.000170941 0.973916 0.121925 -0.191367 26.2058 0 0 0 1 
				14
				0.140843 0.320866 0.936594 4.58382 0.235329 -0.92976 0.283136 -0.046445 0.961657 0.18053 -0.206459 27.3649 0 0 0 1 
				15
