<?xml version='1.0' encoding='UTF-8' ?>
<itpanim>
	<skeleton count>
		25
			0 -1
			1.37091e-06 -1 -6.12323e-17 -0.0654457 1 1.37091e-06 -6.12323e-17 -3.24814e-06 6.12323e-17 -6.12323e-17 1 -21.1202 0 0 0 1 
			1 0
			1.3868e-06 4.78456e-08 -1 21.1202 2.75771e-06 -1 -4.78418e-08 -0.0654457 -1 -2.75771e-06 -1.3868e-06 3.24468e-05 0 0 0 1 
			2 1
			1.40269e-06 -0.000796318 -1 15.9428 0 -1 0.000796318 -0.0662934 -1 -1.11699e-09 -1.40269e-06 3.43201e-06 0 0 0 1 
			3 2
			1.40269e-06 -0.000796318 -1 1.06087 0 -1 0.000796318 -0.0544433 -1 -1.11699e-09 -1.40269e-06 3.39914e-06 0 0 0 1 
			4 3
			1.40269e-06 -0.000796318 -1 -13.821 0 -1 0.000796318 -0.0517547 -1 -1.11699e-09 -1.40269e-06 3.39168e-06 0 0 0 1 
			5 4
			1 1.37091e-06 4.37113e-08 -1.60435 -1.37091e-06 1 3.58059e-15 0.0654492 -4.37113e-08 -6.35048e-14 1 13.821 0 0 0 1 
			6 5
			0.994967 0.0993349 -0.0131664 -9.20576 -0.0994537 0.995004 -0.00869969 0.84751 0.0122365 0.00996535 0.999875 13.7088 0 0 0 1 
			7 6
			0.994892 -0.100322 -0.0111756 -24.281 0.100198 0.994905 -0.011142 -4.05726 0.0122365 0.00996535 0.999875 13.7088 0 0 0 1 
			8 7
			0.994892 -0.100322 -0.0111756 -39.6783 0.0123163 0.0107576 0.999866 13.7056 -0.100188 -0.994897 0.0119382 4.06817 0 0 0 1 
			9 4
			-1 -1.37091e-06 4.37114e-08 -1.60434 -1.37091e-06 1 3.84662e-15 0.0654492 -4.37115e-08 -5.60777e-14 -1 -13.821 0 0 0 1 
			10 9
			-0.994967 0.0993346 -0.0131667 -9.20575 0.0994535 0.995004 -0.00870241 0.847494 0.0122364 -0.00996808 -0.999875 -13.7088 0 0 0 1 
			11 10
			-0.994892 -0.100322 -0.0111753 -24.281 -0.100198 0.994905 -0.0111448 -4.05727 0.0122364 -0.00996809 -0.999875 -13.7088 0 0 0 1 
			12 11
			-0.994892 -0.100322 -0.0111753 -39.6783 -0.0123162 0.0107603 0.999866 13.7056 -0.100189 0.994897 -0.0119409 -4.06819 0 0 0 1 
			13 4
			1.34309e-06 -5.95475e-08 -1 -17.1975 -1.40269e-06 -1 5.95456e-08 -0.0654494 -1 1.40269e-06 -1.34309e-06 -1.96681e-05 0 0 0 1 
			14 13
			1.34309e-06 -5.95475e-08 -1 -34.0542 -1.40269e-06 -1 5.95456e-08 -0.0654267 -1 1.40269e-06 -1.34309e-06 -4.23082e-05 0 0 0 1 
			15 2
			1.37369e-06 -0.0998334 0.995004 -21.0212 0 -0.995004 -0.0998334 2.04338 1 1.3714e-07 -1.36683e-06 -4.58386 0 0 0 1 
			16 15
			1.37369e-06 0.0998334 0.995004 -40.6069 0 -0.995004 0.0998334 -6.1465 1 -1.3714e-07 -1.36683e-06 -4.58386 0 0 0 1 
			17 16
			1.3716e-06 -6.00745e-14 1 -60.9152 0 -1 -6.00745e-14 -0.0654472 1 8.23984e-20 -1.3716e-06 -4.58385 0 0 0 1 
			18 17
			1.3723e-06 -1 -6.00133e-14 -6.84955 0 6.00133e-14 -1 65.5146 1 1.3723e-06 8.23562e-20 -4.58386 0 0 0 1 
			19 18
			-1.3723e-06 -1 5.97912e-14 -8.66382 -0 -5.97912e-14 -1 65.5146 -1 1.3723e-06 -8.20515e-20 4.58388 0 0 0 1 
			20 2
			1.37369e-06 -0.0998334 0.995004 -21.0212 0 -0.995004 -0.0998334 2.04338 1 1.3714e-07 -1.36683e-06 4.58385 0 0 0 1 
			21 20
			1.37369e-06 0.0998334 0.995004 -40.6069 0 -0.995004 0.0998334 -6.1465 1 -1.3714e-07 -1.36683e-06 4.58385 0 0 0 1 
			22 21
			1.3716e-06 -6.00745e-14 1 -60.9152 0 -1 -6.00745e-14 -0.0654472 1 8.23984e-20 -1.3716e-06 4.58386 0 0 0 1 
			23 22
			1.3723e-06 -1 5.98908e-14 -6.84955 0 -5.98908e-14 -1 65.5146 1 1.3723e-06 -8.21882e-20 4.58386 0 0 0 1 
			24 23
			1.3723e-06 -1 5.98908e-14 -8.66383 0 -5.98908e-14 -1 65.5146 1 1.3723e-06 -8.21882e-20 4.58386 0 0 0 1 
	</skeleton>
		<animations>
			49
			0
				-1
				-0.573575 0.819153 -2.02144e-33 3.33786e-06 -0.819153 -0.573575 -1.36318e-32 -0.0654593 -1.2326e-32 -6.16298e-33 1 24.33 0 0 0 1 
				0
				-0.431022 0.902342 0 3.33786e-06 -0.902342 -0.431022 -0 -0.663472 -0 -0 1 23.3179 0 0 0 1 
				1
				-0.268171 0.963371 2.96862e-33 3.33786e-06 -0.963371 -0.268171 -8.26367e-34 -1.29366 -0 -3.08149e-33 1 22.2513 0 0 0 1 
				2
				-0.114083 0.993471 -1.53068e-33 3.33786e-06 -0.993471 -0.114083 1.75773e-34 -1.86244 -0 1.54074e-33 1 21.2886 0 0 0 1 
				3
				1.33158e-06 1 0 3.33786e-06 -1 1.33158e-06 0 -2.27623 -0 -0 1 20.5882 0 0 0 1 
				4
				0.0404892 0.99918 0 3.33786e-06 -0.99918 0.0404892 0 -2.4228 -0 -0 1 20.3402 0 0 0 1 
				5
				0.023861 0.999715 -1.92538e-34 3.33786e-06 -0.999715 0.023861 -4.59546e-36 -2.36259 -0 1.92593e-34 1 20.4421 0 0 0 1 
				6
				0.00208925 0.999998 1.6779e-36 3.33786e-06 -0.999998 0.00208925 -1.2326e-32 -2.28378 -1.2326e-32 2.40741e-35 1 20.5755 0 0 0 1 
				7
				1.33158e-06 1 0 3.33786e-06 -1 1.33158e-06 0 -2.27623 -0 -0 1 20.5882 0 0 0 1 
				8
				1.33158e-06 1 0 3.33786e-06 -1 1.33158e-06 0 -2.27623 -0 -0 1 20.5882 0 0 0 1 
				9
				1.33158e-06 1 0 3.33786e-06 -1 1.33158e-06 0 -2.27623 -0 -0 1 20.5882 0 0 0 1 
				10
				1.33158e-06 1 0 3.33786e-06 -1 1.33158e-06 0 -2.27623 -0 -0 1 20.5882 0 0 0 1 
				11
				1.33158e-06 1 0 3.33786e-06 -1 1.33158e-06 0 -2.27623 -0 -0 1 20.5882 0 0 0 1 
				12
				1.33158e-06 1 0 3.33786e-06 -1 1.33158e-06 0 -2.27623 -0 -0 1 20.5882 0 0 0 1 
				13
				1.33158e-06 1 0 3.33786e-06 -1 1.33158e-06 0 -2.27623 -0 -0 1 20.5882 0 0 0 1 
				14
				1.33158e-06 1 0 3.33786e-06 -1 1.33158e-06 0 -2.27623 -0 -0 1 20.5882 0 0 0 1 
				15
				1.33158e-06 1 0 3.33786e-06 -1 1.33158e-06 0 -2.27623 -0 -0 1 20.5882 0 0 0 1 
				16
				1.33158e-06 1 0 3.33786e-06 -1 1.33158e-06 0 -2.27623 -0 -0 1 20.5882 0 0 0 1 
				17
				1.33158e-06 1 0 3.33786e-06 -1 1.33158e-06 0 -2.27623 -0 -0 1 20.5882 0 0 0 1 
				18
				1.33158e-06 1 0 3.33786e-06 -1 1.33158e-06 0 -2.27623 -0 -0 1 20.5882 0 0 0 1 
				19
				1.33158e-06 1 0 3.33786e-06 -1 1.33158e-06 0 -2.27623 -0 -0 1 20.5882 0 0 0 1 
				20
				-0.000109323 1 -5.95191e-37 3.33786e-06 -1 -0.000109323 -1.2326e-32 -2.27583 -1.2326e-32 -7.52316e-37 1 20.5889 0 0 0 1 
				21
				-0.000380299 1 0 3.33786e-06 -1 -0.000380299 -0 -2.27485 -0 -0 1 20.5906 0 0 0 1 
				22
				-0.000715059 1 2.79525e-36 3.33786e-06 -1 -0.000715059 1.2326e-32 -2.27363 1.2326e-32 6.01853e-36 1 20.5926 0 0 0 1 
				23
				-0.00101679 0.999999 -1.2533e-35 3.33786e-06 -0.999999 -0.00101679 -1.23259e-32 -2.27254 -1.2326e-32 -0 1 20.5945 0 0 0 1 
				24
				-0.00119097 0.999999 -2.64273e-36 3.33786e-06 -0.999999 -0.00119097 -1.2326e-32 -2.27191 -1.2326e-32 -1.20371e-35 1 20.5955 0 0 0 1 
				25
				-0.00114409 0.999999 0 3.33786e-06 -0.999999 -0.00114409 -0 -2.27208 -0 -0 1 20.5953 0 0 0 1 
				26
				-0.000778841 1 0 3.33786e-06 -1 -0.000778841 -0 -2.2734 -0 -0 1 20.593 0 0 0 1 
				27
				1.33158e-06 1 0 3.33786e-06 -1 1.33158e-06 0 -2.27623 -0 -0 1 20.5882 0 0 0 1 
				28
				0.00488076 0.999988 4.81477e-35 3.33786e-06 -0.999988 0.00488076 2.35e-37 -2.29389 -0 -4.81482e-35 1 20.5584 0 0 0 1 
				29
				0.013476 0.999909 -6.98166e-35 3.33786e-06 -0.999909 0.013476 1.23261e-32 -2.32499 1.2326e-32 -9.62965e-35 1 20.5057 0 0 0 1 
				30
				0.0237916 0.999717 0 3.33786e-06 -0.999717 0.0237916 0 -2.36233 -0 -0 1 20.4425 0 0 0 1 
				31
				0.0309214 0.999522 -3.81136e-34 3.33786e-06 -0.999522 0.0309214 1.23201e-32 -2.38815 1.2326e-32 -0 1 20.3988 0 0 0 1 
				32
				0.0341805 0.999416 0 3.33786e-06 -0.999416 0.0341805 0 -2.39995 -0 -0 1 20.3788 0 0 0 1 
				33
				0.0372764 0.999305 7.4549e-35 3.33786e-06 -0.999305 0.0372764 -1.23317e-32 -2.41116 -1.2326e-32 3.85186e-34 1 20.3599 0 0 0 1 
				34
				0.0399577 0.999201 1.07638e-34 3.33786e-06 -0.999201 0.0399577 -1.23315e-32 -2.42087 -1.2326e-32 3.85186e-34 1 20.3434 0 0 0 1 
				35
				0.0419729 0.999119 -2.52337e-34 3.33786e-06 -0.999119 0.0419729 -1.23474e-32 -2.42817 -1.2326e-32 7.70372e-34 1 20.3311 0 0 0 1 
				36
				0.0430782 0.999072 3.84828e-34 3.33786e-06 -0.999072 0.0430782 1.65931e-35 -2.43217 -0 -3.85186e-34 1 20.3243 0 0 0 1 
				37
				0.0430306 0.999074 7.69658e-34 3.33786e-06 -0.999074 0.0430306 3.31496e-35 -2.432 -0 -7.70372e-34 1 20.3246 0 0 0 1 
				38
				0.0411294 0.999154 0 3.33786e-06 -0.999154 0.0411294 0 -2.42512 -0 -0 1 20.3363 0 0 0 1 
				39
				0.0448468 0.998994 -3.84798e-34 3.33786e-06 -0.998994 0.0448468 -1.72744e-35 -2.43858 -0 3.85186e-34 1 20.3135 0 0 0 1 
				40
				0.0573886 0.998352 -7.69102e-34 3.33786e-06 -0.998352 0.0573886 -4.42106e-35 -2.48403 -0 7.70372e-34 1 20.2365 0 0 0 1 
				41
				0.0645862 0.997912 -7.96086e-34 3.33786e-06 -0.997912 0.0645862 1.23002e-32 -2.51013 1.2326e-32 -0 1 20.1924 0 0 0 1 
				42
				0.0507208 0.998713 3.8469e-34 3.33786e-06 -0.998713 0.0507208 1.95369e-35 -2.45986 -0 -3.85186e-34 1 20.2774 0 0 0 1 
				43
				1.33158e-06 1 0 3.33786e-06 -1 1.33158e-06 0 -2.27623 -0 -0 1 20.5882 0 0 0 1 
				44
				-0.108039 0.994147 0 3.33786e-06 -0.994147 -0.108039 -0 -1.88446 -0 -0 1 21.2513 0 0 0 1 
				45
				-0.262987 0.964799 -2.97302e-33 3.33786e-06 -0.964799 -0.262987 8.10392e-34 -1.31312 -0 3.08149e-33 1 22.2183 0 0 0 1 
				46
				-0.429231 0.903195 0 3.33786e-06 -0.903195 -0.429231 -0 -0.670653 -0 -0 1 23.3057 0 0 0 1 
				47
				-0.573575 0.819153 -2.02144e-33 3.33786e-06 -0.819153 -0.573575 -1.36318e-32 -0.0654593 -1.2326e-32 -6.16298e-33 1 24.33 0 0 0 1 
		</Joint>
			1
				-1
				1.33158e-06 -0.573574 -0.819154 3.33786e-06 0 -0.819154 0.573574 -0.0654593 -1 -7.6376e-07 -1.09077e-06 24.33 0 0 0 1 
				0
				1.33158e-06 -0.431021 -0.902342 3.33786e-06 0 -0.902342 0.431021 -0.663472 -1 -5.73939e-07 -1.20154e-06 23.3179 0 0 0 1 
				1
				1.33158e-06 -0.26817 -0.963372 3.33786e-06 0 -0.963372 0.26817 -1.29366 -1 -3.5709e-07 -1.28281e-06 22.2513 0 0 0 1 
				2
				1.33158e-06 -0.114082 -0.993471 3.33786e-06 0 -0.993471 0.114082 -1.86244 -1 -1.51909e-07 -1.32289e-06 21.2886 0 0 0 1 
				3
				1.33158e-06 2.66316e-06 -1 3.33786e-06 0 -1 -2.66316e-06 -2.27623 -1 3.54621e-12 -1.33158e-06 20.5882 0 0 0 1 
				4
				1.33158e-06 0.0404905 -0.99918 3.33786e-06 0 -0.99918 -0.0404905 -2.4228 -1 5.39164e-08 -1.33049e-06 20.3402 0 0 0 1 
				5
				1.33158e-06 0.0238623 -0.999715 3.33786e-06 0 -0.999715 -0.0238623 -2.36259 -1 3.17746e-08 -1.3312e-06 20.4421 0 0 0 1 
				6
				1.33158e-06 0.00209058 -0.999998 3.33786e-06 0 -0.999998 -0.00209058 -2.28378 -1 2.78378e-09 -1.33158e-06 20.5755 0 0 0 1 
				7
				1.33158e-06 2.66316e-06 -1 3.33786e-06 0 -1 -2.66316e-06 -2.27623 -1 3.54621e-12 -1.33158e-06 20.5882 0 0 0 1 
				8
				1.33158e-06 2.66316e-06 -1 3.33786e-06 0 -1 -2.66316e-06 -2.27623 -1 3.54621e-12 -1.33158e-06 20.5882 0 0 0 1 
				9
				1.33158e-06 2.66316e-06 -1 3.33786e-06 0 -1 -2.66316e-06 -2.27623 -1 3.54621e-12 -1.33158e-06 20.5882 0 0 0 1 
				10
				1.33158e-06 2.66316e-06 -1 3.33786e-06 0 -1 -2.66316e-06 -2.27623 -1 3.54621e-12 -1.33158e-06 20.5882 0 0 0 1 
				11
				1.33158e-06 2.66316e-06 -1 3.33786e-06 0 -1 -2.66316e-06 -2.27623 -1 3.54621e-12 -1.33158e-06 20.5882 0 0 0 1 
				12
				1.33158e-06 2.66316e-06 -1 3.33786e-06 0 -1 -2.66316e-06 -2.27623 -1 3.54621e-12 -1.33158e-06 20.5882 0 0 0 1 
				13
				1.33158e-06 2.66316e-06 -1 3.33786e-06 0 -1 -2.66316e-06 -2.27623 -1 3.54621e-12 -1.33158e-06 20.5882 0 0 0 1 
				14
				1.33158e-06 2.66316e-06 -1 3.33786e-06 0 -1 -2.66316e-06 -2.27623 -1 3.54621e-12 -1.33158e-06 20.5882 0 0 0 1 
				15
				1.33158e-06 2.66316e-06 -1 3.33786e-06 0 -1 -2.66316e-06 -2.27623 -1 3.54621e-12 -1.33158e-06 20.5882 0 0 0 1 
				16
				1.33158e-06 2.66316e-06 -1 3.33786e-06 0 -1 -2.66316e-06 -2.27623 -1 3.54621e-12 -1.33158e-06 20.5882 0 0 0 1 
				17
				1.33158e-06 2.66316e-06 -1 3.33786e-06 0 -1 -2.66316e-06 -2.27623 -1 3.54621e-12 -1.33158e-06 20.5882 0 0 0 1 
				18
				1.33158e-06 2.66316e-06 -1 3.33786e-06 0 -1 -2.66316e-06 -2.27623 -1 3.54621e-12 -1.33158e-06 20.5882 0 0 0 1 
				19
				1.33158e-06 2.66316e-06 -1 3.33786e-06 0 -1 -2.66316e-06 -2.27623 -1 3.54621e-12 -1.33158e-06 20.5882 0 0 0 1 
				20
				1.33158e-06 -0.000107991 -1 3.33786e-06 0 -1 0.000107991 -2.27583 -1 -1.43799e-10 -1.33158e-06 20.5889 0 0 0 1 
				21
				1.33158e-06 -0.000378968 -1 3.33786e-06 0 -1 0.000378968 -2.27485 -1 -5.04626e-10 -1.33158e-06 20.5906 0 0 0 1 
				22
				1.33158e-06 -0.000713727 -1 3.33786e-06 0 -1 0.000713727 -2.27363 -1 -9.50385e-10 -1.33158e-06 20.5926 0 0 0 1 
				23
				1.33158e-06 -0.00101546 -1 3.33786e-06 0 -1 0.00101546 -2.27254 -1 -1.35217e-09 -1.33158e-06 20.5945 0 0 0 1 
				24
				1.33158e-06 -0.00118963 -0.999999 3.33786e-06 0 -0.999999 0.00118963 -2.27191 -1 -1.58409e-09 -1.33158e-06 20.5955 0 0 0 1 
				25
				1.33158e-06 -0.00114276 -0.999999 3.33786e-06 0 -0.999999 0.00114276 -2.27208 -1 -1.52168e-09 -1.33158e-06 20.5953 0 0 0 1 
				26
				1.33158e-06 -0.00077751 -1 3.33786e-06 0 -1 0.00077751 -2.2734 -1 -1.03532e-09 -1.33158e-06 20.593 0 0 0 1 
				27
				1.33158e-06 2.66316e-06 -1 3.33786e-06 0 -1 -2.66316e-06 -2.27623 -1 3.54621e-12 -1.33158e-06 20.5882 0 0 0 1 
				28
				1.33158e-06 0.00488209 -0.999988 3.33786e-06 0 -0.999988 -0.00488209 -2.29389 -1 6.50089e-09 -1.33156e-06 20.5584 0 0 0 1 
				29
				1.33158e-06 0.0134773 -0.999909 3.33786e-06 0 -0.999909 -0.0134773 -2.32499 -1 1.79461e-08 -1.33146e-06 20.5057 0 0 0 1 
				30
				1.33158e-06 0.023793 -0.999717 3.33786e-06 0 -0.999717 -0.023793 -2.36233 -1 3.16823e-08 -1.3312e-06 20.4425 0 0 0 1 
				31
				1.33158e-06 0.0309228 -0.999522 3.33786e-06 0 -0.999522 -0.0309228 -2.38815 -1 4.11761e-08 -1.33094e-06 20.3988 0 0 0 1 
				32
				1.33158e-06 0.0341818 -0.999416 3.33786e-06 0 -0.999416 -0.0341818 -2.39995 -1 4.55158e-08 -1.3308e-06 20.3788 0 0 0 1 
				33
				1.33158e-06 0.0372777 -0.999305 3.33786e-06 0 -0.999305 -0.0372777 -2.41116 -1 4.96383e-08 -1.33066e-06 20.3599 0 0 0 1 
				34
				1.33158e-06 0.039959 -0.999201 3.33786e-06 0 -0.999201 -0.039959 -2.42087 -1 5.32086e-08 -1.33052e-06 20.3434 0 0 0 1 
				35
				1.33158e-06 0.0419743 -0.999119 3.33786e-06 0 -0.999119 -0.0419743 -2.42817 -1 5.58921e-08 -1.33041e-06 20.3311 0 0 0 1 
				36
				1.33158e-06 0.0430795 -0.999072 3.33786e-06 0 -0.999072 -0.0430795 -2.43217 -1 5.73639e-08 -1.33034e-06 20.3243 0 0 0 1 
				37
				1.33158e-06 0.0430319 -0.999074 3.33786e-06 0 -0.999074 -0.0430319 -2.432 -1 5.73005e-08 -1.33035e-06 20.3246 0 0 0 1 
				38
				1.33158e-06 0.0411308 -0.999154 3.33786e-06 0 -0.999154 -0.0411308 -2.42512 -1 5.47689e-08 -1.33045e-06 20.3363 0 0 0 1 
				39
				1.33158e-06 0.0448482 -0.998994 3.33786e-06 0 -0.998994 -0.0448482 -2.43858 -1 5.97189e-08 -1.33024e-06 20.3135 0 0 0 1 
				40
				1.33158e-06 0.0573899 -0.998352 3.33786e-06 0 -0.998352 -0.0573899 -2.48403 -1 7.64193e-08 -1.32939e-06 20.2365 0 0 0 1 
				41
				1.33158e-06 0.0645875 -0.997912 3.33786e-06 0 -0.997912 -0.0645875 -2.51013 -1 8.60035e-08 -1.3288e-06 20.1924 0 0 0 1 
				42
				1.33158e-06 0.0507221 -0.998713 3.33786e-06 0 -0.998713 -0.0507221 -2.45986 -1 6.75406e-08 -1.32987e-06 20.2774 0 0 0 1 
				43
				1.33158e-06 2.66316e-06 -1 3.33786e-06 0 -1 -2.66316e-06 -2.27623 -1 3.54621e-12 -1.33158e-06 20.5882 0 0 0 1 
				44
				1.33158e-06 -0.108038 -0.994147 3.33786e-06 0 -0.994147 0.108038 -1.88446 -1 -1.43861e-07 -1.32379e-06 21.2513 0 0 0 1 
				45
				1.33158e-06 -0.262986 -0.9648 3.33786e-06 0 -0.9648 0.262986 -1.31312 -1 -3.50187e-07 -1.28471e-06 22.2183 0 0 0 1 
				46
				1.33158e-06 -0.429229 -0.903196 3.33786e-06 0 -0.903196 0.429229 -0.670653 -1 -5.71553e-07 -1.20268e-06 23.3057 0 0 0 1 
				47
				1.33158e-06 -0.573574 -0.819154 3.33786e-06 0 -0.819154 0.573574 -0.0654593 -1 -7.6376e-07 -1.09077e-06 24.33 0 0 0 1 
		</Joint>
			2
				-1
				-0.000271969 -0.342021 -0.939692 0.00405821 -0.000750183 -0.939692 0.342021 -0.0543357 -1 0.00079796 -1.01208e-06 19.1527 0 0 0 1 
				0
				-0.000199897 -0.251902 -0.967753 0.00299177 -0.000772423 -0.967753 0.251902 -0.652016 -1 0.000797868 -1.12434e-06 18.1405 0 0 0 1 
				1
				-0.000122054 -0.15452 -0.98799 0.00183936 -0.000788387 -0.987989 0.15452 -1.28197 -1 0.000797778 -1.23344e-06 17.0739 0 0 0 1 
				2
				-5.07576e-05 -0.0652886 -0.997866 0.000783288 -0.000796072 -0.997866 0.0652886 -1.85063 -1 0.000797688 -1.32511e-06 16.1112 0 0 0 1 
				3
				1.38779e-06 -1.52815e-06 -1 1.05031e-05 -0.00079765 -1 1.52704e-06 -2.26439 -1 0.00079765 -1.38901e-06 15.4109 0 0 0 1 
				4
				1.98667e-05 0.0231386 -0.999732 -0.000263434 -0.000797388 -0.999732 -0.0231386 -2.41096 -1 0.000797634 -1.41096e-06 15.1628 0 0 0 1 
				5
				1.22763e-05 0.0136334 -0.999907 -0.000150917 -0.000797536 -0.999907 -0.0136334 -2.35075 -1 0.00079763 -1.40197e-06 15.2647 0 0 0 1 
				6
				2.3406e-06 0.00119157 -0.999999 -3.62147e-06 -0.000797646 -0.999999 -0.00119157 -2.27194 -1 0.000797648 -1.39015e-06 15.3981 0 0 0 1 
				7
				1.38779e-06 -1.52815e-06 -1 1.05031e-05 -0.00079765 -1 1.52704e-06 -2.26439 -1 0.00079765 -1.38901e-06 15.4109 0 0 0 1 
				8
				1.38779e-06 -1.52815e-06 -1 1.05031e-05 -0.00079765 -1 1.52704e-06 -2.26439 -1 0.00079765 -1.38901e-06 15.4109 0 0 0 1 
				9
				1.38779e-06 -1.52815e-06 -1 1.05031e-05 -0.00079765 -1 1.52704e-06 -2.26439 -1 0.00079765 -1.38901e-06 15.4109 0 0 0 1 
				10
				1.38779e-06 -1.52815e-06 -1 1.05031e-05 -0.00079765 -1 1.52704e-06 -2.26439 -1 0.00079765 -1.38901e-06 15.4109 0 0 0 1 
				11
				1.38779e-06 -1.52815e-06 -1 1.05031e-05 -0.00079765 -1 1.52704e-06 -2.26439 -1 0.00079765 -1.38901e-06 15.4109 0 0 0 1 
				12
				1.38779e-06 -1.52815e-06 -1 1.05031e-05 -0.00079765 -1 1.52704e-06 -2.26439 -1 0.00079765 -1.38901e-06 15.4109 0 0 0 1 
				13
				1.38779e-06 -1.52815e-06 -1 1.05031e-05 -0.00079765 -1 1.52704e-06 -2.26439 -1 0.00079765 -1.38901e-06 15.4109 0 0 0 1 
				14
				1.38779e-06 -1.52815e-06 -1 1.05031e-05 -0.00079765 -1 1.52704e-06 -2.26439 -1 0.00079765 -1.38901e-06 15.4109 0 0 0 1 
				15
				1.38779e-06 -1.52815e-06 -1 1.05031e-05 -0.00079765 -1 1.52704e-06 -2.26439 -1 0.00079765 -1.38901e-06 15.4109 0 0 0 1 
				16
				1.38779e-06 -1.52815e-06 -1 1.05031e-05 -0.00079765 -1 1.52704e-06 -2.26439 -1 0.00079765 -1.38901e-06 15.4109 0 0 0 1 
				17
				1.38779e-06 -1.52815e-06 -1 1.05031e-05 -0.00079765 -1 1.52704e-06 -2.26439 -1 0.00079765 -1.38901e-06 15.4109 0 0 0 1 
				18
				1.38779e-06 -1.52815e-06 -1 1.05031e-05 -0.00079765 -1 1.52704e-06 -2.26439 -1 0.00079765 -1.38901e-06 15.4109 0 0 0 1 
				19
				1.38779e-06 -1.52815e-06 -1 1.05031e-05 -0.00079765 -1 1.52704e-06 -2.26439 -1 0.00079765 -1.38901e-06 15.4109 0 0 0 1 
				20
				1.33728e-06 -6.47859e-05 -1 1.12519e-05 -0.00079765 -1 6.47849e-05 -2.26399 -1 0.00079765 -1.38895e-06 15.4116 0 0 0 1 
				21
				1.21369e-06 -0.000219535 -1 1.30839e-05 -0.00079765 -1 0.000219534 -2.263 -1 0.00079765 -1.3888e-06 15.4132 0 0 0 1 
				22
				1.06095e-06 -0.000410795 -1 1.5348e-05 -0.00079765 -1 0.000410794 -2.26179 -1 0.00079765 -1.38862e-06 15.4153 0 0 0 1 
				23
				9.2317e-07 -0.000583323 -1 1.73905e-05 -0.000797651 -1 0.000583322 -2.2607 -1 0.00079765 -1.38846e-06 15.4171 0 0 0 1 
				24
				8.43705e-07 -0.000682826 -1 1.85683e-05 -0.000797651 -1 0.000682825 -2.26007 -1 0.00079765 -1.38836e-06 15.4182 0 0 0 1 
				25
				8.65065e-07 -0.00065608 -1 1.82515e-05 -0.000797651 -0.999999 0.00065608 -2.26024 -1 0.00079765 -1.38839e-06 15.4179 0 0 0 1 
				26
				1.03179e-06 -0.000447307 -1 1.57801e-05 -0.000797651 -1 0.000447306 -2.26156 -1 0.00079765 -1.38859e-06 15.4157 0 0 0 1 
				27
				1.38779e-06 -1.52815e-06 -1 1.05031e-05 -0.00079765 -1 1.52704e-06 -2.26439 -1 0.00079765 -1.38901e-06 15.4109 0 0 0 1 
				28
				3.61446e-06 0.00278669 -0.999996 -2.2505e-05 -0.00079764 -0.999996 -0.00278669 -2.28205 -1 0.000797646 -1.39167e-06 15.381 0 0 0 1 
				29
				7.53691e-06 0.00769845 -0.99997 -8.06512e-05 -0.000797607 -0.99997 -0.00769845 -2.31315 -1 0.000797642 -1.39634e-06 15.3283 0 0 0 1 
				30
				1.22446e-05 0.0135937 -0.999908 -0.00015044 -0.000797542 -0.999907 -0.0135937 -2.35049 -1 0.000797635 -1.40193e-06 15.2651 0 0 0 1 
				31
				1.54989e-05 0.0176689 -0.999844 -0.000198674 -0.000797482 -0.999844 -0.017669 -2.37631 -1 0.000797631 -1.40577e-06 15.2215 0 0 0 1 
				32
				1.69865e-05 0.0195319 -0.999809 -0.000220736 -0.00079745 -0.999809 -0.0195319 -2.38811 -1 0.000797629 -1.40752e-06 15.2015 0 0 0 1 
				33
				1.83997e-05 0.0213017 -0.999773 -0.000241698 -0.000797416 -0.999773 -0.0213018 -2.39932 -1 0.000797627 -1.40918e-06 15.1825 0 0 0 1 
				34
				1.96238e-05 0.0228347 -0.999739 -0.000259827 -0.000797385 -0.999739 -0.0228347 -2.40903 -1 0.000797625 -1.41062e-06 15.1661 0 0 0 1 
				35
				2.05439e-05 0.023987 -0.999712 -0.000273491 -0.000797361 -0.999712 -0.023987 -2.41633 -1 0.000797624 -1.4117e-06 15.1537 0 0 0 1 
				36
				2.10485e-05 0.0246189 -0.999697 -0.00028095 -0.000797347 -0.999697 -0.0246189 -2.42034 -1 0.000797624 -1.41229e-06 15.1469 0 0 0 1 
				37
				2.10268e-05 0.0245917 -0.999698 -0.000280648 -0.000797348 -0.999697 -0.0245917 -2.42016 -1 0.000797624 -1.41227e-06 15.1472 0 0 0 1 
				38
				2.01587e-05 0.0235046 -0.999724 -0.000267775 -0.000797371 -0.999723 -0.0235046 -2.41328 -1 0.000797625 -1.41124e-06 15.1589 0 0 0 1 
				39
				2.18561e-05 0.0256303 -0.999671 -0.000292925 -0.000797324 -0.999671 -0.0256303 -2.42674 -1 0.000797623 -1.41323e-06 15.1361 0 0 0 1 
				40
				2.75836e-05 0.0328033 -0.999462 -0.00037784 -0.000797139 -0.999462 -0.0328033 -2.4722 -1 0.000797615 -1.41993e-06 15.0592 0 0 0 1 
				41
				3.08717e-05 0.0369213 -0.999318 -0.000426606 -0.000797016 -0.999318 -0.0369213 -2.49829 -1 0.000797613 -1.42375e-06 15.015 0 0 0 1 
				42
				2.45386e-05 0.0289893 -0.99958 -0.000332705 -0.000797251 -0.99958 -0.0289893 -2.44803 -1 0.000797628 -1.41647e-06 15.1001 0 0 0 1 
				43
				1.38779e-06 -1.52815e-06 -1 1.05031e-05 -0.000797649 -1 1.52704e-06 -2.26439 -1 0.000797649 -1.38901e-06 15.4109 0 0 0 1 
				44
				-4.79863e-05 -0.06182 -0.998087 0.000742251 -0.000796237 -0.998087 0.06182 -1.87264 -1 0.000797681 -1.32883e-06 16.074 0 0 0 1 
				45
				-0.000119627 -0.151484 -0.98846 0.00180343 -0.000788753 -0.98846 0.151484 -1.30142 -1 0.000797772 -1.23701e-06 17.041 0 0 0 1 
				46
				-0.000199018 -0.250804 -0.968038 0.00297877 -0.000772645 -0.968038 0.250804 -0.659193 -1 0.000797864 -1.12572e-06 18.1284 0 0 0 1 
				47
				-0.000271969 -0.342021 -0.939692 0.00405821 -0.000750183 -0.939692 0.342021 -0.0543357 -1 0.00079796 -1.01208e-06 19.1527 0 0 0 1 
		</Joint>
			3
				-1
				-6.90265e-05 -0.0871571 -0.996195 0.00104359 -0.000795174 -0.996194 0.0871571 -0.0536949 -1 0.000798165 -5.41232e-07 4.27078 0 0 0 1 
				0
				-4.99684e-05 -0.0636194 -0.997974 0.000770752 -0.000796468 -0.997974 0.0636195 -0.651685 -1 0.000798034 -8.03668e-07 3.25863 0 0 0 1 
				1
				-2.98882e-05 -0.0387768 -0.999248 0.000482403 -0.000797329 -0.999248 0.0387768 -1.28186 -1 0.000797888 -1.05213e-06 2.19201 0 0 0 1 
				2
				-1.17759e-05 -0.0163342 -0.999867 0.000221434 -0.000797637 -0.999866 0.0163342 -1.85063 -1 0.000797723 -1.25443e-06 1.22933 0 0 0 1 
				3
				1.38777e-06 -1.55795e-06 -1 3.11416e-05 -0.00079765 -1 1.55684e-06 -2.26441 -1 0.00079765 -1.38901e-06 0.528998 0 0 0 1 
				4
				6.04774e-06 0.00578393 -0.999983 -3.63559e-05 -0.000797596 -0.999983 -0.00578394 -2.41097 -1 0.000797618 -1.43439e-06 0.280929 0 0 0 1 
				5
				4.13343e-06 0.00340728 -0.999994 -8.63427e-06 -0.0007976 -0.999994 -0.00340729 -2.35076 -1 0.000797609 -1.41576e-06 0.382838 0 0 0 1 
				6
				1.62805e-06 0.00029672 -1 2.76625e-05 -0.000797646 -1 -0.000296721 -2.27196 -1 0.000797646 -1.39137e-06 0.516208 0 0 0 1 
				7
				1.38777e-06 -1.55795e-06 -1 3.11416e-05 -0.00079765 -1 1.55684e-06 -2.26441 -1 0.00079765 -1.38901e-06 0.528991 0 0 0 1 
				8
				1.38777e-06 -1.55795e-06 -1 3.11416e-05 -0.00079765 -1 1.55684e-06 -2.26441 -1 0.00079765 -1.38901e-06 0.528998 0 0 0 1 
				9
				1.38777e-06 -1.55795e-06 -1 3.11416e-05 -0.00079765 -1 1.55684e-06 -2.26441 -1 0.00079765 -1.38901e-06 0.528998 0 0 0 1 
				10
				1.38777e-06 -1.55795e-06 -1 3.11416e-05 -0.00079765 -1 1.55684e-06 -2.26441 -1 0.00079765 -1.38901e-06 0.528991 0 0 0 1 
				11
				1.38777e-06 -1.55795e-06 -1 3.11416e-05 -0.00079765 -1 1.55684e-06 -2.26441 -1 0.00079765 -1.38901e-06 0.528998 0 0 0 1 
				12
				1.38777e-06 -1.55795e-06 -1 3.11416e-05 -0.00079765 -1 1.55684e-06 -2.26441 -1 0.00079765 -1.38901e-06 0.528998 0 0 0 1 
				13
				1.38777e-06 -1.55795e-06 -1 3.11416e-05 -0.00079765 -1 1.55684e-06 -2.26441 -1 0.00079765 -1.38901e-06 0.528998 0 0 0 1 
				14
				1.38777e-06 -1.55795e-06 -1 3.11416e-05 -0.00079765 -1 1.55684e-06 -2.26441 -1 0.00079765 -1.38901e-06 0.528998 0 0 0 1 
				15
				1.38777e-06 -1.55795e-06 -1 3.11416e-05 -0.00079765 -1 1.55684e-06 -2.26441 -1 0.00079765 -1.38901e-06 0.528998 0 0 0 1 
				16
				1.38777e-06 -1.55795e-06 -1 3.11416e-05 -0.00079765 -1 1.55684e-06 -2.26441 -1 0.00079765 -1.38901e-06 0.528998 0 0 0 1 
				17
				1.38777e-06 -1.55795e-06 -1 3.11416e-05 -0.00079765 -1 1.55684e-06 -2.26441 -1 0.00079765 -1.38901e-06 0.528998 0 0 0 1 
				18
				1.38777e-06 -1.55795e-06 -1 3.11416e-05 -0.00079765 -1 1.55684e-06 -2.26441 -1 0.00079765 -1.38901e-06 0.528998 0 0 0 1 
				19
				1.38777e-06 -1.55795e-06 -1 3.11416e-05 -0.00079765 -1 1.55684e-06 -2.26441 -1 0.00079765 -1.38901e-06 0.528998 0 0 0 1 
				20
				1.37499e-06 -1.74192e-05 -1 3.13266e-05 -0.00079765 -1 1.74181e-05 -2.26401 -1 0.00079765 -1.38889e-06 0.529681 0 0 0 1 
				21
				1.34396e-06 -5.59401e-05 -1 3.1776e-05 -0.00079765 -1 5.59391e-05 -2.26302 -1 0.00079765 -1.38858e-06 0.531341 0 0 0 1 
				22
				1.30548e-06 -0.000103702 -1 3.2333e-05 -0.00079765 -1 0.000103701 -2.26181 -1 0.00079765 -1.3882e-06 0.533385 0 0 0 1 
				23
				1.27059e-06 -0.000147021 -1 3.28382e-05 -0.000797651 -1 0.00014702 -2.26072 -1 0.000797651 -1.38786e-06 0.535235 0 0 0 1 
				24
				1.25058e-06 -0.000171857 -1 3.31279e-05 -0.000797651 -1 0.000171856 -2.26009 -1 0.000797651 -1.38766e-06 0.536303 0 0 0 1 
				25
				1.25591e-06 -0.000165237 -1 3.30505e-05 -0.000797651 -1 0.000165236 -2.26026 -1 0.000797651 -1.38771e-06 0.536016 0 0 0 1 
				26
				1.29804e-06 -0.000112944 -1 3.24406e-05 -0.000797651 -1 0.000112943 -2.26158 -1 0.000797651 -1.38813e-06 0.533783 0 0 0 1 
				27
				1.38777e-06 -1.55795e-06 -1 3.11416e-05 -0.00079765 -1 1.55684e-06 -2.26441 -1 0.00079765 -1.38901e-06 0.528998 0 0 0 1 
				28
				1.94926e-06 0.000695447 -1 2.3011e-05 -0.000797642 -0.999999 -0.000695448 -2.28207 -1 0.000797644 -1.39454e-06 0.499107 0 0 0 1 
				29
				2.93845e-06 0.00192349 -0.999998 8.68777e-06 -0.000797629 -0.999998 -0.00192349 -2.31317 -1 0.000797633 -1.40421e-06 0.44646 0 0 0 1 
				30
				4.1254e-06 0.00339721 -0.999994 -8.50531e-06 -0.000797611 -0.999994 -0.00339721 -2.35051 -1 0.000797621 -1.41573e-06 0.383262 0 0 0 1 
				31
				4.94604e-06 0.00441621 -0.99999 -2.03832e-05 -0.000797598 -0.99999 -0.00441622 -2.37633 -1 0.000797612 -1.42362e-06 0.339572 0 0 0 1 
				32
				5.32109e-06 0.00488196 -0.999988 -2.58355e-05 -0.000797592 -0.999988 -0.00488196 -2.38813 -1 0.000797609 -1.42722e-06 0.319606 0 0 0 1 
				33
				5.67744e-06 0.00532449 -0.999986 -3.10038e-05 -0.000797586 -0.999986 -0.00532449 -2.39934 -1 0.000797605 -1.43062e-06 0.300624 0 0 0 1 
				34
				5.9861e-06 0.00570783 -0.999984 -3.54626e-05 -0.00079758 -0.999983 -0.00570783 -2.40905 -1 0.000797601 -1.43355e-06 0.284179 0 0 0 1 
				35
				6.21823e-06 0.00599612 -0.999982 -3.88375e-05 -0.000797576 -0.999982 -0.00599613 -2.41635 -1 0.000797599 -1.43576e-06 0.271834 0 0 0 1 
				36
				6.34539e-06 0.00615403 -0.999981 -4.06701e-05 -0.000797573 -0.999981 -0.00615403 -2.42035 -1 0.000797597 -1.43697e-06 0.265052 0 0 0 1 
				37
				6.33999e-06 0.00614733 -0.999981 -4.06139e-05 -0.000797574 -0.999981 -0.00614734 -2.42018 -1 0.000797597 -1.43692e-06 0.265349 0 0 0 1 
				38
				6.12097e-06 0.00587533 -0.999983 -3.7433e-05 -0.000797578 -0.999982 -0.00587533 -2.41329 -1 0.0007976 -1.43484e-06 0.277003 0 0 0 1 
				39
				6.54911e-06 0.00640706 -0.999979 -4.3615e-05 -0.00079757 -0.999979 -0.00640707 -2.42676 -1 0.000797595 -1.43889e-06 0.254214 0 0 0 1 
				40
				7.99334e-06 0.00820094 -0.999966 -6.45523e-05 -0.000797541 -0.999966 -0.00820094 -2.47221 -1 0.00079758 -1.45249e-06 0.177287 0 0 0 1 
				41
				8.82256e-06 0.0092309 -0.999957 -7.66075e-05 -0.000797528 -0.999957 -0.0092309 -2.49831 -1 0.000797575 -1.46028e-06 0.133121 0 0 0 1 
				42
				7.22586e-06 0.007247 -0.999974 -5.34444e-05 -0.000797573 -0.999974 -0.007247 -2.44804 -1 0.000797605 -1.44566e-06 0.218186 0 0 0 1 
				43
				1.38777e-06 -1.55795e-06 -1 3.11416e-05 -0.000797649 -1 1.55684e-06 -2.26441 -1 0.000797649 -1.38901e-06 0.528998 0 0 0 1 
				44
				-1.10744e-05 -0.0154652 -0.99988 0.000211324 -0.000797634 -0.99988 0.0154652 -1.87264 -1 0.00079771 -1.26252e-06 1.19208 0 0 0 1 
				45
				-2.92671e-05 -0.0380094 -0.999277 0.000473496 -0.00079734 -0.999277 0.0380094 -1.30132 -1 0.000797876 -1.06047e-06 2.15907 0 0 0 1 
				46
				-4.97383e-05 -0.0633365 -0.997992 0.000767464 -0.000796474 -0.997992 0.0633366 -0.658865 -1 0.000798026 -8.0746e-07 3.24648 0 0 0 1 
				47
				-6.90265e-05 -0.0871571 -0.996195 0.00104359 -0.000795174 -0.996194 0.0871571 -0.0536949 -1 0.000798165 -5.41232e-07 4.27078 0 0 0 1 
		</Joint>
			4
				-1
				-6.90265e-05 -0.0871571 -0.996195 0.000250672 -0.000795174 -0.996194 0.0871571 -0.0628502 -1 0.000798165 -5.4124e-07 -10.6111 0 0 0 1 
				0
				-4.99684e-05 -0.0636194 -0.997974 0.000198176 -0.000796468 -0.997974 0.0636195 -0.660855 -1 0.000798034 -8.03667e-07 -11.6233 0 0 0 1 
				1
				-2.98882e-05 -0.0387768 -0.999248 0.000141852 -0.000797329 -0.999248 0.0387768 -1.29104 -1 0.000797888 -1.05213e-06 -12.6899 0 0 0 1 
				2
				-1.17759e-05 -0.0163342 -0.999867 9.00952e-05 -0.000797637 -0.999866 0.0163342 -1.85981 -1 0.000797723 -1.25443e-06 -13.6525 0 0 0 1 
				3
				1.38777e-06 -1.55795e-06 -1 5.1791e-05 -0.00079765 -1 1.55684e-06 -2.27359 -1 0.00079765 -1.38901e-06 -14.3529 0 0 0 1 
				4
				6.04774e-06 0.00578393 -0.999983 3.80883e-05 -0.000797596 -0.999983 -0.00578394 -2.42016 -1 0.000797618 -1.43439e-06 -14.601 0 0 0 1 
				5
				4.13343e-06 0.00340728 -0.999994 4.37117e-05 -0.0007976 -0.999994 -0.00340729 -2.35995 -1 0.000797609 -1.41576e-06 -14.499 0 0 0 1 
				6
				1.62805e-06 0.00029672 -1 5.10855e-05 -0.000797646 -1 -0.000296721 -2.28114 -1 0.000797646 -1.39137e-06 -14.3657 0 0 0 1 
				7
				1.38777e-06 -1.55795e-06 -1 5.1791e-05 -0.00079765 -1 1.55684e-06 -2.27359 -1 0.00079765 -1.38901e-06 -14.3529 0 0 0 1 
				8
				1.38777e-06 -1.55795e-06 -1 5.1791e-05 -0.00079765 -1 1.55684e-06 -2.27359 -1 0.00079765 -1.38901e-06 -14.3529 0 0 0 1 
				9
				1.38777e-06 -1.55795e-06 -1 5.1791e-05 -0.00079765 -1 1.55684e-06 -2.27359 -1 0.00079765 -1.38901e-06 -14.3529 0 0 0 1 
				10
				1.38777e-06 -1.55795e-06 -1 5.1791e-05 -0.00079765 -1 1.55684e-06 -2.27359 -1 0.00079765 -1.38901e-06 -14.3529 0 0 0 1 
				11
				1.38777e-06 -1.55795e-06 -1 5.1791e-05 -0.00079765 -1 1.55684e-06 -2.27359 -1 0.00079765 -1.38901e-06 -14.3529 0 0 0 1 
				12
				1.38777e-06 -1.55795e-06 -1 5.1791e-05 -0.00079765 -1 1.55684e-06 -2.27359 -1 0.00079765 -1.38901e-06 -14.3529 0 0 0 1 
				13
				1.38777e-06 -1.55795e-06 -1 5.1791e-05 -0.00079765 -1 1.55684e-06 -2.27359 -1 0.00079765 -1.38901e-06 -14.3529 0 0 0 1 
				14
				1.38777e-06 -1.55795e-06 -1 5.1791e-05 -0.00079765 -1 1.55684e-06 -2.27359 -1 0.00079765 -1.38901e-06 -14.3529 0 0 0 1 
				15
				1.38777e-06 -1.55795e-06 -1 5.1791e-05 -0.00079765 -1 1.55684e-06 -2.27359 -1 0.00079765 -1.38901e-06 -14.3529 0 0 0 1 
				16
				1.38777e-06 -1.55795e-06 -1 5.1791e-05 -0.00079765 -1 1.55684e-06 -2.27359 -1 0.00079765 -1.38901e-06 -14.3529 0 0 0 1 
				17
				1.38777e-06 -1.55795e-06 -1 5.1791e-05 -0.00079765 -1 1.55684e-06 -2.27359 -1 0.00079765 -1.38901e-06 -14.3529 0 0 0 1 
				18
				1.38777e-06 -1.55795e-06 -1 5.1791e-05 -0.00079765 -1 1.55684e-06 -2.27359 -1 0.00079765 -1.38901e-06 -14.3529 0 0 0 1 
				19
				1.38777e-06 -1.55795e-06 -1 5.1791e-05 -0.00079765 -1 1.55684e-06 -2.27359 -1 0.00079765 -1.38901e-06 -14.3529 0 0 0 1 
				20
				1.37499e-06 -1.74192e-05 -1 5.18285e-05 -0.00079765 -1 1.74181e-05 -2.27319 -1 0.00079765 -1.38889e-06 -14.3522 0 0 0 1 
				21
				1.34396e-06 -5.59401e-05 -1 5.19196e-05 -0.00079765 -1 5.59391e-05 -2.27221 -1 0.00079765 -1.38858e-06 -14.3505 0 0 0 1 
				22
				1.30548e-06 -0.000103702 -1 5.20323e-05 -0.00079765 -1 0.000103701 -2.27099 -1 0.00079765 -1.3882e-06 -14.3485 0 0 0 1 
				23
				1.27059e-06 -0.000147021 -1 5.21347e-05 -0.000797651 -1 0.00014702 -2.2699 -1 0.000797651 -1.38786e-06 -14.3467 0 0 0 1 
				24
				1.25058e-06 -0.000171857 -1 5.21934e-05 -0.000797651 -1 0.000171856 -2.26927 -1 0.000797651 -1.38766e-06 -14.3456 0 0 0 1 
				25
				1.25591e-06 -0.000165237 -1 5.21777e-05 -0.000797651 -1 0.000165236 -2.26944 -1 0.000797651 -1.38771e-06 -14.3459 0 0 0 1 
				26
				1.29804e-06 -0.000112944 -1 5.20541e-05 -0.000797651 -1 0.000112943 -2.27076 -1 0.000797651 -1.38813e-06 -14.3481 0 0 0 1 
				27
				1.38777e-06 -1.55795e-06 -1 5.1791e-05 -0.00079765 -1 1.55684e-06 -2.27359 -1 0.00079765 -1.38901e-06 -14.3529 0 0 0 1 
				28
				1.94926e-06 0.000695447 -1 5.01424e-05 -0.000797642 -0.999999 -0.000695448 -2.29125 -1 0.000797643 -1.39454e-06 -14.3828 0 0 0 1 
				29
				2.93845e-06 0.00192349 -0.999998 4.72383e-05 -0.000797629 -0.999998 -0.00192349 -2.32236 -1 0.000797633 -1.40421e-06 -14.4354 0 0 0 1 
				30
				4.12541e-06 0.00339721 -0.999994 4.37472e-05 -0.000797611 -0.999994 -0.00339721 -2.3597 -1 0.000797621 -1.41573e-06 -14.4986 0 0 0 1 
				31
				4.94604e-06 0.00441621 -0.99999 4.1343e-05 -0.000797598 -0.99999 -0.00441622 -2.38551 -1 0.000797612 -1.42362e-06 -14.5423 0 0 0 1 
				32
				5.32109e-06 0.00488196 -0.999988 4.02191e-05 -0.000797592 -0.999988 -0.00488196 -2.39731 -1 0.000797609 -1.42722e-06 -14.5623 0 0 0 1 
				33
				5.67744e-06 0.00532449 -0.999986 3.91627e-05 -0.000797586 -0.999986 -0.00532449 -2.40852 -1 0.000797605 -1.43062e-06 -14.5813 0 0 0 1 
				34
				5.9861e-06 0.00570783 -0.999984 3.82691e-05 -0.00079758 -0.999983 -0.00570783 -2.41823 -1 0.000797601 -1.43355e-06 -14.5977 0 0 0 1 
				35
				6.21823e-06 0.00599612 -0.999982 3.75726e-05 -0.000797576 -0.999982 -0.00599613 -2.42553 -1 0.000797599 -1.43576e-06 -14.61 0 0 0 1 
				36
				6.34539e-06 0.00615403 -0.999981 3.72093e-05 -0.000797573 -0.999981 -0.00615404 -2.42953 -1 0.000797597 -1.43697e-06 -14.6168 0 0 0 1 
				37
				6.33999e-06 0.00614733 -0.999981 3.72027e-05 -0.000797574 -0.999981 -0.00614734 -2.42936 -1 0.000797597 -1.43692e-06 -14.6165 0 0 0 1 
				38
				6.12097e-06 0.00587533 -0.999983 3.78547e-05 -0.000797578 -0.999982 -0.00587533 -2.42248 -1 0.0007976 -1.43484e-06 -14.6049 0 0 0 1 
				39
				6.54911e-06 0.00640706 -0.999979 3.66133e-05 -0.000797569 -0.999979 -0.00640707 -2.43594 -1 0.000797595 -1.43889e-06 -14.6277 0 0 0 1 
				40
				7.99334e-06 0.00820094 -0.999966 3.23489e-05 -0.000797541 -0.999966 -0.00820094 -2.48139 -1 0.00079758 -1.45249e-06 -14.7046 0 0 0 1 
				41
				8.82256e-06 0.0092309 -0.999957 2.98648e-05 -0.000797528 -0.999957 -0.0092309 -2.50749 -1 0.000797575 -1.46028e-06 -14.7488 0 0 0 1 
				42
				7.22586e-06 0.007247 -0.999974 3.4599e-05 -0.000797573 -0.999974 -0.007247 -2.45722 -1 0.000797605 -1.44566e-06 -14.6637 0 0 0 1 
				43
				1.38777e-06 -1.55795e-06 -1 5.1791e-05 -0.000797649 -1 1.55684e-06 -2.27359 -1 0.000797649 -1.38901e-06 -14.3529 0 0 0 1 
				44
				-1.10744e-05 -0.0154652 -0.99988 8.80878e-05 -0.000797634 -0.99988 0.0154652 -1.88182 -1 0.00079771 -1.26252e-06 -13.6898 0 0 0 1 
				45
				-2.92671e-05 -0.0380094 -0.999277 0.000140132 -0.00079734 -0.999277 0.0380094 -1.3105 -1 0.000797876 -1.06047e-06 -12.7228 0 0 0 1 
				46
				-4.97383e-05 -0.0633365 -0.997992 0.000197548 -0.000796474 -0.997992 0.0633366 -0.668035 -1 0.000798025 -8.07459e-07 -11.6354 0 0 0 1 
				47
				-6.90265e-05 -0.0871571 -0.996195 0.000250672 -0.000795174 -0.996194 0.0871571 -0.0628502 -1 0.000798165 -5.4124e-07 -10.6111 0 0 0 1 
		</Joint>
			5
				-1
				0.996195 0.0871571 2.4103e-06 1.59826 -0.0871571 0.996195 1.67575e-06 -0.205354 -2.25508e-06 -1.87944e-06 1 -10.6111 0 0 0 1 
				0
				0.997974 0.0636195 2.09985e-06 1.60112 -0.0636195 0.997974 1.61807e-06 -0.765601 -1.99265e-06 -1.74838e-06 1 -11.6232 0 0 0 1 
				1
				0.999248 0.0387768 1.80505e-06 1.60318 -0.0387768 0.999248 1.53445e-06 -1.35593 -1.74419e-06 -1.60329e-06 1 -12.6899 0 0 0 1 
				2
				0.999867 0.0163342 1.56516e-06 1.60418 -0.0163342 0.999867 1.41213e-06 -1.8887 -1.54188e-06 -1.43751e-06 1 -13.6525 0 0 0 1 
				3
				1 1.55907e-06 1.40731e-06 1.6044 -1.55907e-06 1 1.36447e-06 -2.27628 -1.40731e-06 -1.36447e-06 1 -14.3529 0 0 0 1 
				4
				0.999983 -0.00578393 1.35419e-06 1.60437 0.00578393 0.999983 1.34077e-06 -2.41356 -1.36193e-06 -1.33291e-06 1 -14.6009 0 0 0 1 
				5
				0.999994 -0.00340728 1.37604e-06 1.60439 0.00340728 0.999994 1.32893e-06 -2.35716 -1.38056e-06 -1.32423e-06 1 -14.499 0 0 0 1 
				6
				1 -0.000296719 1.40454e-06 1.6044 0.000296719 1 1.36161e-06 -2.28335 -1.40495e-06 -1.3612e-06 1 -14.3657 0 0 0 1 
				7
				1 1.55907e-06 1.40731e-06 1.6044 -1.55907e-06 1 1.36447e-06 -2.27628 -1.40731e-06 -1.36447e-06 1 -14.3529 0 0 0 1 
				8
				1 1.55907e-06 1.40731e-06 1.6044 -1.55907e-06 1 1.36447e-06 -2.27628 -1.40731e-06 -1.36447e-06 1 -14.3529 0 0 0 1 
				9
				1 1.55907e-06 1.40731e-06 1.6044 -1.55907e-06 1 1.36447e-06 -2.27628 -1.40731e-06 -1.36447e-06 1 -14.3529 0 0 0 1 
				10
				1 1.55907e-06 1.40731e-06 1.6044 -1.55907e-06 1 1.36447e-06 -2.27628 -1.40731e-06 -1.36447e-06 1 -14.3529 0 0 0 1 
				11
				1 1.55907e-06 1.40731e-06 1.6044 -1.55907e-06 1 1.36447e-06 -2.27628 -1.40731e-06 -1.36447e-06 1 -14.3529 0 0 0 1 
				12
				1 1.55907e-06 1.40731e-06 1.6044 -1.55907e-06 1 1.36447e-06 -2.27628 -1.40731e-06 -1.36447e-06 1 -14.3529 0 0 0 1 
				13
				1 1.55907e-06 1.40731e-06 1.6044 -1.55907e-06 1 1.36447e-06 -2.27628 -1.40731e-06 -1.36447e-06 1 -14.3529 0 0 0 1 
				14
				1 1.55907e-06 1.40731e-06 1.6044 -1.55907e-06 1 1.36447e-06 -2.27628 -1.40731e-06 -1.36447e-06 1 -14.3529 0 0 0 1 
				15
				1 1.55907e-06 1.40731e-06 1.6044 -1.55907e-06 1 1.36447e-06 -2.27628 -1.40731e-06 -1.36447e-06 1 -14.3529 0 0 0 1 
				16
				1 1.55907e-06 1.40731e-06 1.6044 -1.55907e-06 1 1.36447e-06 -2.27628 -1.40731e-06 -1.36447e-06 1 -14.3529 0 0 0 1 
				17
				1 1.55907e-06 1.40731e-06 1.6044 -1.55907e-06 1 1.36447e-06 -2.27628 -1.40731e-06 -1.36447e-06 1 -14.3529 0 0 0 1 
				18
				1 1.55907e-06 1.40731e-06 1.6044 -1.55907e-06 1 1.36447e-06 -2.27628 -1.40731e-06 -1.36447e-06 1 -14.3529 0 0 0 1 
				19
				1 1.55907e-06 1.40731e-06 1.6044 -1.55907e-06 1 1.36447e-06 -2.27628 -1.40731e-06 -1.36447e-06 1 -14.3529 0 0 0 1 
				20
				1 1.74204e-05 1.40746e-06 1.6044 -1.74204e-05 1 1.3646e-06 -2.2759 -1.40743e-06 -1.36462e-06 1 -14.3522 0 0 0 1 
				21
				1 5.59413e-05 1.40782e-06 1.6044 -5.59413e-05 1 1.36491e-06 -2.27498 -1.40774e-06 -1.36499e-06 1 -14.3505 0 0 0 1 
				22
				1 0.000103703 1.40826e-06 1.6044 -0.000103703 1 1.36517e-06 -2.27385 -1.40812e-06 -1.36531e-06 1 -14.3485 0 0 0 1 
				23
				1 0.000147022 1.40866e-06 1.6044 -0.000147022 1 1.36539e-06 -2.27282 -1.40846e-06 -1.3656e-06 1 -14.3466 0 0 0 1 
				24
				1 0.000171858 1.40889e-06 1.6044 -0.000171858 1 1.36585e-06 -2.27223 -1.40866e-06 -1.3661e-06 1 -14.3456 0 0 0 1 
				25
				1 0.000165239 1.40883e-06 1.6044 -0.000165239 1 1.36564e-06 -2.27239 -1.40861e-06 -1.36587e-06 1 -14.3459 0 0 0 1 
				26
				1 0.000112945 1.40835e-06 1.6044 -0.000112945 1 1.36518e-06 -2.27363 -1.40819e-06 -1.36534e-06 1 -14.3481 0 0 0 1 
				27
				1 1.55907e-06 1.40731e-06 1.6044 -1.55907e-06 1 1.36447e-06 -2.27628 -1.40731e-06 -1.36447e-06 1 -14.3529 0 0 0 1 
				28
				1 -0.000695445 1.40083e-06 1.6044 0.000695445 1 1.35943e-06 -2.29282 -1.40178e-06 -1.35845e-06 1 -14.3828 0 0 0 1 
				29
				0.999998 -0.00192349 1.38951e-06 1.6044 0.00192349 0.999998 1.35089e-06 -2.32195 -1.39211e-06 -1.34821e-06 1 -14.4354 0 0 0 1 
				30
				0.999994 -0.00339721 1.37604e-06 1.60439 0.00339721 0.999994 1.34018e-06 -2.35693 -1.38059e-06 -1.33549e-06 1 -14.4986 0 0 0 1 
				31
				0.99999 -0.00441621 1.36682e-06 1.60438 0.00441621 0.99999 1.33332e-06 -2.38111 -1.3727e-06 -1.32727e-06 1 -14.5423 0 0 0 1 
				32
				0.999988 -0.00488196 1.36262e-06 1.60438 0.00488196 0.999988 1.33021e-06 -2.39216 -1.3691e-06 -1.32354e-06 1 -14.5623 0 0 0 1 
				33
				0.999986 -0.00532449 1.35865e-06 1.60438 0.00532449 0.999986 1.32679e-06 -2.40266 -1.3657e-06 -1.31954e-06 1 -14.5813 0 0 0 1 
				34
