<?xml version='1.0' encoding='UTF-8' ?>
<itpanim>
	<skeleton count>
		25
			0 -1
			1.49012e-06 -1 0 8.9233e-07 1 1.49012e-06 0 -1.32968e-12 -0 -0 1 0.519861 0 0 0 1 
			1 0
			1.3868e-06 4.66266e-08 -1 -0.519861 2.87692e-06 -1 -4.66226e-08 8.92332e-07 -1 -2.87692e-06 -1.3868e-06 -7.20941e-07 0 0 0 1 
			2 1
			-0.000202952 -0.000847368 -1 -3.43132 -1.09989e-06 -1 0.000847368 0.00814882 -1 1.27187e-06 0.000202951 0.000696374 0 0 0 1 
			3 2
			-0.000415351 -0.000820232 -1 -10.0137 -8.7309e-07 -1 0.000820233 0.0131185 -1 1.21377e-06 0.00041535 0.00282328 0 0 0 1 
			4 3
			-0.000415351 -0.000820232 -1 -16.5962 -8.7309e-07 -1 0.000820233 0.0151312 -1 1.21377e-06 0.00041535 0.00282327 0 0 0 1 
			5 4
			1.77742e-06 -5.73386e-08 -1 -19.1239 -1.34309e-06 -1 5.73362e-08 -0.000554787 -1 1.34309e-06 -1.77742e-06 -0.00515383 0 0 0 1 
			6 5
			1 -0 0 0 0 1 0 0 -0 -0 1 -0 0 0 0 1 
			7 4
			0.950441 8.96532e-06 0.310904 3.87176 -1.60939e-06 1 -2.39164e-05 9.7312e-05 -0.310904 2.22307e-05 0.950441 16.1956 0 0 0 1 
			8 7
			0.450342 0.0545676 0.891187 10.2024 -0.0156139 0.998459 -0.0532457 -0.684981 -0.89272 0.0100639 0.4505 12.6835 0 0 0 1 
			9 8
			0.449846 -0.0383937 0.892281 3.79173 0.0262762 0.999212 0.0297476 -0.334294 -0.89272 0.0100639 0.4505 12.6835 0 0 0 1 
			10 9
			0.449846 -0.0383937 0.892281 -3.02865 -0.892698 0.0108595 0.450524 12.6833 -0.026987 -0.999204 -0.0293889 0.344393 0 0 0 1 
			11 4
			-0.950183 5.95121e-06 0.311693 3.87712 -1.58218e-06 1 -2.39164e-05 9.73119e-05 -0.311693 -2.32181e-05 -0.950183 -16.1939 0 0 0 1 
			12 11
			-0.450342 0.0545662 0.891187 10.1944 0.0156109 0.998459 -0.0532457 -0.684579 -0.89272 -0.0100665 -0.4505 -12.687 0 0 0 1 
			13 12
			-0.449846 -0.038395 0.892281 3.78374 -0.0262791 0.999212 0.0297476 -0.334634 -0.89272 -0.0100665 -0.4505 -12.687 0 0 0 1 
			14 13
			-0.449846 -0.038395 0.892281 -3.03663 0.892698 0.0108622 0.450524 12.6867 -0.02699 0.999204 0.0293889 -0.344736 0 0 0 1 
			15 2
			1.49061e-06 -0.00120572 0.999999 0.519861 0 -0.999999 -0.00120572 -0.000626867 1 1.79726e-09 -1.49061e-06 -4.26131 0 0 0 1 
			16 15
			1.49061e-06 0.00126001 0.999999 -9.22326 0 -0.999999 0.00126001 -0.0233689 1 -1.87819e-09 -1.49061e-06 -4.26131 0 0 0 1 
			17 16
			1.44469e-06 -2.8878e-13 1 -18.9664 0 -1 -2.8878e-13 0.000529186 1 4.17197e-19 -1.44469e-06 -4.26131 0 0 0 1 
			18 17
			1.43175e-06 -1 -1.58932e-08 -5.5066 0 1.58932e-08 -1 21.2073 1 1.43175e-06 2.27551e-14 -4.26131 0 0 0 1 
			19 18
			1 -0 0 0 0 1 0 0 -0 -0 1 -0 0 0 0 1 
			20 2
			1.49062e-06 -0.00120572 0.999999 0.519861 0 -0.999999 -0.00120572 -0.000626872 1 1.79727e-09 -1.49061e-06 4.26131 0 0 0 1 
			21 20
			1.49061e-06 0.00126 0.999999 -9.22326 0 -0.999999 0.00126 -0.0233689 1 -1.87817e-09 -1.49061e-06 4.26131 0 0 0 1 
			22 21
			1.44469e-06 -2.8878e-13 1 -18.9664 0 -1 -2.8878e-13 0.000528503 1 4.17197e-19 -1.44469e-06 4.26132 0 0 0 1 
			23 22
			1.43175e-06 -1 -1.58932e-08 -5.5066 0 1.58932e-08 -1 21.2073 1 1.43175e-06 2.27551e-14 4.26131 0 0 0 1 
			24 23
			1 -0 0 0 0 1 0 0 -0 -0 1 -0 0 0 0 1 
	</skeleton>
		<animations>
			0
				-1
				0.573578 0.819151 0 -2.08697e-07 -0.819151 0.573578 0 -4.77442 -0 -0 1 3.4614 0 0 0 1 
				0
				0.563311 0.826245 0 0.00423883 -0.826245 0.563311 0 -4.65068 -0 -0 1 3.18385 0 0 0 1 
				1
				0.553318 0.83297 0 0.0158763 -0.83297 0.553318 0 -4.53465 -0 -0 1 2.89018 0 0 0 1 
				2
				0.543522 0.839395 0 0.033184 -0.839395 0.543522 0 -4.42452 -0 -0 1 2.58416 0 0 0 1 
				3
				0.533846 0.845581 0 0.0544336 -0.845581 0.533846 0 -4.3185 -0 -0 1 2.26956 0 0 0 1 
				4
				0.524213 0.851587 0 0.0779513 -0.851587 0.524213 0 -4.21484 -0 -0 1 1.95001 0 0 0 1 
				5
				0.514543 0.857465 0 0.102063 -0.857465 0.514543 0 -4.11179 -0 -0 1 1.62917 0 0 0 1 
				6
				0.504749 0.863266 0 0.125041 -0.863266 0.504749 0 -4.00757 -0 -0 1 1.31079 0 0 0 1 
				7
				0.494744 0.869039 0 0.145157 -0.869039 0.494744 0 -3.90037 -0 -0 1 0.998659 0 0 0 1 
				8
				0.484441 0.874824 0 0.160736 -0.874824 0.484441 0 -3.78844 -0 -0 1 0.696404 0 0 0 1 
				9
				0.473751 0.880659 0 0.170105 -0.880659 0.473751 0 -3.67004 -0 -0 1 0.407681 0 0 0 1 
				10
				0.46258 0.886578 0 0.171537 -0.886578 0.46258 0 -3.54338 -0 -0 1 0.136246 0 0 0 1 
				11
				0.45083 0.89261 0 0.163301 -0.89261 0.45083 0 -3.40666 -0 -0 1 -0.114134 0 0 0 1 
				12
				0.438406 0.898777 0 0.143726 -0.898777 0.438406 0 -3.25812 -0 -0 1 -0.339808 0 0 0 1 
				13
				0.42521 0.905095 0 0.111136 -0.905095 0.42521 0 -3.09603 -0 -0 1 -0.53713 0 0 0 1 
				14
				0.411137 0.911574 0 0.0638031 -0.911574 0.411137 0 -2.9186 -0 -0 1 -0.702341 0 0 0 1 
				15
				0.396081 0.918216 0 -1.1907e-07 -0.918216 0.396081 0 -2.72401 -0 -0 1 -0.831673 0 0 0 1 
				16
				0.37733 0.926079 0 -0.130142 -0.926079 0.37733 0 -2.45864 -0 -0 1 -0.842993 0 0 0 1 
				17
				0.353315 0.935504 0 -0.35382 -0.935504 0.353315 0 -2.09342 -0 -0 1 -0.689045 0 0 0 1 
				18
				0.325807 0.945436 0 -0.636467 -0.945436 0.325807 0 -1.66581 -0 -0 1 -0.421881 0 0 0 1 
				19
				0.296659 0.954984 0 -0.943519 -0.954984 0.296659 0 -1.21331 -0 -0 1 -0.0935669 0 0 0 1 
				20
				0.267742 0.96349 0 -1.2415 -0.96349 0.267742 0 -0.772197 -0 -0 1 0.245476 0 0 0 1 
				21
				0.240997 0.970526 0 -1.49693 -0.970526 0.240997 0 -0.378783 -0 -0 1 0.544827 0 0 0 1 
				22
				0.218468 0.975844 0 -1.67525 -0.975844 0.218468 0 -0.0705435 -0 -0 1 0.75243 0 0 0 1 
				23
				0.202219 0.97934 0 -1.74188 -0.97934 0.202219 0 0.115042 -0 -0 1 0.816223 0 0 0 1 
				24
				0.190079 0.981769 0 -1.73597 -0.981769 0.190079 0 0.221009 -0 -0 1 0.785587 0 0 0 1 
				25
				0.178563 0.983929 0 -1.7187 -0.983929 0.178563 0 0.314342 -0 -0 1 0.74295 0 0 0 1 
				26
				0.167632 0.98585 0 -1.69084 -0.98585 0.167632 0 0.395895 -0 -0 1 0.68911 0 0 0 1 
				27
				0.157247 0.987559 0 -1.65317 -0.987559 0.157247 0 0.466523 -0 -0 1 0.624882 0 0 0 1 
				28
				0.147369 0.989082 0 -1.60643 -0.989082 0.147369 0 0.527054 -0 -0 1 0.551058 0 0 0 1 
				29
				0.137959 0.990438 0 -1.55136 -0.990438 0.137959 0 0.578316 -0 -0 1 0.468422 0 0 0 1 
				30
				0.128975 0.991648 0 -1.48873 -0.991648 0.128975 0 0.621164 -0 -0 1 0.377789 0 0 0 1 
				31
				0.120374 0.992729 0 -1.41931 -0.992729 0.120374 0 0.656452 -0 -0 1 0.279968 0 0 0 1 
				32
				0.112115 0.993695 0 -1.34384 -0.993695 0.112115 0 0.685009 -0 -0 1 0.175749 0 0 0 1 
				33
				0.104157 0.994561 0 -1.26307 -0.994561 0.104157 0 0.707663 -0 -0 1 0.065918 0 0 0 1 
				34
				0.0964557 0.995337 0 -1.17775 -0.995337 0.0964557 0 0.725268 -0 -0 1 -0.0487099 0 0 0 1 
				35
				0.0889682 0.996035 0 -1.08868 -0.996035 0.0889682 0 0.738679 -0 -0 1 -0.167328 0 0 0 1 
				36
				0.0816518 0.996661 0 -0.996573 -0.996661 0.0816518 0 0.748725 -0 -0 1 -0.289141 0 0 0 1 
				37
				0.0744641 0.997224 0 -0.90219 -0.997224 0.0744641 0 0.756233 -0 -0 1 -0.41337 0 0 0 1 
				38
				0.0673608 0.997729 0 -0.806295 -0.997729 0.0673608 0 0.762058 -0 -0 1 -0.539198 0 0 0 1 
				39
				0.0602972 0.99818 0 -0.709655 -0.99818 0.0602972 0 0.767055 -0 -0 1 -0.665813 0 0 0 1 
				40
				0.0532306 0.998582 0 -0.613016 -0.998582 0.0532306 0 0.772053 -0 -0 1 -0.792427 0 0 0 1 
				41
				0.0461181 0.998936 0 -0.517121 -0.998936 0.0461181 0 0.777878 -0 -0 1 -0.918255 0 0 0 1 
				42
				0.0389148 0.999243 0 -0.422738 -0.999243 0.0389148 0 0.785386 -0 -0 1 -1.04248 0 0 0 1 
				43
				0.0315765 0.999501 0 -0.330635 -0.999501 0.0315765 0 0.795432 -0 -0 1 -1.1643 0 0 0 1 
				44
				0.0240593 0.999711 0 -0.241556 -0.999711 0.0240593 0 0.808843 -0 -0 1 -1.28292 0 0 0 1 
				45
				0.016321 0.999867 0 -0.156245 -0.999867 0.016321 0 0.826448 -0 -0 1 -1.39755 0 0 0 1 
				46
				0.00831642 0.999965 0 -0.0754703 -0.999965 0.00831642 0 0.849102 -0 -0 1 -1.50738 0 0 0 1 
				47
				1.46474e-06 1 0 3.83637e-08 -1 1.46474e-06 0 0.877659 -0 -0 1 -1.6116 0 0 0 1 
		</Joint>
			1
				-1
				1.33158e-06 0.573579 -0.819151 -2.08697e-07 0 -0.819151 -0.573579 -4.77442 -1 7.63766e-07 -1.09077e-06 3.4614 0 0 0 1 
				0
				1.33158e-06 0.563313 -0.826244 0.00423883 0 -0.826244 -0.563313 -4.65068 -1 7.50096e-07 -1.10021e-06 3.18385 0 0 0 1 
				1
				1.33158e-06 0.553319 -0.83297 0.0158763 0 -0.83297 -0.553319 -4.53465 -1 7.36789e-07 -1.10917e-06 2.89018 0 0 0 1 
				2
				1.33158e-06 0.543523 -0.839394 0.033184 0 -0.839394 -0.543523 -4.42452 -1 7.23745e-07 -1.11772e-06 2.58416 0 0 0 1 
				3
				1.33158e-06 0.533847 -0.845581 0.0544336 0 -0.845581 -0.533847 -4.3185 -1 7.10861e-07 -1.12596e-06 2.26956 0 0 0 1 
				4
				1.33158e-06 0.524215 -0.851586 0.0779513 0 -0.851586 -0.524215 -4.21484 -1 6.98034e-07 -1.13396e-06 1.95001 0 0 0 1 
				5
				1.33158e-06 0.514544 -0.857464 0.102063 0 -0.857464 -0.514544 -4.11179 -1 6.85156e-07 -1.14178e-06 1.62917 0 0 0 1 
				6
				1.33158e-06 0.50475 -0.863266 0.125041 0 -0.863266 -0.50475 -4.00757 -1 6.72115e-07 -1.14951e-06 1.31079 0 0 0 1 
				7
				1.33158e-06 0.494745 -0.869038 0.145157 0 -0.869038 -0.494745 -3.90037 -1 6.58793e-07 -1.15719e-06 0.998659 0 0 0 1 
				8
				1.33158e-06 0.484443 -0.874823 0.160736 0 -0.874823 -0.484443 -3.78844 -1 6.45075e-07 -1.1649e-06 0.696404 0 0 0 1 
				9
				1.33158e-06 0.473753 -0.880658 0.170105 0 -0.880658 -0.473753 -3.67004 -1 6.3084e-07 -1.17267e-06 0.407681 0 0 0 1 
				10
				1.33158e-06 0.462581 -0.886577 0.171537 0 -0.886577 -0.462581 -3.54338 -1 6.15964e-07 -1.18055e-06 0.136246 0 0 0 1 
				11
				1.33158e-06 0.450832 -0.892609 0.163301 0 -0.892609 -0.450832 -3.40666 -1 6.00319e-07 -1.18858e-06 -0.114134 0 0 0 1 
				12
				1.33158e-06 0.438408 -0.898776 0.143726 0 -0.898776 -0.438408 -3.25812 -1 5.83775e-07 -1.19679e-06 -0.339808 0 0 0 1 
				13
				1.33158e-06 0.425211 -0.905094 0.111136 0 -0.905094 -0.425211 -3.09603 -1 5.66203e-07 -1.20521e-06 -0.53713 0 0 0 1 
				14
				1.33158e-06 0.411138 -0.911573 0.0638031 0 -0.911573 -0.411138 -2.9186 -1 5.47463e-07 -1.21383e-06 -0.702341 0 0 0 1 
				15
				1.33158e-06 0.396083 -0.918215 -1.1907e-07 0 -0.918215 -0.396083 -2.72401 -1 5.27416e-07 -1.22268e-06 -0.831673 0 0 0 1 
				16
				1.33158e-06 0.377332 -0.926078 -0.130142 0 -0.926078 -0.377332 -2.45864 -1 5.02447e-07 -1.23315e-06 -0.842993 0 0 0 1 
				17
				1.33158e-06 0.353316 -0.935504 -0.35382 0 -0.935504 -0.353316 -2.09342 -1 4.70469e-07 -1.2457e-06 -0.689045 0 0 0 1 
				18
				1.33158e-06 0.325808 -0.945436 -0.636467 0 -0.945436 -0.325808 -1.66581 -1 4.3384e-07 -1.25892e-06 -0.421881 0 0 0 1 
				19
				1.33158e-06 0.29666 -0.954983 -0.943519 0 -0.954983 -0.29666 -1.21331 -1 3.95027e-07 -1.27164e-06 -0.0935669 0 0 0 1 
				20
				1.33158e-06 0.267744 -0.96349 -1.2415 0 -0.96349 -0.267744 -0.772197 -1 3.56522e-07 -1.28296e-06 0.245476 0 0 0 1 
				21
				1.33158e-06 0.240998 -0.970525 -1.49693 0 -0.970525 -0.240998 -0.378783 -1 3.20909e-07 -1.29233e-06 0.544827 0 0 0 1 
				22
				1.33158e-06 0.218469 -0.975844 -1.67525 0 -0.975844 -0.218469 -0.0705435 -1 2.9091e-07 -1.29941e-06 0.75243 0 0 0 1 
				23
				1.33158e-06 0.20222 -0.97934 -1.74188 0 -0.97934 -0.20222 0.115042 -1 2.69273e-07 -1.30407e-06 0.816223 0 0 0 1 
				24
				1.33158e-06 0.19008 -0.981769 -1.73597 0 -0.981769 -0.19008 0.221009 -1 2.53107e-07 -1.3073e-06 0.785587 0 0 0 1 
				25
				1.33158e-06 0.178564 -0.983928 -1.7187 0 -0.983928 -0.178564 0.314342 -1 2.37772e-07 -1.31018e-06 0.74295 0 0 0 1 
				26
				1.33158e-06 0.167633 -0.985849 -1.69084 0 -0.985849 -0.167633 0.395895 -1 2.23217e-07 -1.31274e-06 0.68911 0 0 0 1 
				27
				1.33158e-06 0.157248 -0.987559 -1.65317 0 -0.987559 -0.157248 0.466523 -1 2.09389e-07 -1.31501e-06 0.624882 0 0 0 1 
				28
				1.33158e-06 0.147371 -0.989081 -1.60643 0 -0.989081 -0.147371 0.527054 -1 1.96236e-07 -1.31704e-06 0.551058 0 0 0 1 
				29
				1.33158e-06 0.137961 -0.990438 -1.55136 0 -0.990438 -0.137961 0.578316 -1 1.83706e-07 -1.31885e-06 0.468422 0 0 0 1 
				30
				1.33158e-06 0.128976 -0.991648 -1.48873 0 -0.991648 -0.128976 0.621164 -1 1.71742e-07 -1.32046e-06 0.377789 0 0 0 1 
				31
				1.33158e-06 0.120375 -0.992729 -1.41931 0 -0.992729 -0.120375 0.656452 -1 1.60289e-07 -1.3219e-06 0.279968 0 0 0 1 
				32
				1.33158e-06 0.112116 -0.993695 -1.34384 0 -0.993695 -0.112116 0.685009 -1 1.49292e-07 -1.32319e-06 0.175749 0 0 0 1 
				33
				1.33158e-06 0.104158 -0.994561 -1.26307 0 -0.994561 -0.104158 0.707663 -1 1.38695e-07 -1.32434e-06 0.065918 0 0 0 1 
				34
				1.33158e-06 0.096457 -0.995337 -1.17775 0 -0.995337 -0.096457 0.725268 -1 1.2844e-07 -1.32537e-06 -0.0487099 0 0 0 1 
				35
				1.33158e-06 0.0889695 -0.996034 -1.08868 0 -0.996034 -0.0889695 0.738679 -1 1.1847e-07 -1.3263e-06 -0.167328 0 0 0 1 
				36
				1.33158e-06 0.0816531 -0.996661 -0.996573 0 -0.996661 -0.0816531 0.748725 -1 1.08728e-07 -1.32713e-06 -0.289141 0 0 0 1 
				37
				1.33158e-06 0.0744654 -0.997224 -0.90219 0 -0.997224 -0.0744654 0.756233 -1 9.91567e-08 -1.32788e-06 -0.41337 0 0 0 1 
				38
				1.33158e-06 0.0673621 -0.997729 -0.806295 0 -0.997729 -0.0673621 0.762058 -1 8.9698e-08 -1.32856e-06 -0.539198 0 0 0 1 
				39
				1.33158e-06 0.0602985 -0.99818 -0.709655 0 -0.99818 -0.0602985 0.767055 -1 8.02923e-08 -1.32916e-06 -0.665813 0 0 0 1 
				40
				1.33158e-06 0.0532319 -0.998582 -0.613016 0 -0.998582 -0.0532319 0.772053 -1 7.08826e-08 -1.32969e-06 -0.792427 0 0 0 1 
				41
				1.33158e-06 0.0461194 -0.998936 -0.517121 0 -0.998936 -0.0461194 0.777878 -1 6.14117e-08 -1.33016e-06 -0.918255 0 0 0 1 
				42
				1.33158e-06 0.0389161 -0.999242 -0.422738 0 -0.999242 -0.0389161 0.785386 -1 5.182e-08 -1.33057e-06 -1.04248 0 0 0 1 
				43
				1.33158e-06 0.0315778 -0.999501 -0.330635 0 -0.999501 -0.0315778 0.795432 -1 4.20485e-08 -1.33092e-06 -1.1643 0 0 0 1 
				44
				1.33158e-06 0.0240607 -0.999711 -0.241556 0 -0.999711 -0.0240607 0.808843 -1 3.20387e-08 -1.3312e-06 -1.28292 0 0 0 1 
				45
				1.33158e-06 0.0163223 -0.999867 -0.156245 0 -0.999867 -0.0163223 0.826448 -1 2.17345e-08 -1.3314e-06 -1.39755 0 0 0 1 
				46
				1.33158e-06 0.00831776 -0.999965 -0.0754703 0 -0.999965 -0.00831776 0.849102 -1 1.10758e-08 -1.33153e-06 -1.50738 0 0 0 1 
				47
				1.33158e-06 2.79632e-06 -1 3.83637e-08 0 -1 -2.79632e-06 0.877659 -1 3.72352e-12 -1.33158e-06 -1.6116 0 0 0 1 
		</Joint>
			2
				-1
				0.100159 0.698444 -0.708621 -0.00365546 -0.142798 -0.694739 -0.704945 -4.77078 -0.984671 0.171796 0.0301521 0.549044 0 0 0 1 
				0
				0.0902525 0.700587 -0.707837 0.000572004 -0.133412 -0.695827 -0.70571 -4.64704 -0.986943 0.158126 0.0306667 0.271566 0 0 0 1 
				1
				0.0798384 0.705035 -0.704664 0.0121862 -0.122494 -0.694624 -0.708867 -4.53101 -0.989253 0.142912 0.0309046 -0.0220208 0 0 0 1 
				2
				0.0690079 0.711155 -0.69964 0.0294619 -0.110404 -0.69156 -0.713831 -4.4209 -0.991488 0.126503 0.0307916 -0.327958 0 0 0 1 
				3
				0.0578639 0.718321 -0.693301 0.050674 -0.0974998 -0.687079 -0.720012 -4.3149 -0.993552 0.109259 0.0302791 -0.642471 0 0 0 1 
				4
				0.0465245 0.725948 -0.686174 0.0741517 -0.0841133 -0.681631 -0.726845 -4.21127 -0.995369 0.0915325 0.0293493 -0.961924 0 0 0 1 
				5
				0.0351295 0.733479 -0.678804 0.098224 -0.0705657 -0.675707 -0.733785 -4.10825 -0.996888 0.0736778 0.0280212 -1.28267 0 0 0 1 
				6
				0.0238475 0.740375 -0.671771 0.121166 -0.0571732 -0.669853 -0.74029 -4.00406 -0.998079 0.0560614 0.0263552 -1.60095 0 0 0 1 
				7
				0.0128718 0.746132 -0.665674 0.141251 -0.0442342 -0.664653 -0.745842 -3.89688 -0.998938 0.0390459 0.0244493 -1.913 0 0 0 1 
				8
				0.00240755 0.750293 -0.661101 0.156809 -0.0320231 -0.660707 -0.749961 -3.78498 -0.999484 0.0229761 0.022436 -2.21517 0 0 0 1 
				9
				-0.00732756 0.752419 -0.658644 0.166167 -0.0208016 -0.658634 -0.752176 -3.66659 -0.999757 0.00818922 0.0204777 -2.50382 0 0 0 1 
				10
				-0.0161032 0.752058 -0.6589 0.1676 -0.0108311 -0.659078 -0.751997 -3.53993 -0.999812 -0.00497294 0.0187588 -2.77518 0 0 0 1 
				11
				-0.0236938 0.748739 -0.662441 0.159382 -0.00237128 -0.662667 -0.74891 -3.40319 -0.999717 -0.0161737 0.0174766 -3.0255 0 0 0 1 
				12
				-0.0298997 0.741961 -0.669776 0.139842 0.00431793 -0.669973 -0.742372 -3.25461 -0.999544 -0.0250887 0.0168282 -3.25113 0 0 0 1 
				13
				-0.0345516 0.731147 -0.681344 0.107309 0.00895893 -0.681497 -0.731766 -3.09247 -0.999363 -0.0313878 0.0169965 -3.44842 0 0 0 1 
				14
				-0.037522 0.715599 -0.697503 0.0600576 0.0112369 -0.697648 -0.716352 -2.91494 -0.999233 -0.0347167 0.0181361 -3.61361 0 0 0 1 
				15
				-0.0387548 0.694476 -0.718472 -0.00363483 0.0107951 -0.718679 -0.695258 -2.72024 -0.99919 -0.0347006 0.0203554 -3.74295 0 0 0 1 
				16
				-0.0348489 0.65256 -0.756935 -0.133557 -7.88916e-05 -0.757397 -0.652955 -2.45468 -0.999393 -0.022695 0.0264459 -3.75433 0 0 0 1 
				17
				-0.0259347 0.577756 -0.815797 -0.356843 -0.0265298 -0.816182 -0.577185 -2.08914 -0.999312 0.00667379 0.0364951 -3.60053 0 0 0 1 
				18
				-0.0177312 0.47558 -0.879494 -0.638955 -0.0643882 -0.878349 -0.473663 -1.66121 -0.997767 0.0482305 0.0461959 -3.33359 0 0 0 1 
				19
				-0.0146435 0.355357 -0.934616 -0.945377 -0.108316 -0.929779 -0.351821 -1.20844 -0.994009 0.0960823 0.0521062 -3.00553 0 0 0 1 
				20
				-0.0183585 0.230198 -0.97297 -1.2427 -0.152174 -0.962441 -0.224836 -0.767155 -0.988183 0.143933 0.0526991 -2.66673 0 0 0 1 
				21
				-0.027495 0.11554 -0.992922 -1.49753 -0.189755 -0.97584 -0.108298 -0.373671 -0.981446 0.185434 0.048755 -2.3676 0 0 0 1 
				22
				-0.0380071 0.0271085 -0.99891 -1.67538 -0.215505 -0.976331 -0.0182961 -0.0654298 -0.975763 0.214574 0.0429495 -2.16015 0 0 0 1 
				23
				-0.0446762 -0.0209206 -0.998783 -1.74177 -0.224889 -0.973909 0.030459 0.120143 -0.97336 0.225976 0.0388057 -2.09642 0 0 0 1 
				24
				-0.0475227 -0.0426447 -0.997959 -1.73574 -0.224016 -0.973184 0.0522536 0.226107 -0.973426 0.226042 0.0366952 -2.12705 0 0 0 1 
				25
				-0.0496484 -0.0605266 -0.996931 -1.71837 -0.221682 -0.972597 0.0700893 0.319436 -0.973854 0.224482 0.0348702 -2.16968 0 0 0 1 
				26
				-0.0510488 -0.0748363 -0.995888 -1.69045 -0.218011 -0.972304 0.0842392 0.400988 -0.97461 0.221415 0.0333199 -2.22351 0 0 0 1 
				27
				-0.0517423 -0.0858436 -0.994964 -1.65272 -0.213116 -0.972399 0.0949797 0.471616 -0.975656 0.216957 0.0320195 -2.28771 0 0 0 1 
				28
				-0.0517618 -0.093805 -0.994244 -1.60594 -0.2071 -0.972927 0.102576 0.53215 -0.97695 0.211217 0.0309335 -2.3615 0 0 0 1 
				29
				-0.0511535 -0.0989733 -0.993774 -1.55084 -0.200057 -0.973892 0.107291 0.583417 -0.978448 0.2043 0.0300177 -2.4441 0 0 0 1 
				30
				-0.0499759 -0.101605 -0.993569 -1.4882 -0.19208 -0.975263 0.109394 0.626271 -0.980106 0.196312 0.0292234 -2.53469 0 0 0 1 
				31
				-0.0482942 -0.101952 -0.993617 -1.41877 -0.183258 -0.976987 0.109153 0.661569 -0.981878 0.187359 0.0284993 -2.63247 0 0 0 1 
				32
				-0.0461753 -0.100258 -0.99389 -1.34331 -0.173673 -0.978993 0.106824 0.690136 -0.98372 0.177545 0.0277932 -2.73664 0 0 0 1 
				33
				-0.0436877 -0.0967625 -0.994348 -1.26255 -0.16341 -0.981202 0.102663 0.712802 -0.98559 0.166972 0.0270545 -2.84641 0 0 0 1 
				34
				-0.0409021 -0.0917164 -0.994945 -1.17727 -0.152554 -0.98353 0.0969357 0.730419 -0.987448 0.155748 0.0262367 -2.96098 0 0 0 1 
				35
				-0.0378869 -0.0853699 -0.995629 -1.08822 -0.141194 -0.985891 0.0899078 0.743842 -0.989257 0.143983 0.0252986 -3.07954 0 0 0 1 
				36
				-0.0347041 -0.0779666 -0.996352 -0.99616 -0.129417 -0.988207 0.0818371 0.7539 -0.990983 0.131785 0.0242046 -3.20129 0 0 0 1 
				37
				-0.0314111 -0.0697528 -0.99707 -0.90182 -0.117314 -0.990409 0.0729827 0.76142 -0.992598 0.119263 0.0229268 -3.32545 0 0 0 1 
				38
				-0.0280605 -0.0609857 -0.997744 -0.805971 -0.104982 -0.992437 0.0636139 0.767256 -0.994078 0.10653 0.0214459 -3.45121 0 0 0 1 
				39
				-0.0246977 -0.0519252 -0.998346 -0.709379 -0.0925204 -0.994245 0.0540008 0.772262 -0.995404 0.093701 0.0197514 -3.57776 0 0 0 1 
				40
				-0.0213591 -0.042825 -0.998854 -0.612787 -0.08003 -0.995803 0.0444055 0.777268 -0.996564 0.0808867 0.0178422 -3.7043 0 0 0 1 
				41
				-0.0180734 -0.0339405 -0.99926 -0.516939 -0.0676135 -0.997094 0.0350899 0.783099 -0.997548 0.0681977 0.015726 -3.83007 0 0 0 1 
				42
				-0.0148624 -0.0255383 -0.999563 -0.4226 -0.0553802 -0.998118 0.0263248 0.790613 -0.998355 0.0557473 0.0134201 -3.95423 0 0 0 1 
				43
				-0.0117399 -0.017885 -0.999771 -0.330537 -0.0434413 -0.998887 0.0183793 0.800662 -0.998987 0.0436471 0.0109499 -4.07598 0 0 0 1 
				44
				-0.00871304 -0.0112411 -0.999899 -0.241493 -0.031906 -0.999425 0.0115138 0.814077 -0.999453 0.0320031 0.00834937 -4.19454 0 0 0 1 
				45
				-0.0057833 -0.00586597 -0.999966 -0.15621 -0.0208853 -0.999764 0.00598558 0.831684 -0.999765 0.0209192 0.00565942 -4.30911 0 0 0 1 
				46
				-0.00294796 -0.00202958 -0.999994 -0.0754557 -0.0104942 -0.999943 0.00206042 0.854338 -0.999941 0.0105002 0.0029265 -4.41889 0 0 0 1 
				47
				-0.000201565 -1.14914e-06 -1 4.06784e-06 -0.0008487 -0.999999 1.32021e-06 0.882895 -1 0.0008487 0.000201564 -4.52305 0 0 0 1 
		</Joint>
			3
				-1
				0.220011 0.783304 -0.581404 0.651526 -0.261163 -0.526954 -0.808773 -5.70797 -0.939888 0.32978 0.0886339 -5.93421 0 0 0 1 
				0
				0.200966 0.797444 -0.568943 0.590472 -0.243629 -0.521857 -0.817503 -5.52248 -0.948819 0.302901 0.0894048 -6.2265 0 0 0 1 
				1
				0.180617 0.814702 -0.551034 0.533445 -0.223108 -0.511707 -0.829686 -5.33463 -0.957915 0.272796 0.0893438 -6.53513 0 0 0 1 
				2
				0.158986 0.833762 -0.528739 0.479331 -0.200444 -0.497138 -0.844201 -5.14502 -0.966719 0.240199 0.0880844 -6.85562 0 0 0 1 
				3
				0.136173 0.853386 -0.50318 0.427086 -0.176453 -0.478897 -0.859955 -4.95417 -0.974844 0.20589 0.08537 -7.18353 0 0 0 1 
				4
				0.11237 0.872497 -0.475523 0.375823 -0.151891 -0.457848 -0.875959 -4.76254 -0.981989 0.170659 0.0810755 -7.51477 0 0 0 1 
				5
				0.0878779 0.890192 -0.447031 0.324795 -0.127453 -0.435031 -0.891349 -4.57047 -0.987944 0.135305 0.0752281 -7.84532 0 0 0 1 
				6
				0.0631098 0.905751 -0.419085 0.273393 -0.103781 -0.41169 -0.905396 -4.37824 -0.992596 0.100632 0.068018 -8.17126 0 0 0 1 
				7
				0.0385753 0.918673 -0.393132 0.221164 -0.0814223 -0.389227 -0.917536 -4.18601 -0.995933 0.067404 0.0597859 -8.48879 0 0 0 1 
				8
				0.0148381 0.928671 -0.370607 0.167789 -0.0608164 -0.369124 -0.927388 -3.99383 -0.998039 0.0362997 0.0510013 -8.79439 0 0 0 1 
				9
				-0.00749614 0.935612 -0.352951 0.11303 -0.0423181 -0.352942 -0.934688 -3.80167 -0.999076 0.00792967 0.042239 -9.08468 0 0 0 1 
				10
				-0.0277893 0.939426 -0.341623 0.0566781 -0.0262276 -0.342322 -0.939217 -3.60943 -0.99927 -0.0171403 0.0341518 -9.35627 0 0 0 1 
				11
				-0.0454164 0.940038 -0.338032 -0.00150774 -0.0128069 -0.338901 -0.940735 -3.41702 -0.998886 -0.0383956 0.0274307 -9.60586 0 0 0 1 
				12
				-0.0598143 0.937254 -0.343479 -0.0618827 -0.00231338 -0.344224 -0.938885 -3.22439 -0.998207 -0.0553642 0.0227578 -9.83026 0 0 0 1 
				13
				-0.070495 0.930611 -0.359157 -0.125003 0.00493703 -0.359723 -0.933046 -3.03161 -0.9975 -0.0675482 0.0207642 -10.0263 0 0 0 1 
				14
				-0.0770682 0.919208 -0.386156 -0.191746 0.00849881 -0.386688 -0.922171 -2.83895 -0.99699 -0.0743519 0.0219891 -10.1906 0 0 0 1 
				15
				-0.0793162 0.90156 -0.425323 -0.263461 0.00774504 -0.426097 -0.904645 -2.64695 -0.99682 -0.0750471 0.0268137 -10.3196 0 0 0 1 
				16
				-0.0683325 0.858673 -0.507948 -0.367448 -0.0106643 -0.509737 -0.860264 -2.45252 -0.997606 -0.0533671 0.0439888 -10.3325 0 0 0 1 
				17
				-0.0447725 0.764919 -0.642569 -0.531565 -0.0580544 -0.644119 -0.762719 -2.2604 -0.997309 0.00315512 0.0732456 -10.1784 0 0 0 1 
				18
				-0.0250609 0.613245 -0.789495 -0.758883 -0.129822 -0.785052 -0.605673 -2.08093 -0.99122 0.0873156 0.0992871 -9.90177 0 0 0 1 
				19
				-0.0227258 0.413796 -0.910086 -1.04394 -0.215304 -0.890986 -0.399735 -1.91675 -0.976283 0.186861 0.10934 -9.54949 0 0 0 1 
				20
				-0.0425574 0.195387 -0.979802 -1.36457 -0.299155 -0.938188 -0.174095 -1.76391 -0.953255 0.285704 0.0983778 -9.17287 0 0 0 1 
				21
				-0.0784695 -0.00442972 -0.996907 -1.67849 -0.366589 -0.929798 0.0329868 -1.61784 -0.927068 0.368043 0.0713369 -8.82983 0 0 0 1 
				22
				-0.115716 -0.152518 -0.981503 -1.92476 -0.408313 -0.893487 0.18698 -1.47929 -0.905478 0.422397 0.0411159 -8.58525 0 0 0 1 
				23
				-0.137018 -0.226971 -0.964215 -2.03466 -0.421159 -0.867686 0.264096 -1.35562 -0.896578 0.442274 0.0232978 -8.5058 0 0 0 1 
				24
				-0.144284 -0.256084 -0.955826 -2.04721 -0.417924 -0.859787 0.293439 -1.24396 -0.896951 0.441801 0.0170301 -8.53687 0 0 0 1 
				25
				-0.149141 -0.278676 -0.948734 -2.04372 -0.412485 -0.854464 0.315828 -1.13529 -0.898673 0.438441 0.0124858 -8.5823 0 0 0 1 
				26
				-0.151662 -0.295335 -0.943279 -2.02492 -0.405083 -0.851924 0.331862 -1.02959 -0.901613 0.432438 0.00956926 -8.64107 0 0 0 1 
				27
				-0.151977 -0.306589 -0.939631 -1.9917 -0.395903 -0.852193 0.342093 -0.926736 -0.905629 0.423993 0.0081343 -8.71212 0 0 0 1 
				28
				-0.150249 -0.312894 -0.937829 -1.94501 -0.385077 -0.855162 0.347006 -0.826585 -0.910572 0.413273 0.00799918 -8.79436 0 0 0 1 
				29
				-0.14667 -0.314657 -0.937805 -1.8859 -0.372701 -0.860612 0.347046 -0.728931 -0.916287 0.400422 0.0089534 -8.88676 0 0 0 1 
				30
				-0.141461 -0.312258 -0.939406 -1.81552 -0.358852 -0.868231 0.342637 -0.633529 -0.922613 0.385578 0.0107665 -8.98819 0 0 0 1 
				31
				-0.134855 -0.30605 -0.942416 -1.73506 -0.343593 -0.877648 0.334184 -0.54011 -0.929386 0.368874 0.0131987 -9.09754 0 0 0 1 
				32
				-0.127089 -0.296362 -0.946582 -1.6457 -0.326979 -0.888459 0.322065 -0.448397 -0.936447 0.350443 0.0160095 -9.21374 0 0 0 1 
				33
				-0.118401 -0.283517 -0.95163 -1.54864 -0.309069 -0.900242 0.306661 -0.358113 -0.943641 0.330428 0.0189629 -9.33572 0 0 0 1 
				34
				-0.109031 -0.267861 -0.957268 -1.4451 -0.28994 -0.912565 0.288376 -0.268975 -0.950814 0.308992 0.0218343 -9.4624 0 0 0 1 
				35
				-0.0992127 -0.249756 -0.963213 -1.3363 -0.269684 -0.925011 0.267629 -0.180708 -0.957824 0.286315 0.0244177 -9.59274 0 0 0 1 
				36
				-0.0891591 -0.229572 -0.969199 -1.22339 -0.248411 -0.937199 0.244845 -0.0930668 -0.964543 0.26259 0.0265315 -9.72573 0 0 0 1 
				37
				-0.0790658 -0.207704 -0.974991 -1.10749 -0.226256 -0.948789 0.22047 -0.00581949 -0.970854 0.238029 0.0280226 -9.8604 0 0 0 1 
				38
				-0.0691111 -0.184584 -0.980384 -0.989709 -0.20338 -0.959488 0.194987 0.0812494 -0.976658 0.212866 0.0287705 -9.99577 0 0 0 1 
				39
				-0.0594462 -0.160674 -0.985216 -0.871108 -0.17997 -0.969064 0.168899 0.168333 -0.981874 0.187349 0.0286907 -10.1309 0 0 0 1 
				40
				-0.0501892 -0.13644 -0.989376 -0.752667 -0.156227 -0.977358 0.142707 0.255599 -0.986445 0.16173 0.0277372 -10.265 0 0 0 1 
				41
				-0.0414278 -0.112365 -0.992803 -0.635317 -0.132372 -0.98428 0.116924 0.343198 -0.990334 0.136263 0.0259027 -10.3971 0 0 0 1 
				42
				-0.0332206 -0.0889608 -0.995481 -0.519964 -0.108645 -0.989807 0.0920794 0.431265 -0.993525 0.111213 0.0232169 -10.5264 0 0 0 1 
				43
				-0.0255933 -0.066748 -0.997442 -0.407464 -0.0852981 -0.993984 0.0687052 0.519924 -0.996027 0.0868382 0.0197458 -10.6522 0 0 0 1 
				44
				-0.0185405 -0.0462344 -0.998759 -0.298603 -0.0625842 -0.996918 0.047311 0.609283 -0.997867 0.0633836 0.0155898 -10.7737 0 0 0 1 
				45
				-0.0120313 -0.0279263 -0.999538 -0.194132 -0.0407583 -0.998766 0.0283953 0.699443 -0.999097 0.0410811 0.0108782 -10.8902 0 0 0 1 
				46
				-0.00601244 -0.0123436 -0.999906 -0.0947957 -0.0200837 -0.999721 0.0124621 0.7905 -0.99978 0.0201567 0.00576285 -11.001 0 0 0 1 
				47
				-0.000413965 -9.0256e-07 -1 -0.00132273 -0.000821564 -1 1.24266e-06 0.88255 -1 0.000821565 0.000413963 -11.1055 0 0 0 1 
		</Joint>
			4
				-1
				0.220011 0.783304 -0.581404 2.09815 -0.261163 -0.526954 -0.808773 -7.42599 -0.939888 0.32978 0.0886339 -12.1216 0 0 0 1 
				0
				0.200966 0.797444 -0.568943 1.91171 -0.243629 -0.521857 -0.817503 -7.12509 -0.948819 0.302901 0.0894048 -12.4726 0 0 0 1 
				1
				0.180617 0.814702 -0.551034 1.7207 -0.223108 -0.511707 -0.829686 -6.8022 -0.957915 0.272796 0.0893438 -12.8411 0 0 0 1 
				2
				0.158986 0.833762 -0.528739 1.52417 -0.200444 -0.497138 -0.844201 -6.46343 -0.966719 0.240199 0.0880845 -13.2195 0 0 0 1 
				3
				0.136173 0.853386 -0.50318 1.32171 -0.176453 -0.478897 -0.859955 -6.1147 -0.974844 0.20589 0.08537 -13.6008 0 0 0 1 
				4
				0.11237 0.872497 -0.475523 1.11374 -0.151891 -0.457848 -0.875959 -5.76142 -0.981989 0.170659 0.0810755 -13.979 0 0 0 1 
				5
				0.0878779 0.890192 -0.447031 0.901453 -0.127453 -0.435031 -0.891349 -5.40854 -0.987944 0.135305 0.0752281 -14.3487 0 0 0 1 
				6
				0.0631098 0.905751 -0.419085 0.686985 -0.103781 -0.41169 -0.905396 -5.06054 -0.992596 0.100632 0.068018 -14.7052 0 0 0 1 
				7
				0.0385753 0.918673 -0.393132 0.473233 -0.0814223 -0.389227 -0.917536 -4.72119 -0.995933 0.067404 0.0597859 -15.0446 0 0 0 1 
				8
				0.0148381 0.928671 -0.370607 0.26359 -0.0608164 -0.369124 -0.927388 -4.39341 -0.998039 0.0362997 0.0510013 -15.364 0 0 0 1 
				9
				-0.00749615 0.935612 -0.352951 0.0618042 -0.0423181 -0.352942 -0.934688 -4.07951 -0.999076 0.00792967 0.042239 -15.661 0 0 0 1 
				10
				-0.0277893 0.939426 -0.341623 -0.128134 -0.0262276 -0.342322 -0.939217 -3.78138 -0.99927 -0.0171403 0.0341518 -15.9339 0 0 0 1 
				11
				-0.0454164 0.940038 -0.338032 -0.30235 -0.0128069 -0.338901 -0.940735 -3.50064 -0.998886 -0.0383956 0.0274307 -16.1809 0 0 0 1 
				12
				-0.0598143 0.937254 -0.343479 -0.457492 -0.00231338 -0.344224 -0.938885 -3.23892 -0.998207 -0.0553642 0.0227578 -16.4008 0 0 0 1 
				13
				-0.070495 0.930611 -0.359157 -0.590904 0.00493703 -0.359723 -0.933046 -2.99839 -0.9975 -0.0675482 0.0207642 -16.5921 0 0 0 1 
				14
				-0.0770682 0.919208 -0.386156 -0.700891 0.00849881 -0.386688 -0.922171 -2.78223 -0.99699 -0.0743519 0.0219891 -16.7531 0 0 0 1 
				15
				-0.0793162 0.90156 -0.425323 -0.787368 0.00774504 -0.426097 -0.904645 -2.59511 -0.99682 -0.0750471 0.0268137 -16.881 0 0 0 1 
				16
				-0.0683325 0.858673 -0.507948 -0.81897 -0.0106643 -0.509737 -0.860264 -2.52169 -0.997606 -0.0533671 0.0439888 -16.899 0 0 0 1 
				17
				-0.0447725 0.764919 -0.642569 -0.827815 -0.0580544 -0.644119 -0.762719 -2.64124 -0.997309 0.00315513 0.0732457 -16.7432 0 0 0 1 
				18
				-0.0250609 0.613245 -0.789495 -0.925078 -0.129822 -0.785052 -0.605673 -2.93389 -0.99122 0.0873156 0.0992871 -16.4266 0 0 0 1 
				19
				-0.0227258 0.413796 -0.910086 -1.19436 -0.215304 -0.890986 -0.399735 -3.33218 -0.976283 0.186861 0.10934 -15.9762 0 0 0 1 
				20
				-0.0425574 0.195387 -0.979803 -1.64509 -0.299155 -0.938188 -0.174095 -3.73118 -0.953255 0.285704 0.0983778 -15.4482 0 0 0 1 
				21
				-0.0784695 -0.00442972 -0.996907 -2.195 -0.366589 -0.929798 0.0329868 -4.02902 -0.927068 0.368043 0.0713369 -14.9329 0 0 0 1 
				22
				-0.115716 -0.152518 -0.981503 -2.68615 -0.408313 -0.893487 0.18698 -4.16518 -0.905478 0.422397 0.0411159 -14.5463 0 0 0 1 
				23
				-0.137018 -0.226971 -0.964215 -2.93611 -0.421159 -0.867686 0.264096 -4.12612 -0.896578 0.442274 0.0232978 -14.4083 0 0 0 1 
				24
				-0.144284 -0.256084 -0.955826 -2.99643 -0.417924 -0.859787 0.293439 -3.99318 -0.896951 0.441801 0.0170301 -14.4419 0 0 0 1 
				25
				-0.149141 -0.278676 -0.948734 -3.02487 -0.412485 -0.854464 0.315828 -3.84872 -0.898673 0.438441 0.0124858 -14.4986 0 0 0 1 
				26
				-0.151662 -0.295335 -0.943279 -3.02263 -0.405083 -0.851924 0.331862 -3.6943 -0.901613 0.432438 0.00956926 -14.5767 0 0 0 1 
				27
				-0.151977 -0.306589 -0.939631 -2.99146 -0.395903 -0.852193 0.342093 -3.53103 -0.905629 0.423993 0.0081343 -14.6742 0 0 0 1 
				28
				-0.150249 -0.312894 -0.937829 -2.93339 -0.385077 -0.855162 0.347006 -3.3596 -0.910572 0.413273 0.00799917 -14.789 0 0 0 1 
				29
				-0.14667 -0.314657 -0.937805 -2.85072 -0.372701 -0.860612 0.347046 -3.18047 -0.916287 0.400422 0.00895339 -14.919 0 0 0 1 
				30
				-0.141461 -0.312258 -0.939406 -2.74605 -0.358852 -0.868231 0.342637 -2.9939 -0.922613 0.385578 0.0107665 -15.062 0 0 0 1 
				31
				-0.134855 -0.306051 -0.942416 -2.62212 -0.343593 -0.877648 0.334184 -2.80002 -0.929386 0.368874 0.0131987 -15.2159 0 0 0 1 
				32
				-0.127089 -0.296362 -0.946582 -2.48166 -0.326979 -0.888459 0.322065 -2.59892 -0.936447 0.350443 0.0160095 -15.3785 0 0 0 1 
				33
				-0.118401 -0.283517 -0.95163 -2.32743 -0.309069 -0.900242 0.306661 -2.39073 -0.943641 0.330428 0.0189629 -15.5478 0 0 0 1 
				34
				-0.109031 -0.267861 -0.957268 -2.16225 -0.28994 -0.912565 0.288376 -2.17564 -0.950814 0.308992 0.0218343 -15.7217 0 0 0 1 
				35
				-0.0992127 -0.249756 -0.963213 -1.98886 -0.269684 -0.925011 0.267629 -1.95402 -0.957824 0.286315 0.0244177 -15.8981 0 0 0 1 
				36
				-0.0891591 -0.229572 -0.969199 -1.80981 -0.248411 -0.937199 0.244845 -1.72633 -0.964543 0.26259 0.0265315 -16.0753 0 0 0 1 
				37
				-0.0790658 -0.207704 -0.974991 -1.62752 -0.226256 -0.948789 0.22047 -1.49322 -0.970854 0.238029 0.0280226 -16.2514 0 0 0 1 
				38
				-0.0691111 -0.184584 -0.980384 -1.44426 -0.20338 -0.959488 0.194987 -1.25555 -0.976658 0.212866 0.0287705 -16.425 0 0 0 1 
				39
				-0.0594462 -0.160674 -0.985216 -1.26208 -0.17997 -0.969064 0.168899 -1.01435 -0.981874 0.187349 0.0286907 -16.5944 0 0 0 1 
				40
				-0.0501892 -0.13644 -0.989376 -1.08276 -0.156227 -0.977358 0.142707 -0.770785 -0.986445 0.16173 0.0277372 -16.7585 0 0 0 1 
				41
				-0.0414279 -0.112365 -0.992803 -0.907786 -0.132372 -0.98428 0.116924 -0.526147 -0.990334 0.136263 0.0259027 -16.9161 0 0 0 1 
				42
				-0.0332206 -0.0889608 -0.995481 -0.738457 -0.108645 -0.989807 0.0920794 -0.281887 -0.993525 0.111213 0.0232169 -17.0664 0 0 0 1 
				43
				-0.0255933 -0.066748 -0.997442 -0.575796 -0.0852981 -0.993984 0.0687052 -0.0395441 -0.996027 0.0868382 0.0197458 -17.2086 0 0 0 1 
				44
				-0.0185405 -0.0462344 -0.998759 -0.420552 -0.0625841 -0.996918 0.047311 0.199334 -0.997867 0.0633836 0.0155898 -17.3422 0 0 0 1 
				45
				-0.0120313 -0.0279263 -0.999537 -0.273271 -0.0407583 -0.998766 0.0283953 0.433164 -0.999096 0.0410811 0.0108782 -17.4668 0 0 0 1 
				46
				-0.00601244 -0.0123436 -0.999906 -0.134347 -0.0200837 -0.999721 0.0124621 0.660313 -0.99978 0.0201567 0.00576285 -17.582 0 0 0 1 
				47
				-0.000413965 -9.0256e-07 -1 -0.00404762 -0.000821564 -1 1.24266e-06 0.879155 -1 0.000821565 0.000413963 -17.6879 0 0 0 1 
		</Joint>
			5
				-1
				-0.0818977 -0.00122426 -0.99664 2.65427 0.0298099 -0.999555 -0.00122176 -8.08613 -0.996195 -0.0298098 0.0818978 -14.4974 0 0 0 1 
				0
				-0.0810275 -0.000959172 -0.996711 2.41969 0.0300497 -0.999547 -0.00148099 -7.74091 -0.996259 -0.0300709 0.0810196 -14.871 0 0 0 1 
				1
				-0.0802527 -0.000263455 -0.996774 2.17725 0.0302852 -0.999539 -0.00217415 -7.36615 -0.996314 -0.030362 0.0802237 -15.2624 0 0 0 1 
				2
				-0.0795548 0.000760407 -0.99683 1.92603 0.030512 -0.999529 -0.00319756 -6.97009 -0.996363 -0.0306696 0.0794942 -15.663 0 0 0 1 
				3
				-0.0789131 0.0020144 -0.99688 1.66592 0.0307278 -0.999518 -0.00445214 -6.56072 -0.996408 -0.0309832 0.0788131 -16.0649 0 0 0 1 
				4
				-0.0782997 0.00340098 -0.996924 1.39777 0.0309374 -0.999504 -0.00583965 -6.14536 -0.99645 -0.0312995 0.0781557 -16.4611 0 0 0 1 
				5
				-0.0776901 0.00482046 -0.996966 1.12358 0.0311411 -0.999489 -0.00725937 -5.7307 -0.996491 -0.0316106 0.0775002 -16.8459 0 0 0 1 
				6
				-0.0770616 0.00617518 -0.997007 0.846508 0.0313372 -0.999472 -0.00861259 -5.32287 -0.996534 -0.0319071 0.0768274 -17.2141 0 0 0 1 
				7
				-0.0763873 0.00736449 -0.997051 0.57074 0.0315287 -0.999455 -0.00979776 -4.927 -0.99658 -0.0321841 0.0761135 -17.562 0 0 0 1 
				8
				-0.0756464 0.00829078 -0.9971 0.301097 0.0317098 -0.99944 -0.0107159 -4.54713 -0.99663 -0.0324285 0.0753411 -17.8867 0 0 0 1 
				9
				-0.0748205 0.00885681 -0.997157 0.0428564 0.0318714 -0.999428 -0.0112684 -4.18648 -0.996687 -0.032624 0.0744954 -18.1864 0 0 0 1 
				10
				-0.0738812 0.00896219 -0.997227 -0.198377 0.032016 -0.999423 -0.0113539 -3.84768 -0.996753 -0.0327661 0.0735516 -18.4597 0 0 0 1 
				11
				-0.0727993 0.00850666 -0.99731 -0.417149 0.0321454 -0.999424 -0.0108712 -3.53301 -0.996828 -0.0328504 0.0724839 -18.7058 0 0 0 1 
				12
				-0.0715589 0.0073929 -0.997409 -0.608685 0.0322459 -0.999433 -0.00972137 -3.24477 -0.996915 -0.0328579 0.0712799 -18.9239 0 0 0 1 
				13
				-0.0701414 0.00552412 -0.997522 -0.769093 0.0323051 -0.999448 -0.00780634 -2.98591 -0.997014 -0.0327726 0.0699242 -19.1135 0 0 0 1 
				14
				-0.0685197 0.00279935 -0.997646 -0.895696 0.0323195 -0.999465 -0.00502421 -2.76075 -0.997126 -0.0325876 0.0683925 -19.2731 0 0 0 1 
				15
				-0.0666782 -0.000881929 -0.997774 -0.987855 0.0322747 -0.999478 -0.00127339 -2.57553 -0.997253 -0.0322878 0.0666719 -19.4006 0 0 0 1 
				16
				-0.0646698 -0.00842585 -0.997871 -0.991693 0.032337 -0.999457 0.00634354 -2.54865 -0.997382 -0.0318579 0.0649072 -19.4207 0 0 0 1 
				17
				-0.0623302 -0.0214412 -0.997825 -0.940987 0.032745 -0.999275 0.0194269 -2.78798 -0.997518 -0.0314629 0.0629871 -19.2641 0 0 0 1 
				18
				-0.0598089 -0.0378963 -0.99749 -0.988425 0.0332536 -0.9988 0.0359522 -3.26205 -0.997656 -0.0310199 0.0609974 -18.9321 0 0 0 1 
				19
				-0.0572493 -0.0557781 -0.996801 -1.2518 0.0336502 -0.997978 0.0539114 -3.8764 -0.997793 -0.0304562 0.0590105 -18.4439 0 0 0 1 
				20
				-0.0546543 -0.0731104 -0.995825 -1.75267 0.0338958 -0.996877 0.0713273 -4.48736 -0.99793 -0.0298559 0.0569618 -17.8577 0 0 0 1 
				21
				-0.0522239 -0.0879439 -0.994755 -2.39335 0.0339025 -0.995697 0.0862472 -4.95564 -0.99806 -0.0292205 0.0549807 -17.2763 0 0 0 1 
				22
				-0.049911 -0.0982762 -0.993907 -2.97864 0.0335857 -0.994749 0.0966729 -5.19727 -0.998189 -0.0285561 0.0529496 -16.8351 0 0 0 1 
				23
				-0.0476816 -0.102083 -0.993633 -3.28245 0.0328668 -0.994386 0.100583 -5.19068 -0.998322 -0.0278616 0.0507691 -16.6746 0 0 0 1 
				24
				-0.0456529 -0.101694 -0.993768 -3.36114 0.0318763 -0.994447 0.100299 -5.04956 -0.998449 -0.0270986 0.048641 -16.7091 0 0 0 1 
				25
				-0.0436289 -0.100649 -0.993965 -3.40185 0.0308117 -0.994574 0.0993584 -4.89136 -0.998572 -0.0262908 0.0464934 -16.7702 0 0 0 1 
				26
				-0.0416076 -0.0989846 -0.994218 -3.40599 0.0296808 -0.994763 0.0977967 -4.71823 -0.998693 -0.0254401 0.0443277 -16.8557 0 0 0 1 
				27
				-0.0395904 -0.0967574 -0.994521 -3.37562 0.0284908 -0.995005 0.0956704 -4.53175 -0.99881 -0.024547 0.0421494 -16.9634 0 0 0 1 
				28
				-0.0375755 -0.0940023 -0.994863 -3.31317 0.0272479 -0.995292 0.0930138 -4.33296 -0.998922 -0.0236129 0.03996 -17.0906 0 0 0 1 
				29
				-0.0355593 -0.0907633 -0.995237 -3.22146 0.0259579 -0.995615 0.0898703 -4.12255 -0.99903 -0.0226386 0.0377594 -17.2351 0 0 0 1 
				30
				-0.0335439 -0.087084 -0.995636 -3.10362 0.0246272 -0.995966 0.0862832 -3.90097 -0.999134 -0.0216254 0.0355532 -17.3941 0 0 0 1 
				31
				-0.0315328 -0.0830036 -0.99605 -2.96299 0.023262 -0.996337 0.0822911 -3.66852 -0.999232 -0.0205752 0.0333481 -17.5651 0 0 0 1 
				32
				-0.0295224 -0.0785826 -0.996471 -2.8029 0.0218673 -0.996717 0.0779542 -3.42543 -0.999325 -0.0194888 0.0311439 -17.7456 0 0 0 1 
				33
				-0.0275093 -0.0738487 -0.99689 -2.62671 0.0204474 -0.9971 0.0733 -3.17196 -0.999412 -0.0183674 0.0289395 -17.9331 0 0 0 1 
				34
				-0.0254972 -0.0688512 -0.997301 -2.43785 0.0190075 -0.997478 0.0683775 -2.90852 -0.999494 -0.0172128 0.0267416 -18.125 0 0 0 1 
				35
				-0.0234893 -0.0636352 -0.997697 -2.23964 0.0175528 -0.997844 0.0632314 -2.6357 -0.99957 -0.0160271 0.0245557 -18.3192 0 0 0 1 
				36
				-0.0214836 -0.0582423 -0.998071 -2.03518 0.0160865 -0.998193 0.0579031 -2.35424 -0.99964 -0.0148115 0.0223817 -18.5134 0 0 0 1 
				37
				-0.0194789 -0.0527195 -0.998419 -1.82737 0.0146118 -0.998517 0.0524396 -2.06513 -0.999703 -0.0135672 0.0202203 -18.7055 0 0 0 1 
				38
				-0.0174787 -0.0471056 -0.998737 -1.61895 0.0131325 -0.998814 0.0468794 -1.76963 -0.999761 -0.0122965 0.0180765 -18.8937 0 0 0 1 
				39
				-0.0154848 -0.0414575 -0.99902 -1.41235 0.0116523 -0.99908 0.0412794 -1.46926 -0.999812 -0.0110017 0.0159536 -19.0763 0 0 0 1 
				40
