<?xml version='1.0' encoding='UTF-8' ?>
<itpanim>
	<skeleton count>
		25
			0 -1
			1 -0 0 0 0 1 0 0 -0 -0 1 -0 0 0 0 1 
			1 0
			1 -0 0 0 0 1 0 0 -0 -0 1 -0 0 0 0 1 
			2 1
			1 -0 0 0 0 1 0 0 -0 -0 1 -0 0 0 0 1 
			3 2
			1 -0 0 0 0 1 0 0 -0 -0 1 -0 0 0 0 1 
			4 3
			1 -0 0 0 0 1 0 0 -0 -0 1 -0 0 0 0 1 
			5 4
			1 -0 0 0 0 1 0 0 -0 -0 1 -0 0 0 0 1 
			6 5
			1 -0 0 0 0 1 0 0 -0 -0 1 -0 0 0 0 1 
			7 4
			1 -0 0 0 0 1 0 0 -0 -0 1 -0 0 0 0 1 
			8 7
			1 -0 0 0 0 1 0 0 -0 -0 1 -0 0 0 0 1 
			9 8
			1 -0 0 0 0 1 0 0 -0 -0 1 -0 0 0 0 1 
			10 9
			1 -0 0 0 0 1 0 0 -0 -0 1 -0 0 0 0 1 
			11 4
			1 -0 0 0 0 1 0 0 -0 -0 1 -0 0 0 0 1 
			12 11
			1 -0 0 0 0 1 0 0 -0 -0 1 -0 0 0 0 1 
			13 12
			1 -0 0 0 0 1 0 0 -0 -0 1 -0 0 0 0 1 
			14 13
			-0.463911 -0.873337 -0.148556 -0.980252 -0.875261 0.477748 -0.0753349 -2.46863 0.136765 0.0950769 -0.986031 -18.5918 0 0 0 1 
			15 2
			1 -0 0 0 0 1 0 0 -0 -0 1 -0 0 0 0 1 
			16 15
			1 -0 0 0 0 1 0 0 -0 -0 1 -0 0 0 0 1 
			17 16
			1 -0 0 0 0 1 0 0 -0 -0 1 -0 0 0 0 1 
			18 17
			1 -0 0 0 0 1 0 0 -0 -0 1 -0 0 0 0 1 
			19 18
			1 -0 0 0 0 1 0 0 -0 -0 1 -0 0 0 0 1 
			20 2
			1 -0 0 0 0 1 0 0 -0 -0 1 -0 0 0 0 1 
			21 20
			1 -0 0 0 0 1 0 0 -0 -0 1 -0 0 0 0 1 
			22 21
			1 -0 0 0 0 1 0 0 -0 -0 1 -0 0 0 0 1 
			23 22
			1 -0 0 0 0 1 0 0 -0 -0 1 -0 0 0 0 1 
			24 23
			1 -0 0 0 0 1 0 0 -0 -0 1 -0 0 0 0 1 
	</skeleton>
		<animations>
			33
			0
		</Joint>
			1
		</Joint>
			2
		</Joint>
			3
		</Joint>
			4
		</Joint>
			5
		</Joint>
			6
		</Joint>
			7
		</Joint>
			8
		</Joint>
			9
		</Joint>
			10
		</Joint>
			11
		</Joint>
			12
		</Joint>
			13
		</Joint>
			14
				-1
				0.0349108 -0.996872 0.0709044 0.112255 -0.988287 -0.0238897 0.150723 4.25829 -0.148558 -0.0753358 -0.986029 -18.6636 0 0 0 1 
				0
				0.0267112 -0.998835 0.0401743 0.152255 -0.999377 -0.0257552 0.0241268 4.14938 -0.0230641 -0.0407937 -0.998901 -17.934 0 0 0 1 
				1
				0.0195762 -0.999789 0.0061925 0.198794 -0.993133 -0.0201596 -0.115237 4.10082 0.115338 -0.00389408 -0.993318 -17.0569 0 0 0 1 
				2
				0.0141842 -0.999446 -0.0301103 0.251372 -0.965233 -0.00582566 -0.261327 4.1195 0.261007 0.0327701 -0.96478 -16.0519 0 0 0 1 
				3
				0.0110674 -0.997652 -0.0675848 0.310019 -0.913219 0.0174474 -0.407094 4.21069 0.407318 0.0662253 -0.910882 -14.9479 0 0 0 1 
				4
				0.0103488 -0.994369 -0.105465 0.372058 -0.836896 0.0491103 -0.545153 4.37527 0.547263 0.0939051 -0.831675 -13.783 0 0 0 1 
				5
				0.012029 -0.989646 -0.143022 0.43462 -0.738386 0.087658 -0.668657 4.60598 0.674271 0.113649 -0.729687 -12.6024 0 0 0 1 
				6
				0.0159752 -0.983671 -0.179266 0.495798 -0.6222 0.130566 -0.771893 4.88338 0.782695 0.12387 -0.609954 -11.4598 0 0 0 1 
				7
				0.0218263 -0.976707 -0.213465 0.552428 -0.494641 0.175002 -0.851296 5.17436 0.868823 0.124169 -0.479299 -10.4109 0 0 0 1 
				8
				0.029218 -0.969106 -0.244909 0.601664 -0.362216 0.218096 -0.906219 5.41657 0.931636 0.115188 -0.344654 -9.51454 0 0 0 1 
				9
				0.0375681 -0.961308 -0.2729 0.642763 -0.231984 0.257242 -0.938088 5.58584 0.971993 0.0985505 -0.213344 -8.79958 0 0 0 1 
				10
				0.0462149 -0.953688 -0.297224 0.675253 -0.110723 0.290818 -0.95035 5.69774 0.992775 0.0768298 -0.0921547 -8.25954 0 0 0 1 
				11
				0.0545719 -0.946593 -0.317778 0.699083 -0.00397055 0.318044 -0.948068 5.76368 0.998501 0.0529996 0.0135978 -7.87765 0 0 0 1 
				12
				0.0619963 -0.940472 -0.334169 0.715857 0.0839341 0.338539 -0.937201 5.79158 0.99454 0.0300549 0.0999259 -7.63057 0 0 0 1 
				13
				0.0678771 -0.93573 -0.346123 0.726798 0.149757 0.352549 -0.923733 5.79099 0.98639 0.010866 0.164062 -7.48957 0 0 0 1 
				14
				0.0717178 -0.932672 -0.353524 0.732613 0.190948 0.36072 -0.912918 5.77721 0.978976 -0.00203241 0.203962 -7.42333 0 0 0 1 
				15
				0.0730798 -0.931592 -0.356082 0.7345 0.205185 0.363443 -0.90874 5.77226 0.97599 -0.00665227 0.217709 -7.40316 0 0 0 1 
				16
				0.0717177 -0.932672 -0.353525 0.733479 0.190948 0.36072 -0.912918 5.79554 0.978976 -0.00203249 0.203962 -7.41264 0 0 0 1 
				17
				0.067877 -0.93573 -0.346123 0.728659 0.149757 0.352549 -0.923733 5.83027 0.986389 0.0108659 0.164062 -7.46666 0 0 0 1 
				18
				0.0619963 -0.940472 -0.334169 0.71876 0.0839341 0.338539 -0.937201 5.85285 0.99454 0.0300548 0.0999259 -7.59485 0 0 0 1 
				19
				0.0545719 -0.946593 -0.317778 0.703002 -0.0039703 0.318044 -0.948068 5.84638 0.998501 0.0529996 0.013598 -7.82942 0 0 0 1 
				20
				0.0462149 -0.953688 -0.297224 0.680093 -0.110722 0.290818 -0.95035 5.79982 0.992776 0.0768298 -0.0921547 -8.20001 0 0 0 1 
				21
				0.0375682 -0.961308 -0.2729 0.648349 -0.231984 0.257242 -0.938089 5.70369 0.971993 0.0985506 -0.213344 -8.73085 0 0 0 1 
				22
				0.029218 -0.969106 -0.244909 0.607753 -0.362216 0.218096 -0.906219 5.54503 0.931636 0.115188 -0.344653 -9.43962 0 0 0 1 
				23
				0.0218263 -0.976707 -0.213465 0.558701 -0.494641 0.175002 -0.851296 5.30668 0.868823 0.124169 -0.479299 -10.3337 0 0 0 1 
				24
				0.0159752 -0.983671 -0.179266 0.501887 -0.6222 0.130566 -0.771893 5.01184 0.782695 0.12387 -0.609954 -11.3849 0 0 0 1 
				25
				0.012029 -0.989646 -0.143022 0.440206 -0.738386 0.087658 -0.668657 4.72383 0.674271 0.113648 -0.729687 -12.5337 0 0 0 1 
				26
				0.0103488 -0.994369 -0.105465 0.376895 -0.836896 0.0491104 -0.545154 4.47735 0.547263 0.0939051 -0.831676 -13.7235 0 0 0 1 
				27
				0.0110672 -0.997652 -0.0675848 0.313937 -0.913219 0.0174476 -0.407094 4.29339 0.407318 0.0662252 -0.910882 -14.8997 0 0 0 1 
				28
				0.0141843 -0.999446 -0.0301102 0.254277 -0.965233 -0.00582571 -0.261327 4.18077 0.261007 0.0327701 -0.96478 -16.0161 0 0 0 1 
				29
				0.0195761 -0.999789 0.00619251 0.200653 -0.993133 -0.0201595 -0.115237 4.1401 0.115338 -0.00389409 -0.993318 -17.0339 0 0 0 1 
				30
				0.0267113 -0.998835 0.0401742 0.153123 -0.999377 -0.0257553 0.0241272 4.16771 -0.0230645 -0.0407937 -0.998901 -17.9233 0 0 0 1 
				31
				0.0349107 -0.996872 0.0709045 0.112255 -0.988287 -0.0238896 0.150723 4.25829 -0.148558 -0.0753359 -0.986029 -18.6636 0 0 0 1 
		</Joint>
			15
		</Joint>
			16
		</Joint>
			17
		</Joint>
			18
		</Joint>
			19
		</Joint>
			20
		</Joint>
			21
		</Joint>
			22
		</Joint>
			23
		</Joint>
			24
		</Joint>
		</animation>
</animations>
</itpanim>