<?xml version='1.0' encoding='UTF-8' ?>
<itpanim>
	<skeleton count>
		25
			0 -1
			-0.573575 -0.819153 -1.20401e-16 2.62716e-06 0.819153 -0.573575 1.26428e-16 -2.23522e-06 -1.72623e-16 -2.6111e-17 1 41.4958 0 0 0 1 
			1 0
			1.3868e-06 1.4012e-14 -1 -41.4958 -0.573574 -0.819154 -7.95433e-07 -3.038e-05 -0.819154 0.573574 -1.136e-06 -4.49041e-05 0 0 0 1 
			2 1
			-0.000272341 -0.000748297 -1 -46.6732 -0.342021 -0.939692 0.000796315 0.0490167 -0.939692 0.342021 -1.71588e-08 2.70353e-06 0 0 0 1 
			3 2
			-6.93987e-05 -0.000793288 -1 -61.5551 -0.087157 -0.996194 0.000796318 0.0608659 -0.996195 0.0871571 -6.0183e-09 3.08063e-06 0 0 0 1 
			4 3
			-6.93987e-05 -0.000793288 -1 -76.4369 -0.087157 -0.996194 0.000796318 0.0635546 -0.996195 0.0871571 -6.0183e-09 3.07307e-06 0 0 0 1 
			5 4
			0.996195 -0.0871543 4.7521e-08 -1.60435 0.0871543 0.996195 1.66327e-10 2.1842e-06 -4.73547e-08 3.97597e-09 1 76.437 0 0 0 1 
			6 5
			0.112919 0.148163 0.982495 74.1952 -0.0327971 0.988836 -0.14535 -10.0314 -0.993063 -0.0158103 0.116518 17.8724 0 0 0 1 
			7 6
			-0.0189849 -0.95636 -0.291574 -16.2462 0.116043 -0.291763 0.949425 57.3923 -0.993063 -0.0158103 0.116518 17.8724 0 0 0 1 
			8 7
			-0.0189849 -0.95636 -0.291574 -31.6435 -0.99297 -0.0160426 0.117273 17.9181 -0.116833 0.291751 -0.949332 -57.3781 0 0 0 1 
			9 4
			-0.996195 0.0871543 3.99018e-08 -1.60434 0.0871543 0.996195 1.66328e-10 2.17293e-06 -3.97354e-08 3.6433e-09 -1 -76.437 0 0 0 1 
			10 9
			0.237444 0.493741 0.836565 65.7007 0.519483 0.663162 -0.538845 -37.0154 -0.820827 0.562527 -0.0990259 -15.4356 0 0 0 1 
			11 10
			-0.535493 -0.697576 0.476061 33.2277 0.198719 0.443791 0.873819 52.8819 -0.820827 0.562527 -0.0990259 -15.4356 0 0 0 1 
			12 11
			-0.535493 -0.697576 0.476061 17.8304 0.820985 -0.562173 0.0997217 15.4778 0.198065 0.444239 0.87374 52.8696 0 0 0 1 
			13 4
			1.34309e-06 9.41303e-13 -1 -79.8135 -1.37289e-06 -1 -2.78527e-12 -2.61892e-06 -1 1.37289e-06 -1.34309e-06 -0.000103859 0 0 0 1 
			14 13
			1 -0 0 0 0 1 0 0 -0 -0 1 -0 0 0 0 1 
			15 2
			0.202202 -0.40826 0.89019 35.1065 -0.303986 -0.890233 -0.339231 -15.2758 0.930971 -0.202012 -0.304112 -16.6462 0 0 0 1 
			16 15
			0.34424 0.208212 0.915503 21.255 -0.121623 -0.956994 0.263381 -3.14008 0.930971 -0.202012 -0.304112 -16.6462 0 0 0 1 
			17 16
			1.41638e-07 1.49261e-14 1 5.38661 -0.0871542 -0.996195 1.23444e-08 -5.32477 0.996195 -0.0871542 -1.41099e-07 -15.2043 0 0 0 1 
			18 17
			-0.0871542 -0.996195 -5.17496e-09 -12.1089 -5.21188e-08 9.75444e-09 -1 -0.787196 0.996195 -0.0871542 -5.27706e-08 -15.2043 0 0 0 1 
			19 18
			1 -0 0 0 0 1 0 0 -0 -0 1 -0 0 0 0 1 
			20 2
			-0.340004 0.0744716 0.937471 37.4287 -0.493912 -0.862446 -0.110621 -4.17737 0.80028 -0.50064 0.330017 18.0156 0 0 0 1 
			21 20
			-0.0746996 0.462846 0.883286 17.3991 -0.594955 -0.731528 0.333008 4.3091 0.80028 -0.50064 0.330017 18.0156 0 0 0 1 
			22 21
			5.3665e-08 6.68079e-16 1 5.08537 -0.573575 -0.819153 3.07809e-08 4.04511 0.819153 -0.573575 -4.39598e-08 17.5401 0 0 0 1 
			23 22
			-0.573575 -0.819153 3.58059e-08 -2.73899 -2.35994e-08 -2.71864e-08 -1 -0.485962 0.819153 -0.573575 -3.73805e-09 17.5401 0 0 0 1 
			24 23
			1 -0 0 0 0 1 0 0 -0 -0 1 -0 0 0 0 1 
	</skeleton>
		<animations>
			49
			0
				-1
				-0.573575 0.819153 -2.02144e-33 3.33786e-06 -0.819153 -0.573575 -1.36318e-32 8.69978e-07 -1.2326e-32 -6.16298e-33 1 -41.4958 0 0 0 1 
				0
				-0.573575 0.819153 -2.02144e-33 0.141591 -0.819153 -0.573575 -1.36318e-32 -2.43327 -1.2326e-32 -6.16298e-33 1 -39.4015 0 0 0 1 
				1
				-0.573575 0.819153 -2.02144e-33 0.381893 -0.819153 -0.573575 -1.36318e-32 -5.21937 -1.2326e-32 -6.16298e-33 1 -37.0306 0 0 0 1 
				2
				-0.573575 0.819153 -2.02144e-33 0.433808 -0.819153 -0.573575 -1.36318e-32 -7.33213 -1.2326e-32 -6.16298e-33 1 -35.1874 0 0 0 1 
				3
				-0.573575 0.819153 -2.02144e-33 0.0102315 -0.819153 -0.573575 -1.36318e-32 -7.74538 -1.2326e-32 -6.16298e-33 1 -34.676 0 0 0 1 
				4
				-0.573576 0.819152 -1.14587e-08 -0.944231 -0.819136 -0.573565 -0.00631946 -6.28837 -0.00517661 -0.00362468 0.99998 -35.54 0 0 0 1 
				5
				-0.573577 0.819152 -2.68145e-08 -2.21998 -0.818957 -0.57344 -0.0218149 -3.7226 -0.0178697 -0.0125125 0.999762 -37.1418 0 0 0 1 
				6
				-0.573577 0.819152 -8.91172e-10 -3.67989 -0.818465 -0.573096 -0.0409384 -0.514264 -0.0335347 -0.0234813 0.999162 -39.1953 0 0 0 1 
				7
				-0.573575 0.819153 -3.9601e-09 -5.18685 -0.817767 -0.572605 -0.0581448 2.87045 -0.0476295 -0.0333504 0.998308 -41.4142 0 0 0 1 
				8
				-0.573574 0.819154 -7.18465e-08 -6.60806 -0.817253 -0.572243 -0.0680805 5.98004 -0.0557685 -0.0390492 0.99768 -43.5214 0 0 0 1 
				9
				-0.573571 0.819156 -8.23179e-08 -7.81072 -0.817402 -0.572343 -0.065403 8.36299 -0.0535753 -0.0375132 0.997859 -45.2396 0 0 0 1 
				10
				-0.573564 0.819161 4.06385e-07 -8.65771 -0.818347 -0.572994 -0.0445711 9.55309 -0.0365106 -0.0255647 0.999006 -46.2827 0 0 0 1 
				11
				-0.573575 0.819153 -2.02144e-33 -9.01192 -0.819153 -0.573575 -1.36318e-32 9.08417 -1.2326e-32 -6.16298e-33 1 -46.3644 0 0 0 1 
				12
				-0.573765 0.81902 -4.44478e-07 -7.97801 -0.812883 -0.569466 0.122189 3.89086 0.100075 0.0701082 0.992507 -43.8983 0 0 0 1 
				13
				-0.573796 0.818998 -2.74027e-05 -5.47836 -0.77529 -0.543163 0.322334 -6.25278 0.263976 0.184975 0.946626 -38.7706 0 0 0 1 
				14
				-0.573848 0.818962 -7.20381e-05 -2.68493 -0.700611 -0.490873 0.517869 -17.2675 0.424079 0.297228 0.85546 -33.0527 0 0 0 1 
				15
				-0.573575 0.819153 -5.3711e-08 -0.769677 -0.627508 -0.439384 0.642788 -25.0739 0.526541 0.368687 0.766044 -28.8163 0 0 0 1 
				16
				-0.573511 0.819198 1.39503e-05 -0.0430549 -0.587871 -0.411574 0.69643 -28.6422 0.57052 0.399402 0.717624 -26.5124 0 0 0 1 
				17
				-0.573555 0.819167 4.82695e-06 0.10476 -0.571289 -0.400003 0.716677 -30.0802 0.587081 0.411051 0.697405 -25.0914 0 0 0 1 
				18
				-0.573574 0.819154 1.46793e-07 -0.0249563 -0.569159 -0.398527 0.71919 -30.332 0.589127 0.412509 0.694814 -24.2226 0 0 0 1 
				19
				-0.573575 0.819153 -3.05466e-09 -0.130928 -0.570743 -0.399637 0.717316 -30.3414 0.587592 0.411435 0.696748 -23.5752 0 0 0 1 
				20
				-0.573575 0.819154 1.96067e-07 -0.231787 -0.572771 -0.401057 0.714904 -30.3227 0.585616 0.41005 0.699223 -22.9566 0 0 0 1 
				21
				-0.573566 0.819159 1.75999e-06 -0.455758 -0.580987 -0.406802 0.704959 -29.7952 0.577474 0.40434 0.709248 -22.5694 0 0 0 1 
				22
				-0.573553 0.819169 4.82729e-06 -0.677001 -0.598494 -0.419048 0.682791 -28.5899 0.559323 0.391614 0.730613 -22.7155 0 0 0 1 
				23
				-0.573575 0.819153 8.27426e-10 -0.769677 -0.627508 -0.439384 0.642788 -26.5377 0.526541 0.368687 0.766045 -23.6969 0 0 0 1 
				24
				-0.573583 0.819147 -1.06669e-06 -0.738838 -0.663503 -0.464597 0.586441 -23.8249 0.480381 0.336374 0.809992 -25.3612 0 0 0 1 
				25
				-0.573579 0.81915 -2.34047e-06 -0.673218 -0.699721 -0.489952 0.51994 -20.7906 0.425907 0.298228 0.854203 -27.3238 0 0 0 1 
				26
				-0.573576 0.819152 -4.41187e-06 -0.580942 -0.733836 -0.513835 0.444364 -17.5098 0.363999 0.25488 0.895846 -29.5149 0 0 0 1 
				27
				-0.573575 0.819153 6.94704e-10 -0.470136 -0.763816 -0.534828 0.361308 -14.0576 0.295967 0.207237 0.932446 -31.8649 0 0 0 1 
				28
				-0.573575 0.819153 4.98881e-06 -0.348667 -0.788083 -0.551821 0.272799 -10.5068 0.223467 0.156467 0.962071 -34.3064 0 0 0 1 
				29
				-0.573577 0.819152 3.95131e-07 -0.224404 -0.805584 -0.564077 0.181252 -6.9302 0.148473 0.103962 0.983437 -36.7718 0 0 0 1 
				30
				-0.573579 0.81915 -4.41064e-06 -0.105472 -0.815871 -0.571283 0.0893864 -3.40288 0.0732184 0.0512738 0.995997 -39.1915 0 0 0 1 
				31
				-0.573575 0.819153 -2.02144e-33 3.33786e-06 -0.819153 -0.573575 -1.36318e-32 8.69978e-07 -1.2326e-32 -6.16298e-33 1 -41.4958 0 0 0 1 
				32
				-0.573575 0.819153 -2.02144e-33 3.33786e-06 -0.819153 -0.573575 -1.36318e-32 8.69978e-07 -1.2326e-32 -6.16298e-33 1 -41.4958 0 0 0 1 
				33
				-0.573575 0.819153 -2.02144e-33 3.33786e-06 -0.819153 -0.573575 -1.36318e-32 8.69978e-07 -1.2326e-32 -6.16298e-33 1 -41.4958 0 0 0 1 
				34
				-0.573575 0.819153 -2.02144e-33 3.33786e-06 -0.819153 -0.573575 -1.36318e-32 8.69978e-07 -1.2326e-32 -6.16298e-33 1 -41.4958 0 0 0 1 
				35
				-0.573575 0.819153 -2.02144e-33 3.33786e-06 -0.819153 -0.573575 -1.36318e-32 8.69978e-07 -1.2326e-32 -6.16298e-33 1 -41.4958 0 0 0 1 
				36
				-0.573575 0.819153 -2.02144e-33 3.33786e-06 -0.819153 -0.573575 -1.36318e-32 8.69978e-07 -1.2326e-32 -6.16298e-33 1 -41.4958 0 0 0 1 
				37
				-0.573575 0.819153 -2.02144e-33 3.33786e-06 -0.819153 -0.573575 -1.36318e-32 8.69978e-07 -1.2326e-32 -6.16298e-33 1 -41.4958 0 0 0 1 
				38
				-0.573575 0.819153 -2.02144e-33 3.33786e-06 -0.819153 -0.573575 -1.36318e-32 8.69978e-07 -1.2326e-32 -6.16298e-33 1 -41.4958 0 0 0 1 
				39
				-0.573575 0.819153 -2.02144e-33 3.33786e-06 -0.819153 -0.573575 -1.36318e-32 8.69978e-07 -1.2326e-32 -6.16298e-33 1 -41.4958 0 0 0 1 
				40
				-0.573575 0.819153 -2.02144e-33 3.33786e-06 -0.819153 -0.573575 -1.36318e-32 8.69978e-07 -1.2326e-32 -6.16298e-33 1 -41.4958 0 0 0 1 
				41
				-0.573575 0.819153 -2.02144e-33 3.33786e-06 -0.819153 -0.573575 -1.36318e-32 8.69978e-07 -1.2326e-32 -6.16298e-33 1 -41.4958 0 0 0 1 
				42
				-0.573575 0.819153 -2.02144e-33 3.33786e-06 -0.819153 -0.573575 -1.36318e-32 8.69978e-07 -1.2326e-32 -6.16298e-33 1 -41.4958 0 0 0 1 
				43
				-0.573575 0.819153 -2.02144e-33 3.33786e-06 -0.819153 -0.573575 -1.36318e-32 8.69978e-07 -1.2326e-32 -6.16298e-33 1 -41.4958 0 0 0 1 
				44
				-0.573575 0.819153 -2.02144e-33 3.33786e-06 -0.819153 -0.573575 -1.36318e-32 8.69978e-07 -1.2326e-32 -6.16298e-33 1 -41.4958 0 0 0 1 
				45
				-0.573575 0.819153 -2.02144e-33 3.33786e-06 -0.819153 -0.573575 -1.36318e-32 8.69978e-07 -1.2326e-32 -6.16298e-33 1 -41.4958 0 0 0 1 
				46
				-0.573575 0.819153 -2.02144e-33 3.33786e-06 -0.819153 -0.573575 -1.36318e-32 8.69978e-07 -1.2326e-32 -6.16298e-33 1 -41.4958 0 0 0 1 
				47
				-0.573575 0.819153 -2.02144e-33 3.33786e-06 -0.819153 -0.573575 -1.36318e-32 8.69978e-07 -1.2326e-32 -6.16298e-33 1 -41.4958 0 0 0 1 
		</Joint>
			1
				-1
				1.33158e-06 -0.573574 -0.819154 3.33786e-06 0 -0.819154 0.573574 8.69978e-07 -1 -7.6376e-07 -1.09077e-06 -41.4958 0 0 0 1 
				0
				1.33158e-06 -0.573574 -0.819154 0.141591 0 -0.819154 0.573574 -2.43327 -1 -7.6376e-07 -1.09077e-06 -39.4015 0 0 0 1 
				1
				1.33158e-06 -0.573574 -0.819154 0.381893 0 -0.819154 0.573574 -5.21937 -1 -7.6376e-07 -1.09077e-06 -37.0306 0 0 0 1 
				2
				1.33158e-06 -0.573574 -0.819154 0.433808 0 -0.819154 0.573574 -7.33213 -1 -7.6376e-07 -1.09077e-06 -35.1874 0 0 0 1 
				3
				1.33158e-06 -0.573574 -0.819154 0.0102315 0 -0.819154 0.573574 -7.74538 -1 -7.6376e-07 -1.09077e-06 -34.676 0 0 0 1 
				4
				-7.52304e-07 -0.573575 -0.819153 -0.944231 0.00631837 -0.819137 0.573564 -6.28837 -0.99998 -0.00517528 0.00362468 -35.54 0 0 0 1 
				5
				-7.36949e-07 -0.573575 -0.819153 -2.21998 0.0218138 -0.818958 0.573439 -3.7226 -0.999762 -0.0178684 0.0125125 -37.1418 0 0 0 1 
				6
				-7.62872e-07 -0.573575 -0.819153 -3.67989 0.0409373 -0.818466 0.573095 -0.514264 -0.999162 -0.0335334 0.0234812 -39.1953 0 0 0 1 
				7
				-7.59802e-07 -0.573574 -0.819154 -5.18685 0.0581437 -0.817768 0.572604 2.87045 -0.998308 -0.0476282 0.0333504 -41.4142 0 0 0 1 
				8
				-6.91913e-07 -0.573573 -0.819155 -6.60806 0.0680794 -0.817254 0.572242 5.98004 -0.99768 -0.0557672 0.0390491 -43.5214 0 0 0 1 
				9
				-6.81438e-07 -0.57357 -0.819157 -7.81072 0.0654019 -0.817403 0.572341 8.36299 -0.997859 -0.053574 0.0375131 -45.2396 0 0 0 1 
				10
				-1.17013e-06 -0.573562 -0.819162 -8.65771 0.04457 -0.818348 0.572992 9.55309 -0.999006 -0.0365093 0.0255646 -46.2827 0 0 0 1 
				11
				1.33158e-06 -0.573574 -0.819154 -9.01192 0 -0.819154 0.573574 9.08417 -1 -7.6376e-07 -1.09077e-06 -46.3644 0 0 0 1 
				12
				-3.19536e-07 -0.573764 -0.819021 -7.97801 -0.12219 -0.812884 0.569465 3.89086 -0.992507 0.100076 -0.0701081 -43.8983 0 0 0 1 
				13
				2.66386e-05 -0.573795 -0.818999 -5.47836 -0.322335 -0.77529 0.543162 -6.25278 -0.946626 0.263977 -0.184975 -38.7706 0 0 0 1 
				14
				7.1274e-05 -0.573847 -0.818963 -2.68493 -0.51787 -0.700611 0.490872 -17.2675 -0.85546 0.424081 -0.297228 -33.0527 0 0 0 1 
				15
				-7.86427e-07 -0.573574 -0.819154 -0.769677 -0.642788 -0.627507 0.439383 -25.0739 -0.766044 0.526543 -0.368686 -28.8163 0 0 0 1 
				16
				-1.47904e-05 -0.57351 -0.819198 -0.0430549 -0.696431 -0.58787 0.411573 -28.6422 -0.717624 0.570521 -0.399402 -26.5124 0 0 0 1 
				17
				-5.59068e-06 -0.573554 -0.819168 0.10476 -0.716678 -0.571289 0.400002 -30.0802 -0.697404 0.587082 -0.41105 -25.0914 0 0 0 1 
				18
				-9.10553e-07 -0.573573 -0.819155 -0.0249563 -0.71919 -0.569159 0.398526 -30.332 -0.694813 0.589129 -0.412508 -24.2226 0 0 0 1 
				19
				-8.37083e-07 -0.573574 -0.819154 -0.130928 -0.717317 -0.570743 0.399636 -30.3414 -0.696747 0.587593 -0.411434 -23.5752 0 0 0 1 
				20
				-1.0362e-06 -0.573573 -0.819154 -0.231787 -0.714904 -0.57277 0.401056 -30.3227 -0.699222 0.585617 -0.41005 -22.9566 0 0 0 1 
				21
				-2.52373e-06 -0.573565 -0.81916 -0.455758 -0.704959 -0.580986 0.406801 -29.7952 -0.709248 0.577475 -0.404339 -22.5694 0 0 0 1 
				22
				-5.59102e-06 -0.573552 -0.819169 -0.677001 -0.682792 -0.598493 0.419047 -28.5899 -0.730613 0.559325 -0.391613 -22.7155 0 0 0 1 
				23
				-7.64589e-07 -0.573574 -0.819154 -0.769677 -0.642788 -0.627507 0.439383 -26.5377 -0.766044 0.526543 -0.368686 -23.6969 0 0 0 1 
				24
				2.26537e-07 -0.573582 -0.819148 -0.738838 -0.586442 -0.663503 0.464596 -23.8249 -0.809991 0.480383 -0.336373 -25.3612 0 0 0 1 
				25
				1.5767e-06 -0.573578 -0.819151 -0.673218 -0.51994 -0.699721 0.489951 -20.7906 -0.854202 0.425909 -0.298228 -27.3238 0 0 0 1 
				26
				3.64811e-06 -0.573575 -0.819153 -0.580942 -0.444365 -0.733836 0.513834 -17.5098 -0.895846 0.364001 -0.254879 -29.5149 0 0 0 1 
				27
				-7.64456e-07 -0.573574 -0.819154 -0.470136 -0.361309 -0.763817 0.534827 -14.0576 -0.932446 0.295968 -0.207237 -31.8649 0 0 0 1 
				28
				-5.82894e-06 -0.573573 -0.819154 -0.348667 -0.2728 -0.788083 0.551819 -10.5068 -0.962071 0.223469 -0.156466 -34.3064 0 0 0 1 
				29
				-1.1589e-06 -0.573576 -0.819152 -0.224404 -0.181253 -0.805584 0.564076 -6.9302 -0.983436 0.148475 -0.103962 -36.7718 0 0 0 1 
				30
				3.64687e-06 -0.573578 -0.81915 -0.105472 -0.0893875 -0.815872 0.571282 -3.40288 -0.995997 0.0732197 -0.0512737 -39.1915 0 0 0 1 
				31
				1.33158e-06 -0.573574 -0.819154 3.33786e-06 0 -0.819154 0.573574 8.69978e-07 -1 -7.6376e-07 -1.09077e-06 -41.4958 0 0 0 1 
				32
				1.33158e-06 -0.573574 -0.819154 3.33786e-06 0 -0.819154 0.573574 8.69978e-07 -1 -7.6376e-07 -1.09077e-06 -41.4958 0 0 0 1 
				33
				1.33158e-06 -0.573574 -0.819154 3.33786e-06 0 -0.819154 0.573574 8.69978e-07 -1 -7.6376e-07 -1.09077e-06 -41.4958 0 0 0 1 
				34
				1.33158e-06 -0.573574 -0.819154 3.33786e-06 0 -0.819154 0.573574 8.69978e-07 -1 -7.6376e-07 -1.09077e-06 -41.4958 0 0 0 1 
				35
				1.33158e-06 -0.573574 -0.819154 3.33786e-06 0 -0.819154 0.573574 8.69978e-07 -1 -7.6376e-07 -1.09077e-06 -41.4958 0 0 0 1 
				36
				1.33158e-06 -0.573574 -0.819154 3.33786e-06 0 -0.819154 0.573574 8.69978e-07 -1 -7.6376e-07 -1.09077e-06 -41.4958 0 0 0 1 
				37
				1.33158e-06 -0.573574 -0.819154 3.33786e-06 0 -0.819154 0.573574 8.69978e-07 -1 -7.6376e-07 -1.09077e-06 -41.4958 0 0 0 1 
				38
				1.33158e-06 -0.573574 -0.819154 3.33786e-06 0 -0.819154 0.573574 8.69978e-07 -1 -7.6376e-07 -1.09077e-06 -41.4958 0 0 0 1 
				39
				1.33158e-06 -0.573574 -0.819154 3.33786e-06 0 -0.819154 0.573574 8.69978e-07 -1 -7.6376e-07 -1.09077e-06 -41.4958 0 0 0 1 
				40
				1.33158e-06 -0.573574 -0.819154 3.33786e-06 0 -0.819154 0.573574 8.69978e-07 -1 -7.6376e-07 -1.09077e-06 -41.4958 0 0 0 1 
				41
				1.33158e-06 -0.573574 -0.819154 3.33786e-06 0 -0.819154 0.573574 8.69978e-07 -1 -7.6376e-07 -1.09077e-06 -41.4958 0 0 0 1 
				42
				1.33158e-06 -0.573574 -0.819154 3.33786e-06 0 -0.819154 0.573574 8.69978e-07 -1 -7.6376e-07 -1.09077e-06 -41.4958 0 0 0 1 
				43
				1.33158e-06 -0.573574 -0.819154 3.33786e-06 0 -0.819154 0.573574 8.69978e-07 -1 -7.6376e-07 -1.09077e-06 -41.4958 0 0 0 1 
				44
				1.33158e-06 -0.573574 -0.819154 3.33786e-06 0 -0.819154 0.573574 8.69978e-07 -1 -7.6376e-07 -1.09077e-06 -41.4958 0 0 0 1 
				45
				1.33158e-06 -0.573574 -0.819154 3.33786e-06 0 -0.819154 0.573574 8.69978e-07 -1 -7.6376e-07 -1.09077e-06 -41.4958 0 0 0 1 
				46
				1.33158e-06 -0.573574 -0.819154 3.33786e-06 0 -0.819154 0.573574 8.69978e-07 -1 -7.6376e-07 -1.09077e-06 -41.4958 0 0 0 1 
				47
				1.33158e-06 -0.573574 -0.819154 3.33786e-06 0 -0.819154 0.573574 8.69978e-07 -1 -7.6376e-07 -1.09077e-06 -41.4958 0 0 0 1 
		</Joint>
			2
				-1
				-0.000271969 -0.342021 -0.939692 0.00405821 -0.000750183 -0.939692 0.342021 0.0111245 -1 0.00079796 -1.01208e-06 -46.6732 0 0 0 1 
				0
				-0.0364803 -0.340101 -0.939681 0.145622 -0.100214 -0.934322 0.342052 -2.42221 -0.994297 0.106647 1.59759e-06 -44.5801 0 0 0 1 
				1
				-0.0767304 -0.333337 -0.93968 0.385844 -0.210783 -0.915734 0.342055 -5.20853 -0.974517 0.224314 2.94552e-06 -42.2106 0 0 0 1 
				2
				-0.107652 -0.324662 -0.939684 0.437656 -0.295748 -0.89193 0.342045 -7.32157 -0.949181 0.314732 6.76819e-08 -40.3684 0 0 0 1 
				3
				-0.117233 -0.321302 -0.939692 0.0140409 -0.322099 -0.882765 0.342021 -7.73493 -0.939419 0.34277 -1.9668e-06 -39.8574 0 0 0 1 
				4
				-0.106138 -0.325147 -0.939689 -0.940376 -0.28559 -0.895242 0.342025 -6.24506 -0.952456 0.304667 0.00216019 -40.7209 0 0 0 1 
				5
				-0.0842755 -0.331483 -0.93969 -2.21605 -0.210341 -0.915876 0.341947 -3.59882 -0.973989 0.226473 0.00746148 -42.3207 0 0 0 1 
				6
				-0.0551478 -0.337548 -0.939692 -3.67588 -0.110983 -0.93322 0.341737 -0.291264 -0.992291 0.123136 0.0140028 -44.3698 0 0 0 1 
				7
				-0.0226405 -0.341271 -0.939692 -5.1828 -0.00408493 -0.939894 0.341443 3.18262 -0.999735 0.011569 0.0198856 -46.583 0 0 0 1 
				8
				0.00914133 -0.341895 -0.939694 -6.604 0.0931039 -0.93536 0.341224 6.34359 -0.995615 -0.0906084 0.0232813 -48.6857 0 0 0 1 
				9
				0.0360384 -0.340115 -0.939693 -7.80669 0.163835 -0.925571 0.341287 8.71256 -0.985829 -0.166254 0.0223665 -50.4039 0 0 0 1 
				10
				0.0539789 -0.337726 -0.939695 -8.65371 0.192173 -0.919961 0.341673 9.79474 -0.979876 -0.199027 0.0152433 -51.4525 0 0 0 1 
				11
				0.0591231 -0.336873 -0.939692 -9.00793 0.162437 -0.925546 0.342022 9.09513 -0.984946 -0.172862 -5.28602e-07 -51.5397 0 0 0 1 
				12
				0.0304315 -0.340996 -0.939572 -7.97396 -0.0388405 -0.939701 0.339785 3.26936 -0.998782 0.0261533 -0.041841 -49.0372 0 0 0 1 
				13
				-0.0333678 -0.340794 -0.939546 -5.47418 -0.407561 -0.853715 0.324136 -7.91152 -0.912568 0.393738 -0.110408 -43.6762 0 0 0 1 
				14
				-0.101593 -0.327049 -0.939531 -2.68068 -0.733116 -0.613785 0.292931 -19.9414 -0.672473 0.718544 -0.177409 -37.4903 0 0 0 1 
				15
				-0.14479 -0.309862 -0.939692 -0.766001 -0.887088 -0.38004 0.262002 -28.3973 -0.438305 0.871525 -0.219848 -32.7928 0 0 0 1 
				16
				-0.158443 -0.303008 -0.939724 -0.0395349 -0.929626 -0.27492 0.245387 -32.2446 -0.332703 0.912472 -0.238125 -30.2386 0 0 0 1 
				17
				-0.157834 -0.303398 -0.939701 0.108333 -0.938238 -0.250643 0.238512 -33.7878 -0.307893 0.919308 -0.2451 -28.713 0 0 0 1 
				18
				-0.150036 -0.307358 -0.939692 -0.0213129 -0.932714 -0.271242 0.237641 -34.0523 -0.327924 0.912118 -0.245981 -27.8307 0 0 0 1 
				19
				-0.142061 -0.311122 -0.939692 -0.127238 -0.924462 -0.29763 0.238301 -34.0517 -0.353821 0.902563 -0.245339 -27.1932 0 0 0 1 
				20
				-0.134029 -0.314668 -0.939692 -0.228059 -0.915208 -0.324349 0.239149 -34.0202 -0.380041 0.892066 -0.244515 -26.5873 0 0 0 1 
				21
				-0.122622 -0.319275 -0.939695 -0.451981 -0.897045 -0.369419 0.242572 -33.4407 -0.424588 0.872693 -0.241105 -26.2518 0 0 0 1 
				22
				-0.109682 -0.323932 -0.939701 -0.673185 -0.866907 -0.431321 0.249869 -32.1198 -0.486253 0.84204 -0.233511 -26.5082 0 0 0 1 
				23
				-0.0971609 -0.32793 -0.939692 -0.765787 -0.820801 -0.507583 0.262002 -29.8596 -0.56289 0.796757 -0.219848 -27.6725 0 0 0 1 
				24
				-0.0853978 -0.331198 -0.939689 -0.734905 -0.757914 -0.590606 0.27704 -26.8542 -0.646741 0.735862 -0.200583 -29.5635 0 0 0 1 
				25
				-0.0734842 -0.334039 -0.939691 -0.669245 -0.680263 -0.672225 0.292158 -23.4746 -0.729275 0.660705 -0.177836 -31.7541 0 0 0 1 
				26
				-0.0614471 -0.336458 -0.939692 -0.576929 -0.588386 -0.74828 0.306397 -19.8015 -0.806242 0.571729 -0.151987 -34.1598 0 0 0 1 
				27
				-0.0493172 -0.338447 -0.939692 -0.466123 -0.48388 -0.814956 0.318916 -15.9186 -0.873744 0.470426 -0.123576 -36.6981 0 0 0 1 
				28
				-0.0371126 -0.340001 -0.939692 -0.344662 -0.369278 -0.869115 0.329049 -11.9089 -0.928578 0.359219 -0.0932997 -39.2916 0 0 0 1 
				29
				-0.0248476 -0.34112 -0.939691 -0.220362 -0.247912 -0.908517 0.336358 -7.85785 -0.968464 0.241319 -0.0619933 -41.8663 0 0 0 1 
				30
				-0.012556 -0.341796 -0.93969 -0.101397 -0.1237 -0.932014 0.340657 -3.85463 -0.99224 0.120517 -0.0305776 -44.3496 0 0 0 1 
				31
				-0.000271969 -0.342021 -0.939692 0.00405821 -0.000750183 -0.939692 0.342021 0.0111245 -1 0.00079796 -1.01208e-06 -46.6732 0 0 0 1 
				32
				-0.000271969 -0.342021 -0.939692 0.00405821 -0.000750183 -0.939692 0.342021 0.0111245 -1 0.00079796 -1.01208e-06 -46.6732 0 0 0 1 
				33
				-0.000271969 -0.342021 -0.939692 0.00405821 -0.000750183 -0.939692 0.342021 0.0111245 -1 0.00079796 -1.01208e-06 -46.6732 0 0 0 1 
				34
				-0.000271969 -0.342021 -0.939692 0.00405821 -0.000750183 -0.939692 0.342021 0.0111245 -1 0.00079796 -1.01208e-06 -46.6732 0 0 0 1 
				35
				-0.000271969 -0.342021 -0.939692 0.00405821 -0.000750183 -0.939692 0.342021 0.0111245 -1 0.00079796 -1.01208e-06 -46.6732 0 0 0 1 
				36
				-0.000271969 -0.342021 -0.939692 0.00405821 -0.000750183 -0.939692 0.342021 0.0111245 -1 0.00079796 -1.01208e-06 -46.6732 0 0 0 1 
				37
				-0.000271969 -0.342021 -0.939692 0.00405821 -0.000750183 -0.939692 0.342021 0.0111245 -1 0.00079796 -1.01208e-06 -46.6732 0 0 0 1 
				38
				-0.000271969 -0.342021 -0.939692 0.00405821 -0.000750183 -0.939692 0.342021 0.0111245 -1 0.00079796 -1.01208e-06 -46.6732 0 0 0 1 
				39
				-0.000271969 -0.342021 -0.939692 0.00405821 -0.000750183 -0.939692 0.342021 0.0111245 -1 0.00079796 -1.01208e-06 -46.6732 0 0 0 1 
				40
				-0.000271969 -0.342021 -0.939692 0.00405821 -0.000750183 -0.939692 0.342021 0.0111245 -1 0.00079796 -1.01208e-06 -46.6732 0 0 0 1 
				41
				-0.000271969 -0.342021 -0.939692 0.00405821 -0.000750183 -0.939692 0.342021 0.0111245 -1 0.00079796 -1.01208e-06 -46.6732 0 0 0 1 
				42
				-0.000271969 -0.342021 -0.939692 0.00405821 -0.000750183 -0.939692 0.342021 0.0111245 -1 0.00079796 -1.01208e-06 -46.6732 0 0 0 1 
				43
				-0.000271969 -0.342021 -0.939692 0.00405821 -0.000750183 -0.939692 0.342021 0.0111245 -1 0.00079796 -1.01208e-06 -46.6732 0 0 0 1 
				44
				-0.000271969 -0.342021 -0.939692 0.00405821 -0.000750183 -0.939692 0.342021 0.0111245 -1 0.00079796 -1.01208e-06 -46.6732 0 0 0 1 
				45
				-0.000271969 -0.342021 -0.939692 0.00405821 -0.000750183 -0.939692 0.342021 0.0111245 -1 0.00079796 -1.01208e-06 -46.6732 0 0 0 1 
				46
				-0.000271969 -0.342021 -0.939692 0.00405821 -0.000750183 -0.939692 0.342021 0.0111245 -1 0.00079796 -1.01208e-06 -46.6732 0 0 0 1 
				47
				-0.000271969 -0.342021 -0.939692 0.00405821 -0.000750183 -0.939692 0.342021 0.0111245 -1 0.00079796 -1.01208e-06 -46.6732 0 0 0 1 
		</Joint>
			3
				-1
				-6.90265e-05 -0.0871571 -0.996195 0.00104359 -0.000795174 -0.996194 0.0871571 0.0117653 -1 0.000798165 -5.41232e-07 -61.5551 0 0 0 1 
				0
				-0.0451093 -0.0810165 -0.995691 -0.396313 -0.204597 -0.974829 0.0885882 -3.90202 -0.977806 0.207712 0.0273982 -59.3795 0 0 0 1 
				1
				-0.092211 -0.0597035 -0.993948 -0.755342 -0.423006 -0.901302 0.0933819 -8.33469 -0.901423 0.429057 0.057855 -56.7183 0 0 0 1 
				2
				-0.124125 -0.0331158 -0.991714 -1.16402 -0.579129 -0.809141 0.0995043 -11.7133 -0.805731 0.586681 0.0812564 -54.501 0 0 0 1 
				3
				-0.132935 -0.0230646 -0.990856 -1.73033 -0.624627 -0.774257 0.101824 -12.5192 -0.769526 0.632451 0.0885191 -53.8452 0 0 0 1 
				4
				-0.122668 -0.0345905 -0.991845 -2.51949 -0.566694 -0.818006 0.0986148 -10.4855 -0.814746 0.574169 0.080741 -54.902 0 0 0 1 
				5
				-0.100407 -0.0539727 -0.993481 -3.46959 -0.442975 -0.891675 0.0932116 -6.71852 -0.890894 0.449447 0.065622 -56.8208 0 0 0 1 
				6
				-0.067526 -0.0729459 -0.995047 -4.49572 -0.268414 -0.959227 0.088535 -1.93154 -0.960934 0.273063 0.045193 -59.1402 0 0 0 1 
				7
				-0.0280423 -0.0847796 -0.996005 -5.51873 -0.0692782 -0.993836 0.0865455 3.1336 -0.997203 0.0714283 0.0219961 -61.4618 0 0 0 1 
				8
				0.0117378 -0.0867416 -0.996162 -6.46694 0.120314 -0.98887 0.0875243 7.74087 -0.992667 -0.12088 -0.00117092 -63.5008 0 0 0 1 
				9
				0.045095 -0.0809895 -0.995694 -7.26941 0.267148 -0.959431 0.0901389 11.1621 -0.9626 -0.270063 -0.0216293 -65.0717 0 0 0 1 
				10
				0.0666629 -0.0733693 -0.995074 -7.84953 0.344668 -0.934208 0.0919718 12.6657 -0.936354 -0.349102 -0.036989 -66.0308 0 0 0 1 
				11
				0.0726956 -0.0706352 -0.99485 -8.12723 0.33054 -0.939409 0.090852 11.5236 -0.940988 -0.335443 -0.0449431 -66.1936 0 0 0 1 
				12
				0.0382579 -0.0832217 -0.995797 -7.5201 0.050536 -0.99509 0.0851042 2.70312 -0.997989 -0.0535795 -0.0338644 -63.9003 0 0 0 1 
				13
				-0.0413384 -0.0825534 -0.995729 -5.96978 -0.493596 -0.864792 0.0921897 -13.9666 -0.868709 0.495298 -0.00499888 -57.2628 0 0 0 1 
				14
				-0.118423 -0.0395841 -0.992174 -4.19211 -0.898264 -0.421589 0.124034 -30.8465 -0.4232 0.905922 0.0143688 -47.5087 0 0 0 1 
				15
				-0.154744 0.0102711 -0.987901 -2.92087 -0.987801 -0.0192149 0.154529 -41.5986 -0.0173952 0.999763 0.0131192 -39.3274 0 0 0 1 
				16
				-0.163162 0.0293729 -0.986162 -2.39782 -0.976422 0.13839 0.165673 -46.0808 0.141342 0.989942 0.00610027 -35.2016 0 0 0 1 
				17
				-0.162865 0.0283993 -0.986239 -2.24086 -0.972724 0.162719 0.165319 -47.7524 0.165174 0.986264 0.0011235 -33.3067 0 0 0 1 
				18
				-0.158206 0.0173689 -0.987253 -2.25434 -0.980213 0.117704 0.159149 -47.9342 0.118968 0.992897 -0.00159621 -32.7226 0 0 0 1 
				19
				-0.15285 0.00667161 -0.988227 -2.24146 -0.986052 0.0656213 0.152957 -47.8102 0.0658692 0.997822 -0.0034517 -32.4706 0 0 0 1 
				20
				-0.146919 -0.0035517 -0.989142 -2.22261 -0.989075 0.0127112 0.146864 -47.6404 0.0120516 0.999913 -0.00538042 -32.2549 0 0 0 1 
				21
				-0.137637 -0.0170694 -0.990335 -2.27663 -0.987824 -0.0708495 0.138509 -46.7895 -0.0725291 0.997341 -0.00711002 -32.5823 0 0 0 1 
				22
				-0.126018 -0.0309902 -0.991544 -2.30509 -0.975357 -0.178597 0.129543 -45.0189 -0.181101 0.983434 -0.00772005 -33.7562 0 0 0 1 
				23
				-0.113821 -0.0430604 -0.992568 -2.21121 -0.945321 -0.302651 0.121533 -42.0711 -0.305635 0.952128 -0.00625793 -36.0606 0 0 0 1 
				24
				-0.101605 -0.0530812 -0.993408 -2.00516 -0.893942 -0.433287 0.114584 -38.1282 -0.436513 0.899691 -0.00342739 -39.1989 0 0 0 1 
				25
				-0.0885897 -0.061915 -0.994142 -1.76209 -0.819724 -0.56247 0.108078 -33.5915 -0.565866 0.824496 -0.000924204 -42.6169 0 0 0 1 
				26
				-0.0748859 -0.0695062 -0.994767 -1.49056 -0.722419 -0.683866 0.102167 -28.5497 -0.687388 0.72629 0.000999251 -46.1668 0 0 0 1 
				27
				-0.06061 -0.0757949 -0.99528 -1.19916 -0.603645 -0.791327 0.0970235 -23.1102 -0.794946 0.606677 0.00220914 -49.7082 0 0 0 1 
				28
				-0.0458716 -0.0807337 -0.99568 -0.89601 -0.466764 -0.879498 0.0928173 -17.394 -0.883192 0.469005 0.00266039 -53.1162 0 0 0 1 
				29
				-0.0307809 -0.0842919 -0.995965 -0.589143 -0.316628 -0.944298 0.0897047 -11.5361 -0.94805 0.318112 0.00237715 -56.2826 0 0 0 1 
				30
				-0.0154688 -0.0864395 -0.996137 -0.28723 -0.159178 -0.983338 0.0878006 -5.68387 -0.987129 0.159921 0.00145178 -59.1179 0 0 0 1 
				31
				-6.90265e-05 -0.0871571 -0.996195 0.00104359 -0.000795174 -0.996194 0.0871571 0.0117653 -1 0.000798165 -5.41232e-07 -61.5551 0 0 0 1 
				32
				-6.90265e-05 -0.0871571 -0.996195 0.00104359 -0.000795174 -0.996194 0.0871571 0.0117653 -1 0.000798165 -5.41232e-07 -61.5551 0 0 0 1 
				33
				-6.90265e-05 -0.0871571 -0.996195 0.00104359 -0.000795174 -0.996194 0.0871571 0.0117653 -1 0.000798165 -5.41232e-07 -61.5551 0 0 0 1 
				34
				-6.90265e-05 -0.0871571 -0.996195 0.00104359 -0.000795174 -0.996194 0.0871571 0.0117653 -1 0.000798165 -5.41232e-07 -61.5551 0 0 0 1 
				35
				-6.90265e-05 -0.0871571 -0.996195 0.00104359 -0.000795174 -0.996194 0.0871571 0.0117653 -1 0.000798165 -5.41232e-07 -61.5551 0 0 0 1 
				36
				-6.90265e-05 -0.0871571 -0.996195 0.00104359 -0.000795174 -0.996194 0.0871571 0.0117653 -1 0.000798165 -5.41232e-07 -61.5551 0 0 0 1 
				37
				-6.90265e-05 -0.0871571 -0.996195 0.00104359 -0.000795174 -0.996194 0.0871571 0.0117653 -1 0.000798165 -5.41232e-07 -61.5551 0 0 0 1 
				38
				-6.90265e-05 -0.0871571 -0.996195 0.00104359 -0.000795174 -0.996194 0.0871571 0.0117653 -1 0.000798165 -5.41232e-07 -61.5551 0 0 0 1 
				39
				-6.90265e-05 -0.0871571 -0.996195 0.00104359 -0.000795174 -0.996194 0.0871571 0.0117653 -1 0.000798165 -5.41232e-07 -61.5551 0 0 0 1 
				40
				-6.90265e-05 -0.0871571 -0.996195 0.00104359 -0.000795174 -0.996194 0.0871571 0.0117653 -1 0.000798165 -5.41232e-07 -61.5551 0 0 0 1 
				41
				-6.90265e-05 -0.0871571 -0.996195 0.00104359 -0.000795174 -0.996194 0.0871571 0.0117653 -1 0.000798165 -5.41232e-07 -61.5551 0 0 0 1 
				42
				-6.90265e-05 -0.0871571 -0.996195 0.00104359 -0.000795174 -0.996194 0.0871571 0.0117653 -1 0.000798165 -5.41232e-07 -61.5551 0 0 0 1 
				43
				-6.90265e-05 -0.0871571 -0.996195 0.00104359 -0.000795174 -0.996194 0.0871571 0.0117653 -1 0.000798165 -5.41232e-07 -61.5551 0 0 0 1 
				44
				-6.90265e-05 -0.0871571 -0.996195 0.00104359 -0.000795174 -0.996194 0.0871571 0.0117653 -1 0.000798165 -5.41232e-07 -61.5551 0 0 0 1 
				45
				-6.90265e-05 -0.0871571 -0.996195 0.00104359 -0.000795174 -0.996194 0.0871571 0.0117653 -1 0.000798165 -5.41232e-07 -61.5551 0 0 0 1 
				46
				-6.90265e-05 -0.0871571 -0.996195 0.00104359 -0.000795174 -0.996194 0.0871571 0.0117653 -1 0.000798165 -5.41232e-07 -61.5551 0 0 0 1 
				47
				-6.90265e-05 -0.0871571 -0.996195 0.00104359 -0.000795174 -0.996194 0.0871571 0.0117653 -1 0.000798165 -5.41232e-07 -61.5551 0 0 0 1 
		</Joint>
			4
				-1
				-6.90265e-05 -0.0871571 -0.996195 0.000250672 -0.000795174 -0.996194 0.0871571 0.00261005 -1 0.000798165 -5.4124e-07 -76.437 0 0 0 1 
				0
				-0.0451093 -0.0810165 -0.995691 -1.06741 -0.204597 -0.974829 0.0885882 -6.94419 -0.977806 0.207712 0.0273981 -73.9317 0 0 0 1 
				1
				-0.092211 -0.0597035 -0.993948 -2.12746 -0.423006 -0.901302 0.0933818 -14.6274 -0.901423 0.429057 0.057855 -70.1343 0 0 0 1 
				2
				-0.124125 -0.0331158 -0.991714 -3.01115 -0.579129 -0.809141 0.0995043 -20.3296 -0.805731 0.586681 0.0812564 -66.4934 0 0 0 1 
				3
				-0.132935 -0.0230646 -0.990856 -3.70859 -0.624627 -0.774257 0.101824 -21.8127 -0.769526 0.632451 0.0885191 -65.2989 0 0 0 1 
				4
				-0.122668 -0.0345905 -0.991845 -4.34493 -0.566694 -0.818006 0.0986148 -18.9168 -0.814746 0.574169 0.080741 -67.0285 0 0 0 1 
				5
				-0.100407 -0.0539727 -0.993481 -4.96369 -0.442975 -0.891675 0.0932116 -13.3084 -0.890894 0.449447 0.065622 -70.0801 0 0 0 1 
				6
				-0.067526 -0.0729459 -0.995047 -5.50044 -0.268414 -0.959227 0.088535 -5.92346 -0.960934 0.273063 0.045193 -73.4414 0 0 0 1 
				7
				-0.0280423 -0.0847796 -0.996005 -5.93582 -0.0692782 -0.993836 0.0865455 2.10528 -0.997203 0.0714283 0.0219961 -76.3022 0 0 0 1 
				8
				0.0117378 -0.0867416 -0.996162 -6.29202 0.120314 -0.98887 0.0875243 9.53403 -0.992667 -0.12088 -0.00117092 -78.2733 0 0 0 1 
				9
				0.045095 -0.0809895 -0.995694 -6.59809 0.267148 -0.959431 0.0901389 15.1403 -0.9626 -0.270063 -0.0216293 -79.3963 0 0 0 1 
				10
				0.0666629 -0.0733693 -0.995074 -6.85727 0.344668 -0.934208 0.0919718 17.7975 -0.936354 -0.349102 -0.036989 -79.9646 0 0 0 1 
				11
				0.0726956 -0.0706352 -0.99485 -7.04519 0.33054 -0.939409 0.090852 16.4452 -0.940988 -0.335442 -0.0449431 -80.1964 0 0 0 1 
				12
				0.0382579 -0.0832217 -0.995797 -6.95053 0.050536 -0.99509 0.0851042 3.45787 -0.997989 -0.0535795 -0.0338644 -78.7521 0 0 0 1 
				13
				-0.0413384 -0.0825534 -0.995729 -6.58475 -0.493596 -0.864792 0.0921897 -21.3099 -0.868709 0.495298 -0.00499888 -70.1922 0 0 0 1 
				14
				-0.118423 -0.0395841 -0.992174 -5.95436 -0.898264 -0.421589 0.124034 -44.2133 -0.4232 0.905922 0.0143688 -53.8091 0 0 0 1 
				15
				-0.154744 0.0102711 -0.987901 -5.22379 -0.987801 -0.0192149 0.154529 -56.2989 -0.0173952 0.999763 0.0131192 -39.589 0 0 0 1 
				16
				-0.163162 0.0293729 -0.986162 -4.82606 -0.976422 0.13839 0.165673 -60.6122 0.141342 0.989942 0.00610027 -33.1009 0 0 0 1 
				17
				-0.162865 0.0283993 -0.986239 -4.66468 -0.972724 0.162719 0.165319 -62.2288 0.165174 0.986264 0.0011235 -30.8513 0 0 0 1 
				18
				-0.158206 0.0173689 -0.987253 -4.60879 -0.980213 0.117704 0.159149 -62.522 0.118968 0.992897 -0.00159621 -30.9548 0 0 0 1 
				19
				-0.152851 0.00667161 -0.988227 -4.51618 -0.986052 0.0656213 0.152957 -62.4846 0.0658692 0.997822 -0.0034517 -31.493 0 0 0 1 
				20
				-0.146919 -0.0035517 -0.989142 -4.40904 -0.989075 0.0127112 0.146864 -62.3597 0.0120516 0.999913 -0.00538042 -32.0783 0 0 0 1 
				21
				-0.137637 -0.0170694 -0.990335 -4.32488 -0.987824 -0.0708495 0.138509 -61.49 -0.0725291 0.997341 -0.00711002 -33.6643 0 0 0 1 
				22
				-0.126018 -0.0309902 -0.991544 -4.1804 -0.975357 -0.178597 0.129543 -59.5336 -0.181101 0.983434 -0.00772005 -36.4539 0 0 0 1 
				23
				-0.113821 -0.0430604 -0.992568 -3.90497 -0.945321 -0.302651 0.121533 -56.1384 -0.305635 0.952128 -0.00625793 -40.6116 0 0 0 1 
				24
				-0.101605 -0.0530812 -0.993408 -3.51709 -0.893942 -0.433287 0.114584 -51.4306 -0.436513 0.899691 -0.00342739 -45.6975 0 0 0 1 
				25
				-0.0885897 -0.061915 -0.994142 -3.08031 -0.819724 -0.56247 0.108078 -45.789 -0.565866 0.824496 -0.000924202 -51.0402 0 0 0 1 
				26
				-0.0748859 -0.0695062 -0.994767 -2.60481 -0.722419 -0.683866 0.102167 -39.2989 -0.687388 0.72629 0.000999249 -56.3984 0 0 0 1 
				27
				-0.06061 -0.0757949 -0.99528 -2.10095 -0.603645 -0.791327 0.0970235 -32.0915 -0.794946 0.606677 0.00220914 -61.5402 0 0 0 1 
				28
				-0.0458716 -0.0807337 -0.99568 -1.57845 -0.466764 -0.879498 0.0928173 -24.338 -0.883192 0.469005 0.00266039 -66.261 0 0 0 1 
				29
				-0.0307809 -0.0842919 -0.995965 -1.04699 -0.316628 -0.944298 0.0897047 -16.2456 -0.94805 0.318112 0.00237715 -70.3922 0 0 0 1 
				30
				-0.0154688 -0.0864394 -0.996137 -0.517202 -0.159178 -0.983338 0.0878006 -8.05009 -0.987129 0.159921 0.00145178 -73.8086 0 0 0 1 
				31
				-6.90265e-05 -0.0871571 -0.996195 0.000250672 -0.000795174 -0.996194 0.0871571 0.00261005 -1 0.000798165 -5.4124e-07 -76.437 0 0 0 1 
				32
				-6.90265e-05 -0.0871571 -0.996195 0.000250672 -0.000795174 -0.996194 0.0871571 0.00261005 -1 0.000798165 -5.4124e-07 -76.437 0 0 0 1 
				33
				-6.90265e-05 -0.0871571 -0.996195 0.000250672 -0.000795174 -0.996194 0.0871571 0.00261005 -1 0.000798165 -5.4124e-07 -76.437 0 0 0 1 
				34
				-6.90265e-05 -0.0871571 -0.996195 0.000250672 -0.000795174 -0.996194 0.0871571 0.00261005 -1 0.000798165 -5.4124e-07 -76.437 0 0 0 1 
				35
				-6.90265e-05 -0.0871571 -0.996195 0.000250672 -0.000795174 -0.996194 0.0871571 0.00261005 -1 0.000798165 -5.4124e-07 -76.437 0 0 0 1 
				36
				-6.90265e-05 -0.0871571 -0.996195 0.000250672 -0.000795174 -0.996194 0.0871571 0.00261005 -1 0.000798165 -5.4124e-07 -76.437 0 0 0 1 
				37
				-6.90265e-05 -0.0871571 -0.996195 0.000250672 -0.000795174 -0.996194 0.0871571 0.00261005 -1 0.000798165 -5.4124e-07 -76.437 0 0 0 1 
				38
				-6.90265e-05 -0.0871571 -0.996195 0.000250672 -0.000795174 -0.996194 0.0871571 0.00261005 -1 0.000798165 -5.4124e-07 -76.437 0 0 0 1 
				39
				-6.90265e-05 -0.0871571 -0.996195 0.000250672 -0.000795174 -0.996194 0.0871571 0.00261005 -1 0.000798165 -5.4124e-07 -76.437 0 0 0 1 
				40
				-6.90265e-05 -0.0871571 -0.996195 0.000250672 -0.000795174 -0.996194 0.0871571 0.00261005 -1 0.000798165 -5.4124e-07 -76.437 0 0 0 1 
				41
				-6.90265e-05 -0.0871571 -0.996195 0.000250672 -0.000795174 -0.996194 0.0871571 0.00261005 -1 0.000798165 -5.4124e-07 -76.437 0 0 0 1 
				42
				-6.90265e-05 -0.0871571 -0.996195 0.000250672 -0.000795174 -0.996194 0.0871571 0.00261005 -1 0.000798165 -5.4124e-07 -76.437 0 0 0 1 
				43
				-6.90265e-05 -0.0871571 -0.996195 0.000250672 -0.000795174 -0.996194 0.0871571 0.00261005 -1 0.000798165 -5.4124e-07 -76.437 0 0 0 1 
				44
				-6.90265e-05 -0.0871571 -0.996195 0.000250672 -0.000795174 -0.996194 0.0871571 0.00261005 -1 0.000798165 -5.4124e-07 -76.437 0 0 0 1 
				45
				-6.90265e-05 -0.0871571 -0.996195 0.000250672 -0.000795174 -0.996194 0.0871571 0.00261005 -1 0.000798165 -5.4124e-07 -76.437 0 0 0 1 
				46
				-6.90265e-05 -0.0871571 -0.996195 0.000250672 -0.000795174 -0.996194 0.0871571 0.00261005 -1 0.000798165 -5.4124e-07 -76.437 0 0 0 1 
				47
				-6.90265e-05 -0.0871571 -0.996195 0.000250672 -0.000795174 -0.996194 0.0871571 0.00261005 -1 0.000798165 -5.4124e-07 -76.437 0 0 0 1 
		</Joint>
			5
				-1
				0.996195 0.0871571 2.4103e-06 1.59826 -0.0871571 0.996195 1.67575e-06 -0.139894 -2.25508e-06 -1.87944e-06 1 -76.437 0 0 0 1 
				0
				0.995691 0.0810524 0.0450476 0.52981 -0.0885888 0.974992 0.20382 -7.08893 -0.0274009 -0.206933 0.977971 -73.9751 0 0 0 1 
				1
				0.993948 0.0597769 0.0921662 -0.532978 -0.093383 0.901639 0.422288 -14.7796 -0.0578576 -0.428339 0.901764 -70.226 0 0 0 1 
				2
				0.991714 0.0332146 0.124102 -1.42018 -0.0995059 0.809602 0.578484 -20.4914 -0.0812587 -0.586039 0.806198 -66.6222 0 0 0 1 
				3
				0.990856 0.0231705 0.13292 -2.11898 -0.101826 0.774754 0.62401 -21.9782 -0.0885213 -0.631838 0.770029 -65.4392 0 0 0 1 
				4
				0.991844 0.0346882 0.122643 -2.75376 -0.0986164 0.818457 0.566042 -19.0772 -0.0807433 -0.57352 0.815202 -67.1565 0 0 0 1 
				5
				0.993481 0.0540527 0.100367 -3.36994 -0.0932129 0.892028 0.442265 -13.4604 -0.0656245 -0.448737 0.891251 -70.1842 0 0 0 1 
				6
				0.995047 0.0729996 0.0674706 -3.90424 -0.0885358 0.95944 0.267649 -6.06807 -0.0451957 -0.272297 0.961151 -73.5132 0 0 0 1 
				7
				0.996005 0.084802 0.0279776 -4.33811 -0.0865458 0.993891 0.0684865 1.96377 -0.0219988 -0.0706343 0.99726 -76.3373 0 0 0 1 
				8
				0.996162 0.0867322 -0.0118041 -4.69406 -0.087524 0.988774 -0.121102 9.39096 0.00116815 0.12167 0.99257 -78.2717 0 0 0 1 
				9
				0.995695 0.0809535 -0.0451567 -5.00087 -0.0901382 0.959218 -0.267912 14.9932 0.0216266 0.270829 0.962384 -79.3623 0 0 0 1 
				10
				0.995074 0.0733161 -0.0667185 -5.26102 -0.0919708 0.933933 -0.345413 17.6475 0.0369863 0.349847 0.936076 -79.9062 0 0 0 1 
				11
				0.99485 0.0705772 -0.072749 -5.4493 -0.0908511 0.939145 -0.331288 16.2969 0.0449405 0.336192 0.94072 -80.1252 0 0 0 1 
				12
				0.995797 0.0831913 -0.0383214 -5.35315 -0.0851041 0.995049 -0.0513286 3.31866 0.0338616 0.0543742 0.997947 -78.6979 0 0 0 1 
				13
				0.995729 0.0825863 0.0412755 -4.98748 -0.0921911 0.865185 0.492907 -21.4601 0.00499645 -0.494607 0.869103 -70.1829 0 0 0 1 
				14
				0.992174 0.0396784 0.118394 -4.36267 -0.124036 0.422304 0.897928 -44.4134 -0.01437 -0.905585 0.423921 -53.8297 0 0 0 1 
				15
				0.987901 -0.0101479 0.154755 -3.63882 -0.154532 0.0200014 0.987785 -56.5469 -0.0131192 -0.999749 0.0181913 -39.6073 0 0 0 1 
				16
				0.986161 -0.029243 0.163189 -3.24384 -0.165676 -0.137613 0.976532 -60.8776 -0.00609988 -0.990054 -0.140553 -33.108 0 0 0 1 
				17
				0.986239 -0.0282696 0.162891 -3.08233 -0.165322 -0.161944 0.972853 -62.4936 -0.00112304 -0.986395 -0.164389 -30.8504 0 0 0 1 
				18
				0.987253 -0.0172429 0.158222 -3.02484 -0.159151 -0.116923 0.980306 -62.777 0.00159655 -0.992991 -0.118177 -30.9496 0 0 0 1 
				19
