<?xml version='1.0' encoding='UTF-8' ?>
<itpanim>
	<skeleton count>
		25
			0 -1
			1.37091e-06 -1 -6.12323e-17 1.44898e-05 1 1.37091e-06 -6.12323e-17 -1.98691e-11 6.12323e-17 -6.12323e-17 1 80.8015 0 0 0 1 
			1 0
			1.3868e-06 4.78456e-08 -1 -80.8015 2.75771e-06 -1 -4.78418e-08 1.44901e-05 -1 -2.75771e-06 -1.3868e-06 -0.000112056 0 0 0 1 
			2 1
			1.40269e-06 -0.000796318 -1 -90.1364 0 -1 0.000796318 0.0931538 -1 -1.11699e-09 -1.40269e-06 -2.58351e-07 0 0 0 1 
			3 2
			1.40269e-06 -0.000796318 -1 -116.969 0 -1 0.000796318 0.11452 -1 -1.11699e-09 -1.40269e-06 -3.17612e-07 0 0 0 1 
			4 3
			1.40269e-06 -0.000796318 -1 -143.801 0 -1 0.000796318 0.119367 -1 -1.11699e-09 -1.40269e-06 -3.31058e-07 0 0 0 1 
			5 4
			1 1.37091e-06 4.37113e-08 -2.89267 -1.37091e-06 1 3.58059e-15 -8.20407e-06 -4.37113e-08 -6.35048e-14 1 143.801 0 0 0 1 
			6 5
			0.995014 0.0902305 0.042489 -10.1726 -0.0897157 0.995871 -0.0138741 -0.527027 -0.0435655 0.00999304 0.999001 144.37 0 0 0 1 
			7 6
			0.994845 -0.0912189 0.0442967 -37.2146 0.0915704 0.995781 -0.00596753 -7.37347 -0.0435655 0.00999304 0.999001 144.37 0 0 0 1 
			8 7
			0.994845 -0.0912189 0.0442967 -64.9763 -0.0434925 0.0107859 0.998995 144.365 -0.091605 -0.995772 0.00676301 7.48842 0 0 0 1 
			9 4
			-1 -1.37091e-06 4.37114e-08 -2.89267 -1.37091e-06 1 3.84662e-15 -8.20407e-06 -4.37115e-08 -5.60777e-14 -1 -143.801 0 0 0 1 
			10 9
			-0.995014 0.0902277 0.042489 -10.1726 0.089713 0.995871 -0.0138741 -0.527027 -0.0435654 -0.00999316 -0.999001 -144.37 0 0 0 1 
			11 10
			-0.994845 -0.0912216 0.0442967 -37.2146 -0.0915731 0.99578 -0.00596753 -7.37347 -0.0435654 -0.00999316 -0.999001 -144.37 0 0 0 1 
			12 11
			-0.994845 -0.0912216 0.0442967 -64.9763 0.0434925 0.0107861 0.998995 144.365 -0.0916078 0.995772 -0.00676301 -7.48842 0 0 0 1 
			13 4
			1.34309e-06 -5.95475e-08 -1 -149.889 -1.40269e-06 -1 5.95456e-08 7.93768e-06 -1 1.40269e-06 -1.34309e-06 -0.000201315 0 0 0 1 
			14 13
			1 -0 0 0 0 1 0 0 -0 -0 1 -0 0 0 0 1 
			15 2
			1.37369e-06 -0.0998334 0.995004 80.3979 0 -0.995004 -0.0998334 -8.06668 1 1.3714e-07 -1.36683e-06 -8.2648 0 0 0 1 
			16 15
			1.37369e-06 0.0998334 0.995004 45.0607 0 -0.995004 0.0998334 0.903508 1 -1.3714e-07 -1.36683e-06 -8.2648 0 0 0 1 
			17 16
			1.3716e-06 -6.00745e-14 1 9.05003 0 -1 -6.00745e-14 1.19116e-05 1 8.23984e-20 -1.3716e-06 -8.2648 0 0 0 1 
			18 17
			1.3723e-06 -1 -6.00133e-14 -12.2319 0 6.00133e-14 -1 -0.75718 1 1.3723e-06 8.23562e-20 -8.2648 0 0 0 1 
			19 18
			1 -0 0 0 0 1 0 0 -0 -0 1 -0 0 0 0 1 
			20 2
			1.37369e-06 -0.0998334 0.995004 80.3979 0 -0.995004 -0.0998334 -8.06668 1 1.3714e-07 -1.36683e-06 8.26481 0 0 0 1 
			21 20
			1.37369e-06 0.0998334 0.995004 45.0607 0 -0.995004 0.0998334 0.903507 1 -1.3714e-07 -1.36683e-06 8.26481 0 0 0 1 
			22 21
			1.3716e-06 -6.00745e-14 1 9.05003 0 -1 -6.00745e-14 1.19116e-05 1 8.23984e-20 -1.3716e-06 8.26481 0 0 0 1 
			23 22
			1.3723e-06 -1 5.98908e-14 -12.2319 0 -5.98908e-14 -1 -0.75718 1 1.3723e-06 -8.21882e-20 8.26481 0 0 0 1 
			24 23
			1 -0 0 0 0 1 0 0 -0 -0 1 -0 0 0 0 1 
	</skeleton>
		<animations>
			33
			0
				-1
				1.46474e-06 1 0 0 -1 1.46474e-06 0 1.01124e-06 -0 -0 1 -69.0749 0 0 0 1 
				0
				1.46474e-06 1 0 0 -1 1.46474e-06 0 9.53598e-07 -0 -0 1 -70.3936 0 0 0 1 
				1
				1.46474e-06 1 0 0 -1 1.46474e-06 0 8.87581e-07 -0 -0 1 -71.9039 0 0 0 1 
				2
				1.46474e-06 1 0 0 -1 1.46474e-06 0 8.18247e-07 -0 -0 1 -73.4901 0 0 0 1 
				3
				1.46474e-06 1 0 0 -1 1.46474e-06 0 7.50651e-07 -0 -0 1 -75.0365 0 0 0 1 
				4
				1.33158e-06 1 0 0 -1 1.33158e-06 0 6.89688e-07 -0 -0 1 -76.4312 0 0 0 1 
				5
				1.46474e-06 1 0 0 -1 1.46474e-06 0 6.40256e-07 -0 -0 1 -77.5621 0 0 0 1 
				6
				1.46474e-06 1 0 0 -1 1.46474e-06 0 6.07408e-07 -0 -0 1 -78.3136 0 0 0 1 
				7
				1.46474e-06 1 0 0 -1 1.46474e-06 0 5.962e-07 -0 -0 1 -78.57 0 0 0 1 
				8
				1.46474e-06 1 0 0 -1 1.46474e-06 0 6.15598e-07 -0 -0 1 -78.1262 0 0 0 1 
				9
				1.46474e-06 1 0 0 -1 1.46474e-06 0 6.65071e-07 -0 -0 1 -76.9944 0 0 0 1 
				10
				1.33158e-06 1 0 0 -1 1.33158e-06 0 7.34471e-07 -0 -0 1 -75.4067 0 0 0 1 
				11
				1.46474e-06 1 0 0 -1 1.46474e-06 0 8.13649e-07 -0 -0 1 -73.5953 0 0 0 1 
				12
				1.33158e-06 1 0 0 -1 1.33158e-06 0 8.92778e-07 -0 -0 1 -71.785 0 0 0 1 
				13
				1.46474e-06 1 0 0 -1 1.46474e-06 0 9.62027e-07 -0 -0 1 -70.2008 0 0 0 1 
				14
				1.46474e-06 1 0 0 -1 1.46474e-06 0 1.01125e-06 -0 -0 1 -69.0747 0 0 0 1 
				15
				1.46474e-06 1 0 0 -1 1.46474e-06 0 1.0303e-06 -0 -0 1 -68.639 0 0 0 1 
				16
				1.46474e-06 1 0 0 -1 1.46474e-06 0 1.013e-06 -0 -0 1 -69.0346 0 0 0 1 
				17
				1.46474e-06 1 0 0 -1 1.46474e-06 0 9.65782e-07 -0 -0 1 -70.1149 0 0 0 1 
				18
				1.46474e-06 1 0 0 -1 1.46474e-06 0 8.98634e-07 -0 -0 1 -71.6511 0 0 0 1 
				19
				1.46474e-06 1 0 0 -1 1.46474e-06 0 8.21555e-07 -0 -0 1 -73.4144 0 0 0 1 
				20
				1.46474e-06 1 0 0 -1 1.46474e-06 0 7.44228e-07 -0 -0 1 -75.1835 0 0 0 1 
				21
				1.46474e-06 1 0 0 -1 1.46474e-06 0 6.76337e-07 -0 -0 1 -76.7366 0 0 0 1 
				22
				1.46474e-06 1 0 0 -1 1.46474e-06 0 6.27878e-07 -0 -0 1 -77.8453 0 0 0 1 
				23
				1.46474e-06 1 0 0 -1 1.46474e-06 0 6.08849e-07 -0 -0 1 -78.2806 0 0 0 1 
				24
				1.46474e-06 1 0 0 -1 1.46474e-06 0 6.19688e-07 -0 -0 1 -78.0326 0 0 0 1 
				25
				1.46474e-06 1 0 0 -1 1.46474e-06 0 6.51521e-07 -0 -0 1 -77.3044 0 0 0 1 
				26
				1.46474e-06 1 0 0 -1 1.46474e-06 0 6.99446e-07 -0 -0 1 -76.208 0 0 0 1 
				27
				1.46474e-06 1 0 0 -1 1.46474e-06 0 7.58556e-07 -0 -0 1 -74.8557 0 0 0 1 
				28
				1.46474e-06 1 0 0 -1 1.46474e-06 0 8.24103e-07 -0 -0 1 -73.3561 0 0 0 1 
				29
				1.46474e-06 1 0 0 -1 1.46474e-06 0 8.91336e-07 -0 -0 1 -71.818 0 0 0 1 
				30
				1.46474e-06 1 0 0 -1 1.46474e-06 0 9.55351e-07 -0 -0 1 -70.3535 0 0 0 1 
				31
				1.46474e-06 1 0 0 -1 1.46474e-06 0 1.01124e-06 -0 -0 1 -69.0749 0 0 0 1 
		</Joint>
			1
				-1
				1.33158e-06 2.79632e-06 -1 0 0 -1 -2.79632e-06 1.01124e-06 -1 3.72352e-12 -1.33158e-06 -69.0749 0 0 0 1 
				0
				1.33158e-06 2.79632e-06 -1 0 0 -1 -2.79632e-06 9.53598e-07 -1 3.72352e-12 -1.33158e-06 -70.3936 0 0 0 1 
				1
				1.33158e-06 2.79632e-06 -1 0 0 -1 -2.79632e-06 8.87581e-07 -1 3.72352e-12 -1.33158e-06 -71.9039 0 0 0 1 
				2
				1.33158e-06 2.79632e-06 -1 0 0 -1 -2.79632e-06 8.18247e-07 -1 3.72352e-12 -1.33158e-06 -73.4901 0 0 0 1 
				3
				1.33158e-06 2.79632e-06 -1 0 0 -1 -2.79632e-06 7.50651e-07 -1 3.72352e-12 -1.33158e-06 -75.0365 0 0 0 1 
				4
				1.33158e-06 2.66316e-06 -1 0 0 -1 -2.66316e-06 6.89688e-07 -1 3.54621e-12 -1.33158e-06 -76.4312 0 0 0 1 
				5
				1.33158e-06 2.79632e-06 -1 0 0 -1 -2.79632e-06 6.40256e-07 -1 3.72352e-12 -1.33158e-06 -77.5621 0 0 0 1 
				6
				1.33158e-06 2.79632e-06 -1 0 0 -1 -2.79632e-06 6.07408e-07 -1 3.72352e-12 -1.33158e-06 -78.3136 0 0 0 1 
				7
				1.33158e-06 2.79632e-06 -1 0 0 -1 -2.79632e-06 5.962e-07 -1 3.72352e-12 -1.33158e-06 -78.57 0 0 0 1 
				8
				1.33158e-06 2.79632e-06 -1 0 0 -1 -2.79632e-06 6.15598e-07 -1 3.72352e-12 -1.33158e-06 -78.1262 0 0 0 1 
				9
				1.33158e-06 2.79632e-06 -1 0 0 -1 -2.79632e-06 6.65071e-07 -1 3.72352e-12 -1.33158e-06 -76.9944 0 0 0 1 
				10
				1.33158e-06 2.66316e-06 -1 0 0 -1 -2.66316e-06 7.34471e-07 -1 3.54621e-12 -1.33158e-06 -75.4067 0 0 0 1 
				11
				1.33158e-06 2.79632e-06 -1 0 0 -1 -2.79632e-06 8.13649e-07 -1 3.72352e-12 -1.33158e-06 -73.5953 0 0 0 1 
				12
				1.33158e-06 2.66316e-06 -1 0 0 -1 -2.66316e-06 8.92778e-07 -1 3.54621e-12 -1.33158e-06 -71.785 0 0 0 1 
				13
				1.33158e-06 2.79632e-06 -1 0 0 -1 -2.79632e-06 9.62027e-07 -1 3.72352e-12 -1.33158e-06 -70.2008 0 0 0 1 
				14
				1.33158e-06 2.79632e-06 -1 0 0 -1 -2.79632e-06 1.01125e-06 -1 3.72352e-12 -1.33158e-06 -69.0747 0 0 0 1 
				15
				1.33158e-06 2.79632e-06 -1 0 0 -1 -2.79632e-06 1.0303e-06 -1 3.72352e-12 -1.33158e-06 -68.639 0 0 0 1 
				16
				1.33158e-06 2.79632e-06 -1 0 0 -1 -2.79632e-06 1.013e-06 -1 3.72352e-12 -1.33158e-06 -69.0346 0 0 0 1 
				17
				1.33158e-06 2.79632e-06 -1 0 0 -1 -2.79632e-06 9.65782e-07 -1 3.72352e-12 -1.33158e-06 -70.1149 0 0 0 1 
				18
				1.33158e-06 2.79632e-06 -1 0 0 -1 -2.79632e-06 8.98634e-07 -1 3.72352e-12 -1.33158e-06 -71.6511 0 0 0 1 
				19
				1.33158e-06 2.79632e-06 -1 0 0 -1 -2.79632e-06 8.21555e-07 -1 3.72352e-12 -1.33158e-06 -73.4144 0 0 0 1 
				20
				1.33158e-06 2.79632e-06 -1 0 0 -1 -2.79632e-06 7.44228e-07 -1 3.72352e-12 -1.33158e-06 -75.1835 0 0 0 1 
				21
				1.33158e-06 2.79632e-06 -1 0 0 -1 -2.79632e-06 6.76337e-07 -1 3.72352e-12 -1.33158e-06 -76.7366 0 0 0 1 
				22
				1.33158e-06 2.79632e-06 -1 0 0 -1 -2.79632e-06 6.27878e-07 -1 3.72352e-12 -1.33158e-06 -77.8453 0 0 0 1 
				23
				1.33158e-06 2.79632e-06 -1 0 0 -1 -2.79632e-06 6.08849e-07 -1 3.72352e-12 -1.33158e-06 -78.2806 0 0 0 1 
				24
				1.33158e-06 2.79632e-06 -1 0 0 -1 -2.79632e-06 6.19688e-07 -1 3.72352e-12 -1.33158e-06 -78.0326 0 0 0 1 
				25
				1.33158e-06 2.79632e-06 -1 0 0 -1 -2.79632e-06 6.51521e-07 -1 3.72352e-12 -1.33158e-06 -77.3044 0 0 0 1 
				26
				1.33158e-06 2.79632e-06 -1 0 0 -1 -2.79632e-06 6.99446e-07 -1 3.72352e-12 -1.33158e-06 -76.208 0 0 0 1 
				27
				1.33158e-06 2.79632e-06 -1 0 0 -1 -2.79632e-06 7.58556e-07 -1 3.72352e-12 -1.33158e-06 -74.8557 0 0 0 1 
				28
				1.33158e-06 2.79632e-06 -1 0 0 -1 -2.79632e-06 8.24103e-07 -1 3.72352e-12 -1.33158e-06 -73.3561 0 0 0 1 
				29
				1.33158e-06 2.79632e-06 -1 0 0 -1 -2.79632e-06 8.91336e-07 -1 3.72352e-12 -1.33158e-06 -71.818 0 0 0 1 
				30
				1.33158e-06 2.79632e-06 -1 0 0 -1 -2.79632e-06 9.55351e-07 -1 3.72352e-12 -1.33158e-06 -70.3535 0 0 0 1 
				31
				1.33158e-06 2.79632e-06 -1 0 0 -1 -2.79632e-06 1.01124e-06 -1 3.72352e-12 -1.33158e-06 -69.0749 0 0 0 1 
		</Joint>
			2
				-1
				0.0588777 -0.043365 -0.997323 0.000938862 -0.545795 -0.837908 0.00421206 0.0178922 -0.835848 0.544085 -0.0730025 -78.4214 0 0 0 1 
				0
				0.059909 -0.0419283 -0.997323 0.000908089 -0.525371 -0.850863 0.00421208 0.0181702 -0.848762 0.523712 -0.0730023 -79.7397 0 0 0 1 
				1
				0.0610444 -0.0402574 -0.997323 0.000872558 -0.501666 -0.865051 0.00421214 0.0184718 -0.862905 0.500065 -0.0730022 -81.2495 0 0 0 1 
				2
				0.0621856 -0.038471 -0.997323 0.00083425 -0.476379 -0.87923 0.00421215 0.0187759 -0.877038 0.474842 -0.0730022 -82.8352 0 0 0 1 
				3
				0.0632485 -0.0366975 -0.997323 0.000796523 -0.45133 -0.892347 0.00421223 0.0190554 -0.890113 0.449855 -0.0730023 -84.3811 0 0 0 1 
				4
				0.0641654 -0.0350699 -0.997323 0.00076168 -0.428386 -0.903586 0.00421241 0.019294 -0.901315 0.426969 -0.0730024 -85.7752 0 0 0 1 
				5
				0.0648811 -0.0337269 -0.997323 0.00073282 -0.40949 -0.912305 0.00421229 0.0194818 -0.910004 0.408121 -0.0730021 -86.9057 0 0 0 1 
				6
				0.0653465 -0.0328157 -0.997323 0.000713508 -0.396685 -0.917945 0.00421229 0.0196012 -0.915626 0.395348 -0.073002 -87.6569 0 0 0 1 
				7
				0.065513 -0.0324823 -0.997323 0.000706399 -0.392001 -0.919955 0.0042123 0.0196456 -0.917629 0.390676 -0.0730021 -87.9132 0 0 0 1 
				8
				0.0652685 -0.0329704 -0.997323 0.000716767 -0.398859 -0.917002 0.00421229 0.0195818 -0.914686 0.397517 -0.0730019 -87.4696 0 0 0 1 
				9
				0.0646029 -0.0342565 -0.997323 0.000744212 -0.41694 -0.908924 0.00421228 0.0194093 -0.906635 0.415552 -0.073002 -86.3381 0 0 0 1 
				10
				0.0636192 -0.036051 -0.997323 0.000782544 -0.44221 -0.896902 0.00421239 0.0191514 -0.894652 0.440759 -0.0730023 -84.751 0 0 0 1 
				11
				0.062433 -0.0380685 -0.997323 0.00082573 -0.470689 -0.882289 0.0042122 0.0188409 -0.880088 0.469166 -0.0730023 -82.9402 0 0 0 1 
				12
				0.0611827 -0.0400473 -0.997323 0.000867931 -0.498686 -0.866773 0.00421225 0.0185092 -0.864621 0.497093 -0.0730025 -81.1306 0 0 0 1 
				13
				0.0600381 -0.0417434 -0.997323 0.000904216 -0.522744 -0.852479 0.00421209 0.0182037 -0.850373 0.521092 -0.0730023 -79.5468 0 0 0 1 
				14
				0.0591997 -0.0429241 -0.997323 0.000929503 -0.539523 -0.84196 0.00421206 0.0179793 -0.839887 0.537829 -0.0730023 -78.4211 0 0 0 1 
				15
				0.0588777 -0.043365 -0.997323 0.000938862 -0.545794 -0.837909 0.00421207 0.0178932 -0.835848 0.544085 -0.0730025 -77.9855 0 0 0 1 
				16
				0.0591997 -0.0429241 -0.997323 0.000929506 -0.539523 -0.84196 0.00421205 0.0179802 -0.839887 0.537829 -0.0730023 -78.381 0 0 0 1 
				17
				0.0600381 -0.0417434 -0.997323 0.000904149 -0.522744 -0.852479 0.00421209 0.0182036 -0.850373 0.521092 -0.0730023 -79.4609 0 0 0 1 
				18
				0.0611827 -0.0400472 -0.997323 0.000867904 -0.498686 -0.866773 0.00421213 0.01851 -0.864621 0.497093 -0.0730025 -80.9966 0 0 0 1 
				19
				0.062433 -0.0380685 -0.997323 0.00082573 -0.470689 -0.882289 0.0042122 0.0188409 -0.880088 0.469166 -0.0730023 -82.7593 0 0 0 1 
				20
				0.0636193 -0.0360509 -0.997323 0.000782648 -0.44221 -0.896902 0.00421226 0.0191524 -0.894652 0.440759 -0.0730023 -84.5278 0 0 0 1 
				21
				0.0646029 -0.0342565 -0.997323 0.000744204 -0.41694 -0.908924 0.00421229 0.0194092 -0.906635 0.415552 -0.073002 -86.0804 0 0 0 1 
				22
				0.0652685 -0.0329704 -0.997323 0.000716767 -0.39886 -0.917002 0.00421228 0.0195816 -0.914686 0.397517 -0.0730019 -87.1887 0 0 0 1 
				23
				0.065513 -0.0324823 -0.997323 0.000706399 -0.392001 -0.919955 0.0042123 0.0196456 -0.917629 0.390676 -0.0730021 -87.6238 0 0 0 1 
				24
				0.0653465 -0.0328157 -0.997323 0.000713402 -0.396685 -0.917945 0.00421228 0.019601 -0.915626 0.395348 -0.073002 -87.376 0 0 0 1 
				25
				0.0648811 -0.0337269 -0.997323 0.000732894 -0.40949 -0.912305 0.00421228 0.0194812 -0.910004 0.408121 -0.0730022 -86.648 0 0 0 1 
				26
				0.0641654 -0.0350698 -0.997323 0.000761708 -0.428386 -0.903586 0.00421227 0.0192949 -0.901315 0.426969 -0.0730024 -85.552 0 0 0 1 
				27
				0.0632485 -0.0366975 -0.997323 0.000796523 -0.45133 -0.892347 0.00421223 0.0190555 -0.890113 0.449855 -0.0730023 -84.2002 0 0 0 1 
				28
				0.0621856 -0.038471 -0.997323 0.00083425 -0.476379 -0.87923 0.00421216 0.0187759 -0.877038 0.474842 -0.0730022 -82.7012 0 0 0 1 
				29
				0.0610444 -0.0402574 -0.997323 0.000872558 -0.501666 -0.865051 0.00421214 0.0184718 -0.862905 0.500065 -0.0730022 -81.1636 0 0 0 1 
				30
				0.059909 -0.0419283 -0.997323 0.000908089 -0.525371 -0.850863 0.00421209 0.0181702 -0.848762 0.523712 -0.0730023 -79.6996 0 0 0 1 
				31
				0.0588777 -0.043365 -0.997323 0.000938862 -0.545794 -0.837909 0.00421207 0.0178932 -0.835848 0.544085 -0.0730025 -78.4214 0 0 0 1 
		</Joint>
			3
				-1
				0.0233719 -0.0637444 -0.997692 1.58213 -0.728775 -0.684234 0.0266448 -14.6125 -0.684354 0.726471 -0.0624472 -100.865 0 0 0 1 
				0
				0.0262209 -0.0619778 -0.997733 1.60974 -0.694837 -0.718683 0.026383 -14.0634 -0.718689 0.69257 -0.061909 -102.529 0 0 0 1 
				1
				0.0293499 -0.0598006 -0.997779 1.64012 -0.654085 -0.755972 0.0260682 -13.4263 -0.755852 0.651867 -0.0613023 -104.417 0 0 0 1 
				2
				0.03248 -0.0573416 -0.997826 1.67065 -0.609176 -0.792618 0.0257199 -12.7467 -0.79237 0.607017 -0.0606754 -106.381 0 0 0 1 
				3
				0.0353724 -0.0547807 -0.997872 1.69908 -0.5634 -0.825795 0.0253628 -12.0736 -0.825427 0.561303 -0.0600738 -108.277 0 0 0 1 
				4
				0.0378424 -0.052337 -0.997912 1.72359 -0.520485 -0.853504 0.0250257 -11.4571 -0.853032 0.518451 -0.0595392 -109.971 0 0 0 1 
				5
				0.0397491 -0.0502604 -0.997945 1.74272 -0.48452 -0.87443 0.0247408 -10.9495 -0.873877 0.482541 -0.05911 -111.334 0 0 0 1 
				6
				0.0409765 -0.0488231 -0.997966 1.75516 -0.459862 -0.887651 0.0245443 -10.6055 -0.887044 0.457921 -0.0588248 -112.235 0 0 0 1 
				7
				0.0414126 -0.0482918 -0.997974 1.75961 -0.45079 -0.892295 0.0244718 -10.4796 -0.891669 0.448863 -0.0587217 -112.545 0 0 0 1 
				8
				0.0407717 -0.0490687 -0.997963 1.75307 -0.464064 -0.88546 0.0245778 -10.6639 -0.884863 0.462117 -0.0588728 -112.023 0 0 0 1 
				9
				0.0390109 -0.0510855 -0.997932 1.73529 -0.498762 -0.866382 0.0248538 -11.1496 -0.86586 0.496761 -0.0592779 -110.676 0 0 0 1 
				10
				0.0363745 -0.0538202 -0.997888 1.70899 -0.546448 -0.837113 0.0252301 -11.8285 -0.836703 0.544376 -0.0598595 -108.768 0 0 0 1 
				11
				0.0331551 -0.0567704 -0.997836 1.67726 -0.598884 -0.800425 0.0256398 -12.5938 -0.800149 0.596738 -0.0605371 -106.568 0 0 0 1 
				12
				0.0297299 -0.0595181 -0.997785 1.64382 -0.648866 -0.760457 0.026028 -13.3462 -0.760322 0.646655 -0.0612276 -104.344 0 0 0 1 
				13
				0.026577 -0.0617431 -0.997738 1.61319 -0.69039 -0.722957 0.0263487 -13.9928 -0.722948 0.688129 -0.0618409 -102.379 0 0 0 1 
				14
				0.0242619 -0.0632131 -0.997705 1.59075 -0.718476 -0.695044 0.0265653 -14.4439 -0.695128 0.716183 -0.0622802 -100.973 0 0 0 1 
				15
				0.0233719 -0.0637444 -0.997692 1.58213 -0.728775 -0.684235 0.0266448 -14.6125 -0.684354 0.726471 -0.0624472 -100.429 0 0 0 1 
				16
				0.0242619 -0.0632132 -0.997705 1.59075 -0.718476 -0.695044 0.0265653 -14.4439 -0.695128 0.716183 -0.0622802 -100.932 0 0 0 1 
				17
				0.026577 -0.0617431 -0.997738 1.61319 -0.69039 -0.722957 0.0263487 -13.9928 -0.722948 0.688128 -0.0618409 -102.293 0 0 0 1 
				18
				0.02973 -0.059518 -0.997785 1.64382 -0.648866 -0.760457 0.0260278 -13.3462 -0.760322 0.646655 -0.0612276 -104.21 0 0 0 1 
				19
				0.0331551 -0.0567704 -0.997836 1.67726 -0.598884 -0.800425 0.0256398 -12.5938 -0.800149 0.596738 -0.0605371 -106.387 0 0 0 1 
				20
				0.0363746 -0.05382 -0.997888 1.70899 -0.546448 -0.837113 0.0252299 -11.8285 -0.836703 0.544376 -0.0598595 -108.545 0 0 0 1 
				21
				0.0390109 -0.0510855 -0.997932 1.73529 -0.498762 -0.866382 0.0248538 -11.1496 -0.86586 0.496761 -0.0592779 -110.418 0 0 0 1 
				22
				0.0407717 -0.0490687 -0.997963 1.75308 -0.464064 -0.88546 0.0245778 -10.6639 -0.884863 0.462117 -0.0588728 -111.742 0 0 0 1 
				23
				0.0414126 -0.0482918 -0.997974 1.75961 -0.45079 -0.892295 0.0244718 -10.4796 -0.891669 0.448863 -0.0587217 -112.256 0 0 0 1 
				24
				0.0409765 -0.0488232 -0.997967 1.75516 -0.459862 -0.887651 0.0245443 -10.6055 -0.887044 0.457922 -0.0588248 -111.954 0 0 0 1 
				25
				0.0397491 -0.0502604 -0.997945 1.74272 -0.48452 -0.87443 0.0247408 -10.9494 -0.873877 0.482541 -0.05911 -111.076 0 0 0 1 
				26
				0.0378424 -0.0523369 -0.997912 1.72359 -0.520484 -0.853504 0.0250256 -11.4571 -0.853032 0.518451 -0.0595392 -109.748 0 0 0 1 
				27
				0.0353724 -0.0547807 -0.997872 1.69908 -0.5634 -0.825795 0.0253628 -12.0736 -0.825427 0.561303 -0.0600738 -108.096 0 0 0 1 
				28
				0.03248 -0.0573416 -0.997826 1.67065 -0.609176 -0.792618 0.0257199 -12.7467 -0.792369 0.607017 -0.0606754 -106.247 0 0 0 1 
				29
				0.0293499 -0.0598006 -0.997779 1.64012 -0.654085 -0.755972 0.0260682 -13.4263 -0.755852 0.651867 -0.0613023 -104.331 0 0 0 1 
				30
				0.0262209 -0.0619778 -0.997733 1.60973 -0.694837 -0.718683 0.026383 -14.0634 -0.718689 0.69257 -0.061909 -102.489 0 0 0 1 
				31
				0.0233719 -0.0637444 -0.997692 1.58213 -0.728775 -0.684235 0.0266448 -14.6125 -0.684354 0.726471 -0.0624472 -100.865 0 0 0 1 
		</Joint>
			4
				-1
				0.0233719 -0.0637444 -0.997693 2.20956 -0.728775 -0.684235 0.0266448 -34.1639 -0.684354 0.726471 -0.0624472 -119.231 0 0 0 1 
				0
				0.0262209 -0.0619778 -0.997733 2.3136 -0.694837 -0.718683 0.026383 -32.7041 -0.718689 0.69257 -0.061909 -121.816 0 0 0 1 
				1
				0.0293499 -0.0598006 -0.997779 2.42794 -0.654085 -0.755972 0.0260682 -30.9733 -0.755852 0.651867 -0.0613024 -124.702 0 0 0 1 
				2
				0.03248 -0.0573416 -0.997826 2.54244 -0.609176 -0.792618 0.0257199 -29.0885 -0.79237 0.607017 -0.0606754 -127.645 0 0 0 1 
				3
				0.0353724 -0.0547807 -0.997872 2.64847 -0.5634 -0.825795 0.0253628 -27.1869 -0.825427 0.561304 -0.0600738 -130.428 0 0 0 1 
				4
				0.0378424 -0.052337 -0.997912 2.73925 -0.520485 -0.853504 0.0250257 -25.4188 -0.853032 0.518451 -0.0595392 -132.862 0 0 0 1 
				5
				0.0397491 -0.0502604 -0.997945 2.80953 -0.48452 -0.87443 0.0247408 -23.9461 -0.873877 0.482541 -0.05911 -134.784 0 0 0 1 
				6
				0.0409765 -0.0488231 -0.997966 2.8549 -0.459862 -0.887651 0.0245443 -22.9404 -0.887044 0.457921 -0.0588248 -136.039 0 0 0 1 
				7
				0.0414126 -0.0482918 -0.997974 2.87104 -0.45079 -0.892295 0.0244718 -22.5711 -0.891669 0.448863 -0.0587217 -136.473 0 0 0 1 
				8
				0.0407717 -0.0490687 -0.997963 2.84732 -0.464064 -0.88546 0.0245778 -23.1115 -0.884863 0.462117 -0.0588728 -135.768 0 0 0 1 
				9
				0.0390109 -0.0510855 -0.997932 2.78229 -0.498762 -0.866382 0.0248538 -24.5284 -0.86586 0.496761 -0.0592779 -133.911 0 0 0 1 
				10
				0.0363745 -0.0538202 -0.997888 2.68527 -0.546448 -0.837113 0.0252301 -26.487 -0.836703 0.544376 -0.0598595 -131.222 0 0 0 1 
				11
				0.0331551 -0.0567704 -0.997836 2.56717 -0.598884 -0.800425 0.0256398 -28.6594 -0.800149 0.596738 -0.0605371 -128.041 0 0 0 1 
				12
				0.0297299 -0.0595181 -0.997785 2.44183 -0.648866 -0.760457 0.026028 -30.7531 -0.760322 0.646655 -0.0612276 -124.749 0 0 0 1 
				13
				0.026577 -0.0617431 -0.997738 2.32661 -0.69039 -0.722957 0.0263487 -32.5141 -0.722948 0.688129 -0.0618409 -121.781 0 0 0 1 
				14
				0.0242619 -0.0632132 -0.997705 2.24206 -0.718476 -0.695044 0.0265653 -33.719 -0.695128 0.716183 -0.0622802 -119.628 0 0 0 1 
				15
				0.0233719 -0.0637444 -0.997692 2.20957 -0.728775 -0.684235 0.0266448 -34.1639 -0.684354 0.726471 -0.0624472 -118.795 0 0 0 1 
				16
				0.0242619 -0.0632132 -0.997705 2.24206 -0.718476 -0.695044 0.0265653 -33.7189 -0.695128 0.716183 -0.0622802 -119.588 0 0 0 1 
				17
				0.026577 -0.0617431 -0.997738 2.32661 -0.69039 -0.722957 0.0263487 -32.5142 -0.722948 0.688129 -0.0618409 -121.695 0 0 0 1 
				18
				0.02973 -0.059518 -0.997785 2.44183 -0.648866 -0.760457 0.0260278 -30.7531 -0.760322 0.646655 -0.0612276 -124.615 0 0 0 1 
				19
				0.0331551 -0.0567704 -0.997836 2.56717 -0.598884 -0.800425 0.0256398 -28.6594 -0.800149 0.596738 -0.0605371 -127.86 0 0 0 1 
				20
				0.0363746 -0.05382 -0.997888 2.68527 -0.546448 -0.837113 0.0252299 -26.487 -0.836703 0.544376 -0.0598595 -130.998 0 0 0 1 
				21
				0.0390109 -0.0510855 -0.997932 2.78229 -0.498762 -0.866382 0.0248538 -24.5284 -0.86586 0.496761 -0.0592779 -133.654 0 0 0 1 
				22
				0.0407717 -0.0490687 -0.997963 2.84732 -0.464064 -0.88546 0.0245778 -23.1115 -0.884863 0.462117 -0.0588728 -135.487 0 0 0 1 
				23
				0.0414126 -0.0482918 -0.997974 2.87104 -0.45079 -0.892295 0.0244718 -22.5711 -0.891669 0.448863 -0.0587217 -136.183 0 0 0 1 
				24
				0.0409765 -0.0488232 -0.997967 2.8549 -0.459862 -0.887651 0.0245443 -22.9404 -0.887044 0.457922 -0.0588248 -135.758 0 0 0 1 
				25
				0.0397491 -0.0502604 -0.997945 2.80953 -0.48452 -0.87443 0.0247408 -23.946 -0.873877 0.482541 -0.05911 -134.526 0 0 0 1 
				26
				0.0378424 -0.0523369 -0.997912 2.73925 -0.520484 -0.853504 0.0250256 -25.4188 -0.853032 0.518451 -0.0595392 -132.639 0 0 0 1 
				27
				0.0353724 -0.0547807 -0.997872 2.64847 -0.5634 -0.825795 0.0253628 -27.1869 -0.825427 0.561304 -0.0600738 -130.247 0 0 0 1 
				28
				0.03248 -0.0573416 -0.997826 2.54244 -0.609176 -0.792618 0.0257199 -29.0885 -0.792369 0.607017 -0.0606754 -127.511 0 0 0 1 
				29
				0.0293499 -0.0598006 -0.997779 2.42794 -0.654085 -0.755972 0.0260682 -30.9733 -0.755852 0.651867 -0.0613023 -124.616 0 0 0 1 
				30
				0.0262209 -0.0619778 -0.997733 2.3136 -0.694837 -0.718683 0.026383 -32.7041 -0.718689 0.69257 -0.061909 -121.776 0 0 0 1 
				31
				0.0233719 -0.0637444 -0.997692 2.20956 -0.728775 -0.684235 0.0266448 -34.1639 -0.684354 0.726471 -0.0624472 -119.231 0 0 0 1 
		</Joint>
			5
				-1
				0.997693 0.0637258 -0.0234198 5.09526 -0.0266468 0.684815 0.72823 -34.2443 0.0624453 -0.725926 0.684933 -119.047 0 0 0 1 
				0
				0.997733 0.0619569 -0.0262674 5.19943 -0.0263849 0.719236 0.694264 -32.7839 0.061907 -0.691997 0.719241 -121.634 0 0 0 1 
				1
				0.997779 0.0597772 -0.0293947 5.3139 -0.02607 0.756492 0.653483 -31.0524 0.0613002 -0.651265 0.756371 -124.521 0 0 0 1 
				2
				0.997826 0.0573157 -0.0325228 5.42856 -0.0257216 0.793103 0.608545 -29.1668 0.0606731 -0.606385 0.792853 -127.467 0 0 0 1 
				3
				0.997872 0.0547525 -0.0354133 5.53473 -0.0253644 0.826243 0.562742 -27.2643 0.0600715 -0.560646 0.825874 -130.251 0 0 0 1 
				4
				0.997912 0.0523069 -0.0378813 5.62563 -0.0250272 0.853919 0.519805 -25.4953 0.0595369 -0.517771 0.853445 -132.687 0 0 0 1 
				5
				0.997945 0.0502287 -0.0397864 5.69602 -0.0247421 0.874815 0.483824 -24.0219 0.0591076 -0.481845 0.874261 -134.611 0 0 0 1 
				6
				0.997967 0.0487905 -0.0410126 5.74146 -0.0245456 0.888017 0.459155 -23.0157 0.0588223 -0.457215 0.887409 -135.867 0 0 0 1 
				7
				0.997974 0.0482588 -0.0414482 5.75763 -0.024473 0.892653 0.450079 -22.6462 0.0587192 -0.448153 0.892026 -136.301 0 0 0 1 
				8
				0.997963 0.0490363 -0.040808 5.73387 -0.0245791 0.88583 0.463359 -23.1869 0.0588703 -0.461412 0.885231 -135.595 0 0 0 1 
				9
				0.997932 0.0510544 -0.0390488 5.66874 -0.0248552 0.866779 0.498072 -24.6045 0.0592755 -0.496072 0.866256 -133.738 0 0 0 1 
				10
				0.997888 0.0537912 -0.0364146 5.57158 -0.0252316 0.837548 0.545781 -26.564 0.0598572 -0.54371 0.837136 -131.046 0 0 0 1 
				11
				0.997837 0.056744 -0.0331975 5.45332 -0.0256415 0.800901 0.598247 -28.7374 0.0605349 -0.596101 0.800624 -127.863 0 0 0 1 
				12
				0.997785 0.0594944 -0.0297744 5.32781 -0.0260298 0.760974 0.64826 -30.8321 0.0612255 -0.646049 0.760837 -124.568 0 0 0 1 
				13
				0.997738 0.0617219 -0.0266234 5.21245 -0.0263506 0.723506 0.689814 -32.5939 0.0618389 -0.687553 0.723496 -121.599 0 0 0 1 
				14
				0.997705 0.0631938 -0.0243094 5.1278 -0.0265673 0.695616 0.717923 -33.7992 0.0622783 -0.715629 0.695699 -119.444 0 0 0 1 
				15
				0.997693 0.0637258 -0.0234198 5.09526 -0.0266468 0.684815 0.72823 -34.2443 0.0624453 -0.725926 0.684933 -118.611 0 0 0 1 
				16
				0.997705 0.0631938 -0.0243094 5.1278 -0.0265673 0.695616 0.717922 -33.7991 0.0622783 -0.715629 0.695698 -119.404 0 0 0 1 
				17
				0.997738 0.0617219 -0.0266234 5.21245 -0.0263506 0.723506 0.689814 -32.5939 0.0618389 -0.687553 0.723496 -121.513 0 0 0 1 
				18
				0.997785 0.0594943 -0.0297745 5.32782 -0.0260297 0.760974 0.64826 -30.8321 0.0612255 -0.646049 0.760837 -124.434 0 0 0 1 
				19
				0.997837 0.056744 -0.0331975 5.45332 -0.0256415 0.800901 0.598247 -28.7374 0.0605349 -0.596101 0.800624 -127.682 0 0 0 1 
				20
				0.997888 0.0537911 -0.0364146 5.57158 -0.0252315 0.837548 0.545781 -26.564 0.0598571 -0.54371 0.837136 -130.823 0 0 0 1 
				21
				0.997932 0.0510544 -0.0390488 5.66874 -0.0248552 0.866779 0.498072 -24.6045 0.0592755 -0.496072 0.866256 -133.48 0 0 0 1 
				22
				0.997963 0.0490363 -0.040808 5.73387 -0.0245791 0.88583 0.463359 -23.1869 0.0588703 -0.461412 0.885231 -135.314 0 0 0 1 
				23
				0.997974 0.0482588 -0.0414482 5.75763 -0.024473 0.892653 0.450079 -22.6462 0.0587192 -0.448153 0.892026 -136.011 0 0 0 1 
				24
				0.997967 0.0487905 -0.0410126 5.74146 -0.0245456 0.888017 0.459155 -23.0157 0.0588223 -0.457215 0.887409 -135.586 0 0 0 1 
				25
				0.997945 0.0502287 -0.0397864 5.69602 -0.0247421 0.874816 0.483824 -24.0218 0.0591076 -0.481845 0.874261 -134.353 0 0 0 1 
				26
				0.997912 0.0523067 -0.0378813 5.62564 -0.0250271 0.853918 0.519805 -25.4953 0.0595368 -0.517771 0.853445 -132.464 0 0 0 1 
				27
				0.997872 0.0547525 -0.0354133 5.53473 -0.0253644 0.826243 0.562742 -27.2643 0.0600715 -0.560646 0.825874 -130.07 0 0 0 1 
				28
				0.997826 0.0573158 -0.0325228 5.42856 -0.0257216 0.793102 0.608545 -29.1668 0.0606732 -0.606385 0.792853 -127.333 0 0 0 1 
				29
				0.997779 0.0597772 -0.0293947 5.3139 -0.02607 0.756492 0.653483 -31.0523 0.0613002 -0.651265 0.756371 -124.435 0 0 0 1 
				30
				0.997733 0.0619569 -0.0262674 5.19943 -0.0263849 0.719236 0.694264 -32.7839 0.0619069 -0.691997 0.719241 -121.594 0 0 0 1 
				31
				0.997693 0.0637258 -0.0234198 5.09526 -0.0266468 0.684815 0.72823 -34.2443 0.0624453 -0.725926 0.684933 -119.047 0 0 0 1 
		</Joint>
			6
				-1
				-0.0870739 -0.634357 -0.768121 18.5357 -0.877617 0.413696 -0.242167 -34.6033 0.471389 0.653029 -0.592744 -118.206 0 0 0 1 
				0
				-0.098273 -0.634404 -0.766729 18.6404 -0.880645 0.414262 -0.229893 -33.1393 0.463472 0.652624 -0.599396 -120.8 0 0 0 1 
				1
				-0.111041 -0.634443 -0.764952 18.7555 -0.883893 0.414916 -0.21582 -31.4036 0.454316 0.652171 -0.606852 -123.695 0 0 0 1 
				2
				-0.124407 -0.634474 -0.762867 18.8708 -0.887058 0.415606 -0.200998 -29.5133 0.44458 0.651702 -0.614519 -126.649 0 0 0 1 
				3
				-0.137409 -0.63449 -0.760619 18.9776 -0.889903 0.416286 -0.186491 -27.606 0.434961 0.651251 -0.621836 -129.442 0 0 0 1 
				4
				-0.149124 -0.634496 -0.758404 19.069 -0.892268 0.416904 -0.173344 -25.8325 0.426168 0.650851 -0.628311 -131.885 0 0 0 1 
				5
				-0.15864 -0.634499 -0.756469 19.1398 -0.894051 0.417408 -0.162614 -24.3552 0.418934 0.650525 -0.633492 -133.815 0 0 0 1 
				6
				-0.165025 -0.634497 -0.755103 19.1856 -0.895177 0.417748 -0.155388 -23.3463 0.414035 0.650308 -0.636926 -135.074 0 0 0 1 
				7
				-0.167347 -0.634494 -0.754594 19.2018 -0.895572 0.417873 -0.152752 -22.9759 0.412245 0.650231 -0.638165 -135.51 0 0 0 1 
				8
				-0.163944 -0.634501 -0.755335 19.1779 -0.89499 0.417689 -0.156613 -23.518 0.414867 0.650342 -0.63635 -134.802 0 0 0 1 
				9
				-0.154902 -0.634502 -0.75724 19.1124 -0.893366 0.417208 -0.166836 -24.9393 0.421784 0.650649 -0.631469 -132.939 0 0 0 1 
				10
				-0.142088 -0.634494 -0.759756 19.0146 -0.89087 0.416532 -0.181249 -26.9039 0.431464 0.65109 -0.624436 -130.24 0 0 0 1 
				11
				-0.127382 -0.634476 -0.762374 18.8957 -0.887728 0.415762 -0.197686 -29.0829 0.442393 0.651599 -0.616203 -127.047 0 0 0 1 
				12
				-0.112629 -0.634444 -0.76472 18.7695 -0.884282 0.414999 -0.214062 -31.1828 0.453168 0.652118 -0.607768 -123.744 0 0 0 1 
				13
				-0.0996989 -0.634408 -0.766542 18.6535 -0.881019 0.414335 -0.228325 -32.9488 0.462457 0.652574 -0.600234 -120.766 0 0 0 1 
				14
				-0.0905319 -0.634375 -0.767706 18.5684 -0.87857 0.413869 -0.238385 -34.1571 0.468955 0.652902 -0.594811 -118.605 0 0 0 1 
				15
				-0.0870739 -0.634357 -0.768121 18.5357 -0.877617 0.413696 -0.242167 -34.6033 0.471389 0.653029 -0.592744 -117.77 0 0 0 1 
				16
				-0.0905319 -0.634375 -0.767706 18.5684 -0.87857 0.413869 -0.238385 -34.1571 0.468955 0.652902 -0.594811 -118.565 0 0 0 1 
				17
				-0.0996989 -0.634408 -0.766542 18.6535 -0.881019 0.414335 -0.228325 -32.9489 0.462456 0.652574 -0.600234 -120.68 0 0 0 1 
				18
				-0.112629 -0.634444 -0.76472 18.7695 -0.884281 0.414999 -0.214062 -31.1828 0.453168 0.652118 -0.607768 -123.61 0 0 0 1 
				19
				-0.127382 -0.634476 -0.762374 18.8957 -0.887728 0.415762 -0.197686 -29.0829 0.442393 0.651599 -0.616203 -126.866 0 0 0 1 
				20
				-0.142088 -0.634493 -0.759756 19.0146 -0.89087 0.416532 -0.181249 -26.9039 0.431464 0.65109 -0.624436 -130.016 0 0 0 1 
				21
				-0.154902 -0.634502 -0.75724 19.1124 -0.893366 0.417208 -0.166836 -24.9393 0.421784 0.650649 -0.631469 -132.681 0 0 0 1 
				22
				-0.163944 -0.634501 -0.755335 19.1779 -0.89499 0.417689 -0.156613 -23.518 0.414867 0.650342 -0.63635 -134.521 0 0 0 1 
				23
				-0.167347 -0.634494 -0.754594 19.2018 -0.895572 0.417873 -0.152752 -22.9759 0.412245 0.650231 -0.638165 -135.22 0 0 0 1 
				24
				-0.165025 -0.634498 -0.755103 19.1856 -0.895177 0.417748 -0.155388 -23.3463 0.414035 0.650308 -0.636926 -134.793 0 0 0 1 
				25
				-0.15864 -0.634499 -0.756469 19.1398 -0.894051 0.417407 -0.162614 -24.3552 0.418934 0.650525 -0.633492 -133.557 0 0 0 1 
				26
				-0.149124 -0.634496 -0.758404 19.069 -0.892269 0.416903 -0.173344 -25.8325 0.426167 0.650851 -0.628311 -131.662 0 0 0 1 
				27
				-0.137409 -0.63449 -0.760619 18.9776 -0.889903 0.416286 -0.186491 -27.606 0.434961 0.651251 -0.621836 -129.261 0 0 0 1 
				28
				-0.124407 -0.634473 -0.762867 18.8708 -0.887057 0.415606 -0.200998 -29.5133 0.44458 0.651701 -0.614519 -126.515 0 0 0 1 
				29
				-0.111041 -0.634443 -0.764952 18.7555 -0.883893 0.414916 -0.21582 -31.4035 0.454316 0.652171 -0.606852 -123.61 0 0 0 1 
				30
				-0.0982729 -0.634404 -0.766729 18.6404 -0.880645 0.414262 -0.229893 -33.1393 0.463472 0.652624 -0.599396 -120.76 0 0 0 1 
				31
				-0.0870739 -0.634357 -0.768121 18.5357 -0.877617 0.413696 -0.242167 -34.6033 0.471389 0.653029 -0.592744 -118.206 0 0 0 1 
		</Joint>
			7
				-1
				-0.085377 -0.634588 -0.768121 16.1184 -0.87872 0.411348 -0.242167 -58.9675 0.469641 0.654288 -0.592744 -105.119 0 0 0 1 
				0
				-0.0965759 -0.634665 -0.766729 15.9122 -0.88175 0.411905 -0.229893 -57.5876 0.461725 0.653861 -0.599396 -107.933 0 0 0 1 
				1
				-0.109344 -0.634738 -0.764952 15.6728 -0.885 0.41255 -0.21582 -55.942 0.45257 0.653384 -0.606852 -111.083 0 0 0 1 
				2
				-0.12271 -0.634804 -0.762867 15.417 -0.888166 0.413233 -0.200998 -54.1395 0.442836 0.652888 -0.614519 -114.307 0 0 0 1 
				3
				-0.135712 -0.634856 -0.760619 15.1628 -0.891013 0.413904 -0.186491 -52.3113 0.433218 0.652412 -0.621836 -117.367 0 0 0 1 
				4
				-0.147426 -0.634892 -0.758404 14.9291 -0.89338 0.414516 -0.173344 -50.6034 0.424425 0.651988 -0.628311 -120.054 0 0 0 1 
				5
				-0.156942 -0.634921 -0.756469 14.7357 -0.895164 0.415015 -0.162614 -49.1756 0.417193 0.651643 -0.633492 -122.184 0 0 0 1 
				6
				-0.163327 -0.634936 -0.755103 14.6042 -0.896291 0.415352 -0.155388 -48.198 0.412295 0.651413 -0.636926 -123.58 0 0 0 1 
				7
				-0.16565 -0.634939 -0.754594 14.556 -0.896686 0.415476 -0.152752 -47.8385 0.410504 0.651331 -0.638165 -124.065 0 0 0 1 
				8
				-0.162247 -0.634937 -0.755335 14.6265 -0.896104 0.415294 -0.156613 -48.3645 0.413126 0.651449 -0.63635 -123.285 0 0 0 1 
				9
				-0.153205 -0.634914 -0.75724 14.812 -0.894478 0.414817 -0.166836 -49.7407 0.420043 0.651775 -0.631469 -121.23 0 0 0 1 
				10
				-0.140391 -0.634871 -0.759756 15.07 -0.891981 0.414148 -0.181249 -51.6361 0.429721 0.652242 -0.624436 -118.261 0 0 0 1 
				11
				-0.125684 -0.634815 -0.762374 15.3593 -0.888837 0.413386 -0.197686 -53.7278 0.440649 0.65278 -0.616203 -114.766 0 0 0 1 
				12
				-0.110932 -0.634743 -0.76472 15.6427 -0.885389 0.412632 -0.214062 -55.732 0.451422 0.653328 -0.607768 -111.163 0 0 0 1 
				13
				-0.0980018 -0.634672 -0.766542 15.8857 -0.882124 0.411977 -0.228325 -57.4075 0.46071 0.653809 -0.600234 -107.927 0 0 0 1 
				14
				-0.0888348 -0.634615 -0.767706 16.0551 -0.879674 0.411518 -0.238385 -58.5477 0.467207 0.654154 -0.594811 -105.586 0 0 0 1 
				15
				-0.085377 -0.634587 -0.768121 16.1184 -0.87872 0.411347 -0.242167 -58.9675 0.469641 0.654288 -0.592744 -104.683 0 0 0 1 
				16
				-0.0888349 -0.634615 -0.767706 16.0551 -0.879674 0.411517 -0.238385 -58.5477 0.467207 0.654154 -0.594812 -105.546 0 0 0 1 
				17
				-0.098002 -0.634672 -0.766542 15.8857 -0.882124 0.411977 -0.228325 -57.4075 0.46071 0.653809 -0.600234 -107.841 0 0 0 1 
				18
				-0.110932 -0.634743 -0.76472 15.6427 -0.885388 0.412632 -0.214062 -55.732 0.451422 0.653327 -0.607768 -111.029 0 0 0 1 
				19
				-0.125684 -0.634815 -0.762374 15.3593 -0.888837 0.413386 -0.197686 -53.7278 0.440649 0.65278 -0.616203 -114.585 0 0 0 1 
				20
				-0.140391 -0.634871 -0.759756 15.07 -0.891981 0.414148 -0.181249 -51.636 0.429721 0.652242 -0.624436 -118.038 0 0 0 1 
				21
				-0.153205 -0.634914 -0.75724 14.812 -0.894479 0.414817 -0.166836 -49.7407 0.420043 0.651775 -0.631469 -120.972 0 0 0 1 
				22
				-0.162247 -0.634937 -0.755335 14.6265 -0.896104 0.415294 -0.156613 -48.3645 0.413126 0.651449 -0.63635 -123.004 0 0 0 1 
				23
				-0.16565 -0.634939 -0.754594 14.556 -0.896686 0.415476 -0.152752 -47.8385 0.410504 0.651331 -0.638165 -123.776 0 0 0 1 
				24
				-0.163327 -0.634937 -0.755103 14.6042 -0.896291 0.415352 -0.155388 -48.198 0.412295 0.651413 -0.636926 -123.299 0 0 0 1 
				25
				-0.156942 -0.634921 -0.756469 14.7357 -0.895164 0.415015 -0.162614 -49.1756 0.417193 0.651643 -0.633492 -121.927 0 0 0 1 
				26
				-0.147427 -0.634892 -0.758404 14.9291 -0.89338 0.414516 -0.173344 -50.6034 0.424425 0.651988 -0.628311 -119.831 0 0 0 1 
				27
				-0.135712 -0.634856 -0.760619 15.1628 -0.891013 0.413904 -0.186491 -52.3112 0.433218 0.652412 -0.621836 -117.186 0 0 0 1 
				28
				-0.12271 -0.634804 -0.762867 15.417 -0.888166 0.413233 -0.200998 -54.1395 0.442836 0.652888 -0.614519 -114.173 0 0 0 1 
				29
				-0.109344 -0.634738 -0.764952 15.6728 -0.885 0.41255 -0.21582 -55.942 0.45257 0.653384 -0.606852 -110.997 0 0 0 1 
				30
				-0.0965758 -0.634665 -0.766729 15.9122 -0.88175 0.411905 -0.229894 -57.5876 0.461725 0.653861 -0.599396 -107.893 0 0 0 1 
				31
				-0.085377 -0.634587 -0.768121 16.1184 -0.87872 0.411347 -0.242167 -58.9675 0.469641 0.654288 -0.592744 -105.119 0 0 0 1 
		</Joint>
			8
				-1
				0.105559 -0.414699 -0.903815 13.7481 -0.889237 0.367458 -0.272458 -83.3623 0.445102 0.832466 -0.329977 -92.0811 0 0 0 1 
				0
				0.0943992 -0.4163 -0.904314 13.231 -0.893879 0.36444 -0.26108 -82.0665 0.438256 0.832993 -0.337719 -95.1149 0 0 0 1 
				1
				0.0816483 -0.41816 -0.904697 12.6372 -0.898984 0.361009 -0.247995 -80.5111 0.430305 0.833556 -0.346443 -98.5187 0 0 0 1 
				2
				0.0682702 -0.420156 -0.90488 12.0104 -0.904108 0.357425 -0.234172 -78.7966 0.421815 0.834096 -0.355465 -102.013 0 0 0 1 
				3
				0.0552261 -0.422145 -0.904845 11.3953 -0.908877 0.353945 -0.220601 -77.0474 0.413391 0.834576 -0.364131 -105.34 0 0 0 1 
				4
				0.0434473 -0.423976 -0.904631 10.8363 -0.91299 0.350818 -0.208268 -75.4052 0.405661 0.834968 -0.371844 -108.271 0 0 0 1 
				5
				0.0338618 -0.425499 -0.904325 10.3788 -0.916202 0.34828 -0.198178 -74.0269 0.399283 0.835255 -0.37805 -110.602 0 0 0 1 
				6
				0.0274208 -0.426535 -0.904055 10.07 -0.918291 0.34658 -0.19137 -73.0806 0.394954 0.835434 -0.38218 -112.134 0 0 0 1 
				7
				0.0250757 -0.426912 -0.903945 9.95728 -0.919039 0.345963 -0.188885 -72.7321 0.393368 0.835497 -0.383674 -112.669 0 0 0 1 
				8
				0.0285109 -0.426362 -0.904103 10.1223 -0.917941 0.346868 -0.192525 -73.2419 0.39569 0.835403 -0.381486 -111.816 0 0 0 1 
				9
				0.0376285 -0.424902 -0.904457 10.5588 -0.914954 0.349276 -0.202151 -74.573 0.401799 0.835143 -0.375623 -109.569 0 0 0 1 
				10
				0.0505241 -0.422872 -0.90478 11.1725 -0.910541 0.352696 -0.215687 -76.399 0.41032 0.834736 -0.367222 -106.332 0 0 0 1 
				11
				0.0652887 -0.420605 -0.904891 11.8701 -0.905218 0.356628 -0.231077 -78.4034 0.419902 0.834211 -0.357455 -102.532 0 0 0 1 
				12
				0.0800605 -0.41839 -0.904732 12.563 -0.899605 0.360583 -0.246357 -80.3119 0.429305 0.833625 -0.347517 -98.6306 0 0 0 1 
				13
				0.0929767 -0.416503 -0.904367 13.165 -0.89446 0.364057 -0.259623 -81.8968 0.437375 0.833059 -0.338697 -95.1369 0 0 0 1 
				14
				0.102116 -0.415193 -0.903984 13.5888 -0.890687 0.366524 -0.268956 -82.969 0.443001 0.832631 -0.332379 -92.616 0 0 0 1 
				15
				0.105559 -0.414699 -0.903815 13.7482 -0.889236 0.367458 -0.272458 -83.3623 0.445102 0.832466 -0.329977 -91.6452 0 0 0 1 
				16
				0.102116 -0.415194 -0.903984 13.5888 -0.890687 0.366524 -0.268956 -82.969 0.443001 0.832631 -0.332379 -92.5758 0 0 0 1 
				17
				0.0929765 -0.416504 -0.904367 13.165 -0.89446 0.364057 -0.259623 -81.8968 0.437376 0.833059 -0.338697 -95.051 0 0 0 1 
				18
				0.0800604 -0.41839 -0.904732 12.563 -0.899604 0.360584 -0.246357 -80.3119 0.429305 0.833624 -0.347517 -98.4966 0 0 0 1 
				19
				0.0652887 -0.420605 -0.904891 11.8701 -0.905218 0.356628 -0.231077 -78.4034 0.419902 0.834211 -0.357455 -102.351 0 0 0 1 
				20
				0.0505245 -0.422871 -0.90478 11.1725 -0.910541 0.352696 -0.215687 -76.399 0.41032 0.834736 -0.367222 -106.108 0 0 0 1 
				21
				0.0376287 -0.424902 -0.904457 10.5588 -0.914954 0.349276 -0.202151 -74.573 0.401799 0.835143 -0.375623 -109.311 0 0 0 1 
				22
				0.0285109 -0.426362 -0.904103 10.1223 -0.917941 0.346868 -0.192525 -73.2419 0.395689 0.835403 -0.381486 -111.535 0 0 0 1 
				23
				0.0250757 -0.426912 -0.903945 9.95727 -0.919039 0.345963 -0.188885 -72.7321 0.393368 0.835497 -0.383674 -112.379 0 0 0 1 
				24
				0.0274205 -0.426535 -0.904055 10.0699 -0.918292 0.34658 -0.19137 -73.0806 0.394954 0.835434 -0.38218 -111.853 0 0 0 1 
				25
				0.0338617 -0.425499 -0.904325 10.3787 -0.916202 0.34828 -0.198178 -74.0269 0.399283 0.835255 -0.37805 -110.345 0 0 0 1 
				26
